12
10
44 48 2 8 48 24 16 8 7 31
27 31 44 32 33 7 14 13 43 49
17 23 2 23 42 47 18 29 46 45
39 19 37 19 39 2 8 29 9 43
1 1 50 32 10 16 45 49 32 5
48 14 23 14 13 19 11 43 19 9
1 46 3 36 49 2 34 46 15 9
7 23 46 4 48 30 43 16 30 5
37 44 35 8 2 42 2 42 24 20
46 10 8 6 44 50 15 50 6 8
33 44 28 16 26 28 33 8 30 50
7 4 18 47 45 2 10 37 24 19
0 3 3 6 5 7 7 7 9 5 5 3 3 3
3 0 2 5 4 6 7 7 10 5 5 4 5 4
3 2 0 5 4 6 6 6 9 5 4 4 5 4
6 5 5 0 4 4 5 6 9 5 5 7 8 8
5 4 4 4 0 3 4 4 7 3 3 5 6 7
7 6 6 4 3 0 2 3 7 4 3 6 8 8
7 7 6 5 4 2 0 3 6 4 4 6 8 9
7 7 6 6 4 3 3 0 5 3 3 6 7 8
9 10 9 9 7 7 6 5 0 6 6 8 9 10
5 5 5 5 3 4 4 3 6 0 2 4 6 7
5 5 4 5 3 3 4 3 6 2 0 4 6 6
3 4 4 7 5 6 6 6 8 4 4 0 3 4
3 5 5 8 6 8 8 7 9 6 6 3 0 3
3 4 4 8 7 8 9 8 10 7 6 4 3 0
