12
30
46 32 7 2 37 9 28 49 42 49 24 22 3 45 40 3 36 30 37 45 3 5 28 28 22 20 22 23 35 17
29 17 35 41 20 8 48 42 15 42 41 39 23 3 39 35 39 14 13 24 43 14 49 5 23 24 32 43 32 43
38 6 43 27 47 20 25 32 50 29 47 17 44 40 4 19 32 33 28 45 38 8 21 37 45 1 26 33 26 32
20 19 27 27 29 4 15 13 29 22 37 38 6 24 35 48 44 10 35 16 36 24 22 23 22 24 13 47 2 7
44 1 31 27 29 28 2 46 17 33 36 39 28 44 37 4 29 34 48 49 17 47 8 7 49 16 8 2 21 20
36 49 8 16 40 36 5 23 31 37 28 36 36 40 36 35 15 18 1 36 18 36 10 22 19 11 22 5 30 34
12 22 45 2 44 50 1 25 39 1 37 30 50 47 44 6 49 2 16 45 34 31 45 8 23 36 7 27 44 45
6 35 4 5 19 1 36 3 26 30 24 9 45 41 8 23 20 14 21 25 36 22 7 48 49 17 2 32 38 4
21 13 40 50 44 3 26 43 42 7 16 19 14 17 18 32 33 1 34 20 47 24 33 18 47 20 49 50 18 44
3 38 19 27 17 30 4 42 4 44 31 9 2 46 43 30 18 49 33 28 14 4 40 16 32 9 30 6 12 22
10 17 17 45 36 21 18 8 29 41 25 45 30 48 49 7 28 36 43 23 23 17 2 12 41 42 6 44 33 48
5 47 12 45 17 18 38 32 34 3 19 11 1 30 4 26 20 44 40 20 27 48 19 26 20 11 2 32 16 27
0 4 5 6 7 5 5 5 4 6 8 8 6 4
4 0 3 3 5 4 4 5 5 7 8 9 8 6
5 3 0 3 4 4 5 5 6 8 9 9 9 7
6 3 3 0 3 4 4 5 7 8 9 9 10 8
7 5 4 3 0 4 5 5 7 8 9 9 10 9
5 4 4 4 4 0 2 3 5 6 6 7 8 6
5 4 5 4 5 2 0 2 4 5 6 7 7 6
5 5 5 5 5 3 2 0 4 5 5 6 7 6
4 5 6 7 7 5 4 4 0 3 5 5 5 4
6 7 8 8 8 6 5 5 3 0 3 4 4 5
8 8 9 9 9 6 6 5 5 3 0 2 6 7
8 9 9 9 9 7 7 6 5 4 2 0 6 7
6 8 9 10 10 8 7 7 5 4 6 6 0 4
4 6 7 8 9 6 6 6 4 5 7 7 4 0
