12
30
13 2 36 5 3 26 44 40 23 31 15 37 23 11 29 46 43 20 6 33 15 17 16 15 1 47 45 31 22 15
39 19 27 38 26 15 24 45 26 18 25 13 6 8 20 13 4 24 7 33 4 2 18 10 17 11 42 44 36 20
34 1 27 31 12 30 3 46 6 33 10 18 21 19 39 41 32 24 33 10 29 16 3 17 11 25 6 44 31 19
45 44 5 34 22 26 12 31 39 34 6 42 16 41 41 39 38 36 1 34 50 16 1 27 1 38 29 31 22 35
50 21 10 15 4 21 25 21 24 35 27 17 49 20 39 27 2 47 6 17 43 4 8 4 19 29 5 43 49 39
36 30 15 49 44 39 14 27 11 50 10 50 19 7 7 47 11 49 26 34 7 14 35 19 23 30 16 19 13 33
34 33 37 24 31 35 41 23 40 36 7 8 48 34 32 30 18 48 48 24 31 19 29 11 27 9 49 3 27 16
41 35 41 35 42 35 15 15 47 49 23 11 28 28 25 7 20 32 41 18 1 19 41 14 47 39 48 48 32 39
37 30 21 33 13 23 38 14 41 16 3 17 9 28 36 16 15 45 36 45 16 36 2 29 22 22 7 32 21 40
6 42 12 39 46 37 11 35 10 15 2 45 28 43 50 41 1 44 32 5 22 45 22 42 17 17 36 13 38 37
19 23 13 43 24 14 43 50 43 29 22 42 16 22 46 25 29 42 46 49 11 38 5 44 40 38 20 17 39 29
3 11 6 19 25 25 27 18 37 4 41 4 25 37 4 33 49 1 50 43 15 4 49 19 37 5 41 36 41 47
0 4 4 5 5 7 9 8 10 10 10 7 6 3
4 0 3 3 4 5 8 7 9 10 10 7 6 5
4 3 0 2 3 4 6 6 8 9 9 6 4 4
5 3 2 0 2 4 6 6 8 9 9 6 5 5
5 4 3 2 0 3 6 6 8 9 9 7 5 6
7 5 4 4 3 0 4 5 7 8 8 7 5 7
9 8 6 6 6 4 0 3 5 5 6 6 5 8
8 7 6 6 6 5 3 0 4 4 5 4 4 7
10 9 8 8 8 7 5 4 0 2 3 5 5 9
10 10 9 9 9 8 5 4 2 0 3 5 6 9
10 10 9 9 9 8 6 5 3 3 0 5 6 9
7 7 6 6 7 7 6 4 5 5 5 0 3 5
6 6 4 5 5 5 5 4 5 6 6 3 0 5
3 5 4 5 6 7 8 7 9 9 9 5 5 0
