12
10
27 4 21 40 20 48 47 35 26 39
34 31 24 12 36 22 40 33 3 46
49 14 4 26 31 34 40 28 30 23
47 45 11 6 21 45 10 28 35 28
41 16 30 40 11 6 24 39 36 35
43 40 6 18 1 48 19 3 28 44
46 42 11 44 44 48 19 4 49 13
22 49 16 1 43 9 33 28 8 14
12 13 17 10 23 48 30 9 40 38
47 43 29 21 36 35 45 27 28 27
26 13 20 11 35 42 7 36 17 12
7 24 15 44 35 35 21 6 2 19
0 3 3 3 4 6 7 7 7 8 9 6 5 4
3 0 3 3 3 6 6 6 6 7 8 6 5 5
3 3 0 2 3 5 6 6 6 8 9 7 6 5
3 3 2 0 4 5 6 5 6 8 9 7 7 6
4 3 3 4 0 4 5 5 5 6 7 7 7 6
6 6 5 5 4 0 3 2 4 6 8 9 9 8
7 6 6 6 5 3 0 2 5 6 9 10 10 9
7 6 6 5 5 2 2 0 4 6 8 10 10 9
7 6 6 6 5 4 5 4 0 3 5 9 10 9
8 7 8 8 6 6 6 6 3 0 4 9 10 9
9 8 9 9 7 8 9 8 5 4 0 9 10 9
6 6 7 7 7 9 10 10 9 9 9 0 3 3
5 5 6 7 7 9 10 10 10 10 10 3 0 2
4 5 5 6 6 8 9 9 9 9 9 3 2 0
