12
20
37 43 32 26 10 10 42 15 47 41 37 18 42 47 46 35 16 18 11 50
23 8 11 5 39 15 11 1 26 9 29 3 50 47 6 7 9 36 24 22
1 2 3 48 39 38 50 20 18 43 29 1 32 17 39 45 4 11 8 13
12 12 15 38 49 47 23 18 31 14 42 17 27 24 4 1 18 6 44 44
34 25 1 32 14 19 50 25 50 11 2 16 22 25 15 28 17 32 14 46
36 22 16 49 11 17 20 42 38 27 37 3 50 9 31 44 5 43 19 35
22 32 11 27 16 39 24 20 12 37 24 8 16 12 36 27 35 41 24 33
10 44 50 40 43 10 19 14 11 39 30 22 10 38 26 11 6 43 41 21
39 25 32 33 31 22 46 28 20 9 41 41 50 34 42 19 7 43 40 15
31 50 30 14 12 16 32 2 6 45 3 22 1 41 16 45 34 23 5 9
36 17 24 36 27 45 39 1 19 23 37 41 2 35 9 9 39 42 42 20
43 9 30 48 2 1 32 36 43 4 22 8 38 28 42 25 49 15 30 48
0 3 5 6 4 3 6 6 6 6 6 6 5 4
3 0 3 4 4 4 5 6 6 7 7 8 6 6
5 3 0 3 5 5 6 7 7 8 8 10 8 7
6 4 3 0 5 6 6 6 8 9 9 10 9 8
4 4 5 5 0 3 3 4 4 5 6 7 6 6
3 4 5 6 3 0 4 5 4 5 5 6 5 5
6 5 6 6 3 4 0 2 3 5 5 7 6 7
6 6 7 6 4 5 2 0 4 5 5 8 7 8
6 6 7 8 4 4 3 4 0 3 3 6 5 6
6 7 8 9 5 5 5 5 3 0 2 4 4 5
6 7 8 9 6 5 5 5 3 2 0 4 4 5
6 8 10 10 7 6 7 8 6 4 4 0 3 5
5 6 8 9 6 5 6 7 5 4 4 3 0 3
4 6 7 8 6 5 7 8 6 5 5 5 3 0
