12
10
49 12 19 1 44 49 6 4 34 9
37 1 10 38 42 37 2 21 42 9
25 1 27 41 36 4 36 30 14 6
10 22 49 14 15 5 11 21 25 28
10 21 38 43 17 45 26 29 37 43
36 16 16 49 35 25 42 38 36 49
4 26 40 31 27 14 11 45 18 31
22 24 33 32 31 11 50 21 9 34
43 26 5 23 36 37 31 34 33 20
46 39 9 5 48 47 23 32 4 42
37 46 42 37 43 28 32 22 2 26
27 25 37 46 31 15 17 3 5 44
0 2 3 4 6 5 6 7 7 9 10 10 7 5
2 0 3 4 5 5 5 6 7 8 10 9 7 5
3 3 0 3 5 5 5 7 7 8 10 10 8 6
4 4 3 0 3 4 4 6 6 7 10 10 8 7
6 5 5 3 0 3 3 6 5 6 10 10 9 8
5 5 5 4 3 0 2 4 4 5 8 8 8 7
6 5 5 4 3 2 0 4 4 5 8 8 8 7
7 6 7 6 6 4 4 0 3 4 6 6 6 7
7 7 7 6 5 4 4 3 0 3 6 6 7 8
9 8 8 7 6 5 5 4 3 0 6 7 8 9
10 10 10 10 10 8 8 6 6 6 0 2 5 8
10 9 10 10 10 8 8 6 6 7 2 0 5 8
7 7 8 8 9 8 8 6 7 8 5 5 0 5
5 5 6 7 8 7 7 7 8 9 8 8 5 0
