12
10
34 47 38 36 25 42 24 22 21 6
44 34 50 27 18 13 2 8 41 9
27 1 2 16 17 32 39 6 11 27
1 7 24 23 31 46 24 14 2 44
24 40 34 26 32 23 2 10 4 38
28 4 29 48 30 35 45 4 16 25
31 6 14 22 7 29 29 13 26 39
21 10 31 48 1 37 44 9 20 8
10 38 17 32 13 12 21 24 15 23
18 23 29 27 46 15 21 44 25 39
23 13 4 14 4 44 36 6 36 18
40 2 11 46 8 49 19 41 34 19
0 6 7 8 8 9 10 9 9 8 8 7 8 5
6 0 2 3 3 4 5 7 8 7 8 8 9 8
7 2 0 3 2 3 5 7 8 8 9 9 9 9
8 3 3 0 2 2 4 7 8 8 9 9 10 9
8 3 2 2 0 2 5 7 8 8 10 9 10 10
9 4 3 2 2 0 4 8 9 9 10 10 10 10
10 5 5 4 5 4 0 6 7 7 9 9 10 10
9 7 7 7 7 8 6 0 3 4 5 5 6 8
9 8 8 8 8 9 7 3 0 3 4 4 5 7
8 7 8 8 8 9 7 4 3 0 3 3 4 6
8 8 9 9 10 10 9 5 4 3 0 2 3 5
7 8 9 9 9 10 9 5 4 3 2 0 2 5
8 9 9 10 10 10 10 6 5 4 3 2 0 5
5 8 9 9 10 10 10 8 7 6 5 5 5 0
