12
20
14 17 13 42 19 8 49 17 47 10 7 34 15 17 7 35 1 9 42 19
46 32 42 5 50 47 40 47 38 28 16 28 17 6 35 34 12 6 37 2
20 5 15 24 9 10 23 31 11 19 34 23 43 22 18 36 32 22 40 25
15 22 24 4 28 21 5 30 7 9 6 33 3 4 21 12 23 45 42 30
15 4 29 1 9 28 40 21 4 43 39 47 3 19 18 7 35 14 21 47
12 20 2 37 8 37 40 46 35 15 35 26 25 36 49 23 33 28 27 31
45 43 36 30 37 35 48 33 36 32 11 8 28 26 3 17 27 41 14 36
30 27 42 7 32 34 13 5 31 24 29 17 22 19 27 26 33 11 22 49
49 35 24 8 28 25 37 45 9 31 33 7 17 46 10 31 29 42 45 50
37 21 42 23 49 45 30 33 16 18 13 13 32 46 41 29 22 12 35 50
29 45 41 30 9 1 39 31 40 17 7 9 4 35 15 45 30 47 16 11
3 43 46 14 17 20 42 35 36 44 49 27 24 28 28 24 28 13 33 15
0 3 6 6 7 7 9 8 10 10 8 7 7 4
3 0 4 4 5 6 7 6 8 9 8 6 7 5
6 4 0 2 3 3 5 4 7 8 7 6 7 6
6 4 2 0 3 3 5 4 6 8 7 6 8 6
7 5 3 3 0 2 5 3 5 6 7 6 7 6
7 6 3 3 2 0 5 2 5 6 7 6 8 7
9 7 5 5 5 5 0 4 7 9 10 9 10 9
8 6 4 4 3 2 4 0 5 6 7 7 8 8
10 8 7 6 5 5 7 5 0 3 6 6 8 8
10 9 8 8 6 6 9 6 3 0 5 6 7 9
8 8 7 7 7 7 10 7 6 5 0 3 3 6
7 6 6 6 6 6 9 7 6 6 3 0 3 4
7 7 7 8 7 8 10 8 8 7 3 3 0 4
4 5 6 6 6 7 9 8 8 9 6 4 4 0
