12
20
36 9 5 12 42 24 3 4 50 20 3 23 31 19 49 35 3 40 34 11
47 43 12 22 17 40 23 21 27 47 42 43 21 9 47 5 13 43 38 18
2 18 48 50 24 46 19 41 22 20 31 31 22 40 36 21 42 25 24 30
50 49 22 25 27 25 6 23 24 49 14 23 31 14 12 29 3 7 9 25
48 41 8 26 33 5 23 33 49 22 6 29 41 22 25 47 40 21 50 17
46 14 19 17 14 44 46 35 15 6 3 44 5 48 35 29 28 33 41 38
26 5 38 23 30 28 2 24 12 39 10 21 43 28 10 16 1 30 48 43
1 29 43 22 41 50 49 4 23 4 4 2 20 3 10 17 1 15 38 13
14 27 8 33 4 46 44 34 4 28 23 43 44 32 11 15 49 46 37 13
30 29 23 11 27 25 7 39 50 11 30 21 29 25 47 30 50 8 19 33
36 30 31 29 41 43 13 10 38 6 14 18 16 2 30 34 31 16 25 17
40 7 20 20 47 30 5 2 44 41 18 33 13 3 16 19 2 34 10 20
0 4 4 6 7 10 9 9 7 7 6 5 3 2
4 0 2 4 5 9 8 8 6 6 4 5 4 4
4 2 0 4 5 9 9 9 7 7 5 5 4 4
6 4 4 0 6 9 10 10 9 8 6 7 6 6
7 5 5 6 0 5 5 6 5 4 3 5 5 6
10 9 9 9 5 0 5 6 6 6 6 8 9 10
9 8 9 10 5 5 0 2 4 3 5 6 7 9
9 8 9 10 6 6 2 0 3 3 5 6 7 8
7 6 7 9 5 6 4 3 0 3 4 4 5 7
7 6 7 8 4 6 3 3 3 0 3 5 6 7
6 4 5 6 3 6 5 5 4 3 0 4 4 5
5 5 5 7 5 8 6 6 4 5 4 0 3 4
3 4 4 6 5 9 7 7 5 6 4 3 0 3
2 4 4 6 6 10 9 8 7 7 5 4 3 0
