12
30
17 9 48 13 4 30 37 35 41 36 13 24 8 26 15 24 8 2 25 19 8 32 48 20 39 4 42 41 11 47
5 4 18 49 14 48 29 4 50 31 50 22 14 17 18 15 8 3 12 10 35 1 17 49 1 38 40 15 17 24
35 11 17 34 35 6 24 39 31 50 13 13 5 4 32 33 13 22 24 45 17 10 34 42 5 47 40 26 43 13
11 45 11 35 23 23 22 22 27 9 35 17 21 12 25 27 5 18 40 15 23 25 35 50 41 26 4 25 20 43
48 20 9 4 49 10 16 40 43 11 41 2 21 8 7 13 12 24 22 43 21 4 48 39 5 37 7 38 47 7
19 20 50 30 46 14 10 6 19 8 40 36 23 36 42 5 6 28 16 9 20 7 10 23 1 34 40 11 6 11
28 32 12 9 36 9 32 13 10 44 29 1 8 18 36 15 20 15 23 47 3 22 5 27 48 12 36 30 18 4
46 44 7 35 27 48 6 35 7 48 33 34 9 5 2 36 21 27 34 21 23 20 2 39 30 50 14 27 29 18
33 15 47 17 2 50 47 39 15 32 4 26 46 8 7 6 22 18 40 37 32 4 11 45 19 22 32 23 39 30
14 21 20 31 4 22 35 49 4 27 32 27 27 19 20 3 2 34 4 10 12 7 32 22 14 15 49 38 30 31
27 6 2 31 24 12 20 7 4 46 18 28 8 25 20 24 33 26 26 26 32 45 19 27 1 12 8 6 23 6
7 8 40 26 49 1 33 11 8 36 15 48 34 7 39 37 7 25 25 29 2 10 39 47 8 12 33 26 27 8
0 4 5 5 8 8 9 10 8 6 5 5 5 3
4 0 3 2 5 6 6 8 6 5 5 5 5 5
5 3 0 3 6 6 5 7 4 3 3 4 4 5
5 2 3 0 5 5 5 8 5 4 4 5 5 5
8 5 6 5 0 2 5 9 7 8 8 8 9 9
8 6 6 5 2 0 5 9 7 8 8 9 9 9
9 6 5 5 5 5 0 6 4 6 7 7 7 9
10 8 7 8 9 9 6 0 4 6 7 7 8 10
8 6 4 5 7 7 4 4 0 4 5 5 5 7
6 5 3 4 8 8 6 6 4 0 2 3 3 5
5 5 3 4 8 8 7 7 5 2 0 2 2 4
5 5 4 5 8 9 7 7 5 3 2 0 2 4
5 5 4 5 9 9 7 8 5 3 2 2 0 4
3 5 5 5 9 9 9 10 7 5 4 4 4 0
