12
30
26 34 45 12 47 13 32 22 20 9 2 4 35 14 46 49 16 15 12 40 34 2 48 12 24 49 33 28 18 41
16 1 22 20 21 16 24 43 17 42 13 22 12 25 11 2 8 9 21 24 4 28 33 31 5 20 26 6 34 37
26 40 38 33 27 15 7 36 32 15 45 45 23 9 15 14 14 1 9 49 39 40 31 28 10 42 17 17 46 48
13 8 44 8 5 9 34 25 13 32 26 12 20 24 47 36 10 45 1 40 42 21 30 4 25 10 24 4 13 35
3 20 24 6 7 11 44 7 15 8 6 7 31 2 47 21 32 12 34 29 39 25 6 32 41 48 45 21 16 23
19 15 29 39 40 5 42 39 36 48 38 36 22 34 27 5 39 23 2 49 44 4 2 49 7 33 40 44 42 6
26 16 31 36 13 40 5 10 12 11 30 6 9 12 7 16 46 6 26 20 8 4 29 9 16 35 39 44 21 49
36 24 11 25 46 10 7 31 17 17 43 32 30 17 35 47 35 9 8 45 37 2 28 44 9 11 36 15 29 46
21 28 17 38 39 48 9 47 27 25 7 35 40 30 17 9 5 29 44 31 6 3 31 28 48 10 49 11 18 35
21 38 22 41 38 43 40 30 15 36 34 13 2 29 50 26 18 45 25 9 2 46 34 15 18 25 6 48 36 15
33 13 10 19 39 1 27 36 50 12 44 38 30 3 14 25 32 32 44 27 42 42 15 14 26 20 7 40 18 44
47 27 44 37 41 20 41 26 1 48 30 16 32 43 5 33 40 7 49 26 29 8 32 46 2 20 32 50 20 35
0 3 6 6 3 4 5 6 7 6 7 7 6 5
3 0 4 5 3 5 5 7 8 7 8 9 8 7
6 4 0 4 4 6 6 7 9 9 10 10 10 9
6 5 4 0 4 6 5 5 7 8 9 10 9 8
3 3 4 4 0 3 4 5 6 6 7 8 7 6
4 5 6 6 3 0 3 4 5 4 6 6 5 4
5 5 6 5 4 3 0 3 4 5 6 7 6 6
6 7 7 5 5 4 3 0 3 5 7 7 7 7
7 8 9 7 6 5 4 3 0 4 5 6 6 6
6 7 9 8 6 4 5 5 4 0 3 3 3 4
7 8 10 9 7 6 6 7 5 3 0 2 2 4
7 9 10 10 8 6 7 7 6 3 2 0 2 4
6 8 10 9 7 5 6 7 6 3 2 2 0 3
5 7 9 8 6 4 6 7 6 4 4 4 3 0
