12
30
5 23 48 35 42 41 14 2 15 35 48 26 19 49 46 50 32 47 36 18 34 36 27 20 13 45 25 28 27 10
50 30 13 42 16 13 15 2 8 30 18 13 5 30 31 32 10 49 5 34 26 4 26 16 10 15 6 20 34 43
44 29 30 27 40 41 38 11 19 42 39 14 33 16 22 29 6 48 11 39 6 24 26 16 37 28 49 13 9 26
42 20 11 13 12 2 28 2 40 42 35 12 44 23 23 9 25 45 12 41 26 15 32 21 46 28 20 34 5 40
37 5 38 22 37 9 8 9 31 7 37 26 10 49 38 40 17 37 15 16 31 26 48 40 16 25 14 10 2 41
4 45 47 48 2 24 33 31 17 3 34 23 16 44 29 15 41 32 13 31 28 36 17 50 38 46 48 2 19 12
31 6 45 2 10 13 4 17 49 24 25 21 34 27 50 20 22 37 33 26 43 24 3 41 7 20 46 38 27 36
42 44 41 13 36 6 9 5 6 24 15 27 2 16 9 45 24 18 31 8 14 23 46 29 18 31 42 5 15 19
48 22 25 33 14 41 30 7 32 34 2 49 50 38 27 13 18 32 34 4 35 43 31 32 38 8 14 24 23 50
4 5 49 31 32 31 11 50 19 19 13 7 26 50 43 44 33 15 46 43 7 29 16 7 5 32 47 10 44 28
15 23 12 28 21 6 40 4 17 17 1 45 10 22 10 19 7 26 7 17 24 18 40 15 19 40 26 22 7 26
12 41 3 29 20 16 10 42 1 49 32 20 34 47 13 19 22 32 32 28 10 27 41 50 12 4 47 5 37 47
0 5 6 7 10 9 8 8 5 5 6 6 2 2
5 0 3 4 7 8 8 9 6 5 5 5 5 6
6 3 0 3 7 7 8 9 7 5 5 4 6 7
7 4 3 0 6 7 7 9 7 5 4 4 7 8
10 7 7 6 0 5 6 9 8 7 5 6 10 10
9 8 7 7 5 0 3 5 6 5 4 5 9 9
8 8 8 7 6 3 0 4 4 5 4 5 8 8
8 9 9 9 9 5 4 0 4 5 6 6 8 8
5 6 7 7 8 6 4 4 0 3 4 4 5 5
5 5 5 5 7 5 5 5 3 0 3 3 5 6
6 5 5 4 5 4 4 6 4 3 0 2 6 7
6 5 4 4 6 5 5 6 4 3 2 0 6 7
2 5 6 7 10 9 8 8 5 5 6 6 0 2
2 6 7 8 10 9 8 8 5 6 7 7 2 0
