12
20
29 16 18 34 25 4 21 7 1 21 33 38 11 6 25 28 3 32 24 25
47 47 23 3 8 40 37 2 19 14 31 7 49 40 20 19 20 30 23 28
33 18 9 12 44 44 2 44 38 45 28 15 26 9 8 8 37 24 13 2
16 25 33 23 13 33 38 34 17 16 2 4 14 24 49 23 6 11 5 35
30 44 2 12 41 29 24 32 27 31 28 39 10 29 47 9 7 25 20 16
42 37 19 2 49 5 25 40 34 43 28 14 25 45 48 27 31 11 40 29
13 32 2 2 7 41 45 30 25 28 10 40 15 41 10 7 36 40 50 48
45 11 34 15 17 2 15 3 19 16 18 33 43 2 26 36 22 1 33 45
50 34 7 8 19 32 50 12 4 37 28 37 50 39 31 44 22 14 2 11
9 10 13 40 13 19 27 20 22 39 33 31 31 3 23 46 44 24 20 13
12 49 39 36 33 18 20 36 47 40 49 36 12 50 22 36 37 19 18 24
31 9 28 48 11 31 33 3 25 25 50 23 9 14 50 8 20 22 50 44
0 3 9 9 10 9 9 8 7 8 9 9 7 4
3 0 8 8 10 9 8 8 7 7 9 9 7 5
9 8 0 3 5 4 4 6 6 6 8 10 9 9
9 8 3 0 3 3 3 4 5 5 6 9 8 8
10 10 5 3 0 3 3 5 6 6 7 10 8 10
9 9 4 3 3 0 2 4 5 4 6 9 7 9
9 8 4 3 3 2 0 4 4 4 6 8 7 8
8 8 6 4 5 4 4 0 2 2 4 6 5 6
7 7 6 5 6 5 4 2 0 2 4 6 5 6
8 7 6 5 6 4 4 2 2 0 4 6 4 6
9 9 8 6 7 6 6 4 4 4 0 5 5 7
9 9 10 9 10 9 8 6 6 6 5 0 4 6
7 7 9 8 8 7 7 5 5 4 5 4 0 4
4 5 9 8 10 9 8 6 6 6 7 6 4 0
