12
10
37 2 12 24 9 45 13 22 25 49
29 30 6 48 25 15 15 13 27 32
4 17 10 39 30 2 16 7 27 8
12 29 7 46 14 36 40 23 29 20
39 27 6 29 24 43 28 46 5 36
9 28 4 10 46 23 24 6 4 41
32 49 19 1 5 7 11 42 50 41
35 31 24 47 11 19 49 14 39 25
48 13 43 40 31 5 12 48 3 24
35 36 42 4 4 2 26 45 1 2
7 34 1 21 48 1 23 30 18 12
12 26 41 2 46 19 34 21 35 27
0 3 7 6 7 8 10 9 8 7 6 4 3 2
3 0 6 6 7 9 10 10 10 8 8 5 5 4
7 6 0 4 5 6 8 9 9 7 8 6 7 8
6 6 4 0 3 4 6 7 6 5 5 4 5 7
7 7 5 3 0 3 5 5 6 4 5 5 6 8
8 9 6 4 3 0 4 5 5 4 5 6 7 9
10 10 8 6 5 4 0 3 4 5 5 8 8 10
9 10 9 7 5 5 3 0 3 4 4 7 8 10
8 10 9 6 6 5 4 3 0 3 3 7 6 9
7 8 7 5 4 4 5 4 3 0 2 5 5 7
6 8 8 5 5 5 5 4 3 2 0 5 5 7
4 5 6 4 5 6 8 7 7 5 5 0 3 4
3 5 7 5 6 7 8 8 6 5 5 3 0 4
2 4 8 7 8 9 10 10 9 7 7 4 4 0
