12
30
45 22 1 24 35 5 27 44 1 40 13 43 5 30 42 40 2 37 19 3 14 29 15 35 27 23 11 14 24 7
26 45 40 45 48 29 35 33 2 28 11 49 36 3 30 47 49 41 13 44 14 8 22 2 44 6 13 2 24 17
43 26 45 24 45 40 42 28 29 39 9 16 8 42 2 42 35 31 19 8 27 33 2 47 18 23 33 2 33 26
12 16 43 17 50 41 27 31 8 34 27 36 26 1 20 5 41 8 3 20 10 7 3 3 32 45 39 32 24 25
32 33 22 11 7 18 22 32 4 3 29 35 23 33 31 41 39 1 8 30 2 46 11 25 3 14 22 2 15 10
50 47 43 35 4 39 47 48 20 2 29 49 32 39 33 38 31 38 41 2 14 44 18 7 43 32 45 27 10 34
40 14 27 25 14 19 15 16 13 36 34 9 39 44 32 43 24 18 30 25 10 37 41 5 21 1 50 38 32 15
5 14 8 27 11 31 2 40 40 23 13 36 13 14 50 36 32 29 29 21 24 25 45 46 35 6 14 1 17 32
29 50 30 24 10 9 8 32 40 1 13 31 32 37 1 38 11 47 19 23 15 37 11 14 46 46 32 16 44 1
37 33 22 4 22 36 37 14 12 37 8 50 17 3 9 24 34 12 13 19 21 44 28 49 9 39 9 46 39 5
4 29 36 28 6 26 14 45 24 23 4 26 3 15 11 4 23 22 26 43 6 39 5 17 18 12 36 50 47 4
10 32 49 29 16 22 27 36 3 50 35 15 34 17 17 3 4 8 6 13 35 25 3 32 46 43 13 31 22 30
0 3 4 4 5 8 7 10 5 4 5 5 2 2
3 0 2 2 4 6 6 10 4 3 4 3 3 3
4 2 0 2 3 6 6 10 4 3 3 3 3 4
4 2 2 0 3 5 5 10 4 3 3 3 3 4
5 4 3 3 0 4 5 10 4 4 3 3 4 5
8 6 6 5 4 0 4 9 5 5 4 4 7 7
7 6 6 5 5 4 0 7 3 4 4 4 6 6
10 10 10 10 10 9 7 0 8 9 9 9 10 10
5 4 4 4 4 5 3 8 0 2 3 3 4 4
4 3 3 3 4 5 4 9 2 0 2 2 3 4
5 4 3 3 3 4 4 9 3 2 0 2 4 4
5 3 3 3 3 4 4 9 3 2 2 0 4 4
2 3 3 3 4 7 6 10 4 3 4 4 0 2
2 3 4 4 5 7 6 10 4 4 4 4 2 0
