12
20
34 14 39 34 7 49 43 41 20 16 42 8 31 33 35 39 50 23 49 24
8 45 16 46 38 21 42 36 20 12 2 29 41 18 15 39 13 1 28 45
33 42 3 30 37 46 50 7 14 28 2 22 15 33 23 16 26 12 1 25
47 21 39 32 16 28 22 42 6 17 50 26 29 37 26 15 35 22 9 10
16 46 1 18 36 24 50 28 27 6 26 38 28 22 18 27 31 48 8 22
43 1 25 38 37 23 25 11 15 13 45 23 15 4 22 35 8 29 46 14
46 20 30 18 11 42 50 22 4 1 50 15 48 33 12 7 24 44 22 36
34 4 2 46 37 22 40 1 4 6 3 45 38 17 34 8 25 2 24 31
40 27 28 6 15 40 31 14 34 7 18 10 4 18 3 17 1 16 43 8
6 3 26 21 6 30 12 39 34 39 44 37 40 13 14 35 21 48 23 25
1 17 11 8 10 43 34 39 13 38 11 35 7 28 20 29 21 29 37 40
24 14 37 48 31 20 42 50 30 34 27 43 7 24 16 32 15 15 50 39
0 3 6 8 7 9 10 7 7 5 5 5 3 2
3 0 4 6 5 7 9 6 5 4 4 5 4 4
6 4 0 4 3 6 8 6 5 4 5 6 6 6
8 6 4 0 4 6 7 7 6 6 7 7 8 8
7 5 3 4 0 4 6 5 4 4 4 5 6 7
9 7 6 6 4 0 3 4 4 5 5 6 8 9
10 9 8 7 6 3 0 5 5 7 7 7 9 10
7 6 6 7 5 4 5 0 2 4 4 4 6 7
7 5 5 6 4 4 5 2 0 3 3 3 5 7
5 4 4 6 4 5 7 4 3 0 2 3 4 5
5 4 5 7 4 5 7 4 3 2 0 2 4 5
5 5 6 7 5 6 7 4 3 3 2 0 4 5
3 4 6 8 6 8 9 6 5 4 4 4 0 3
2 4 6 8 7 9 10 7 7 5 5 5 3 0
