12
10
35 35 22 3 22 17 29 49 39 34
32 48 43 43 48 44 6 35 20 37
50 42 41 10 25 46 36 37 4 46
43 25 2 18 41 21 23 42 34 11
22 45 27 44 3 46 2 46 6 4
26 28 23 39 40 41 10 50 44 3
3 44 9 4 27 20 43 44 40 48
22 30 36 8 1 30 40 23 50 35
41 3 46 35 8 7 41 44 35 10
43 26 46 21 23 31 8 33 49 27
19 4 32 8 36 12 27 14 20 50
14 26 38 21 13 8 2 32 34 47
0 4 4 4 4 5 4 8 6 5 5 4 4 2
4 0 2 2 2 3 5 8 7 6 6 6 5 3
4 2 0 2 3 3 5 8 8 7 6 6 5 4
4 2 2 0 2 3 5 8 7 6 6 6 5 4
4 2 3 2 0 3 4 7 7 6 6 7 6 4
5 3 3 3 3 0 5 7 8 7 7 8 7 5
4 5 5 5 4 5 0 5 4 3 3 5 7 5
8 8 8 8 7 7 5 0 5 5 6 9 10 9
6 7 8 7 7 8 4 5 0 3 3 6 8 7
5 6 7 6 6 7 3 5 3 0 2 5 7 6
5 6 6 6 6 7 3 6 3 2 0 4 7 5
4 6 6 6 7 8 5 9 6 5 4 0 5 5
4 5 5 5 6 7 7 10 8 7 7 5 0 3
2 3 4 4 4 5 5 9 7 6 5 5 3 0
