12
30
33 7 47 49 45 37 6 26 29 36 40 1 1 36 23 49 14 49 14 19 17 10 8 47 19 9 3 30 45 9
38 37 2 29 23 15 20 9 32 13 48 12 12 21 8 20 39 40 36 13 14 9 44 9 6 26 15 41 9 43
44 5 44 4 20 16 17 6 32 37 13 25 50 22 33 39 26 46 24 50 41 30 21 34 43 42 22 27 10 9
37 46 19 40 12 3 25 1 26 28 42 43 26 4 24 8 2 42 29 6 30 24 49 10 47 1 24 44 3 31
20 22 47 5 44 41 30 35 32 41 23 48 23 20 18 14 47 34 16 26 46 11 34 12 49 16 45 13 46 50
41 19 32 7 42 40 31 4 2 34 8 22 46 3 4 16 9 26 26 35 32 2 48 40 42 37 37 31 26 7
22 29 7 49 8 36 16 50 45 20 10 44 12 17 16 38 42 33 29 45 12 31 3 17 36 45 33 44 8 8
42 3 16 48 15 41 44 7 33 26 17 30 40 31 3 22 50 28 4 19 41 17 38 38 38 7 46 41 15 45
34 27 34 46 29 7 47 27 47 20 41 27 28 47 10 43 33 43 40 19 3 4 27 32 49 11 17 2 34 10
9 34 49 15 12 37 16 9 42 20 42 21 38 17 29 5 49 49 2 18 27 44 40 45 38 43 25 34 45 40
13 10 38 32 24 7 18 22 28 42 46 2 37 36 4 31 26 3 42 17 28 22 10 19 34 45 7 21 38 25
19 12 34 24 34 6 38 43 30 9 13 24 3 49 10 45 41 36 5 45 28 1 47 48 2 23 19 47 45 47
0 2 3 5 6 8 7 7 7 7 8 6 6 4
2 0 3 5 5 7 7 7 7 7 8 6 7 4
3 3 0 4 4 6 6 6 6 6 7 6 7 3
5 5 4 0 2 4 4 5 5 6 8 8 9 5
6 5 4 2 0 4 4 4 5 6 8 8 9 5
8 7 6 4 4 0 2 3 4 6 7 9 10 6
7 7 6 4 4 2 0 3 3 5 7 9 10 6
7 7 6 5 4 3 3 0 2 4 6 8 10 5
7 7 6 5 5 4 3 2 0 4 5 7 9 5
7 7 6 6 6 6 5 4 4 0 3 5 7 4
8 8 7 8 8 7 7 6 5 3 0 6 7 6
6 6 6 8 8 9 9 8 7 5 6 0 3 5
6 7 7 9 9 10 10 10 9 7 7 3 0 6
4 4 3 5 5 6 6 5 5 4 6 5 6 0
