12
10
4 11 22 13 32 9 34 2 4 35
13 15 41 42 19 9 35 16 29 33
34 9 7 14 2 33 35 17 22 1
32 50 3 31 22 6 26 22 50 22
19 39 17 25 46 39 22 6 23 8
38 8 16 29 25 38 7 35 24 7
5 47 14 26 8 29 23 29 32 33
1 18 30 13 48 18 45 7 47 21
36 33 8 35 24 8 50 20 20 15
41 26 12 25 5 13 40 22 27 30
1 49 32 49 27 12 6 36 43 13
28 19 49 8 32 5 50 6 3 8
0 5 6 6 6 6 9 8 8 8 7 5 4 3
5 0 3 3 3 6 9 8 8 10 10 7 8 7
6 3 0 2 3 6 8 8 8 10 10 8 9 8
6 3 2 0 2 5 8 8 8 10 10 7 8 7
6 3 3 2 0 5 7 7 7 9 10 7 8 8
6 6 6 5 5 0 5 4 4 6 7 4 6 7
9 9 8 8 7 5 0 2 2 7 8 6 9 10
8 8 8 8 7 4 2 0 2 6 7 6 9 10
8 8 8 8 7 4 2 2 0 6 7 6 8 9
8 10 10 10 9 6 7 6 6 0 3 4 6 8
7 10 10 10 10 7 8 7 7 3 0 4 5 7
5 7 8 7 7 4 6 6 6 4 4 0 4 6
4 8 9 8 8 6 9 9 8 6 5 4 0 4
3 7 8 7 8 7 10 10 9 8 7 6 4 0
