12
30
2 50 48 38 11 21 26 11 18 28 48 38 3 9 30 25 49 15 20 23 25 9 3 31 47 21 42 43 32 39
29 28 29 18 36 31 36 4 22 9 31 15 34 3 40 46 2 28 43 19 10 6 30 9 25 9 46 10 39 37
46 9 35 11 11 29 7 27 21 11 28 1 23 5 43 1 14 41 31 1 28 2 37 49 34 14 18 39 6 26
12 27 23 32 39 13 31 45 8 50 36 7 14 36 5 38 14 34 47 49 31 19 23 30 40 28 10 27 50 44
40 19 48 32 14 47 46 43 3 6 20 47 17 17 19 21 17 29 31 37 29 9 12 34 10 14 43 32 30 35
24 48 47 4 21 9 21 44 42 23 25 37 22 49 47 20 11 12 23 5 12 14 4 44 42 43 19 42 25 37
34 34 22 21 17 28 26 19 37 22 42 3 19 44 42 16 45 7 2 37 7 9 16 4 1 10 14 36 43 19
35 25 47 10 32 11 4 34 49 44 34 20 15 12 22 37 8 10 29 39 25 39 9 31 35 9 24 50 10 23
34 38 35 48 3 43 18 5 18 4 47 12 48 5 16 49 39 35 4 25 7 14 47 49 38 49 33 19 41 40
41 6 39 25 16 35 11 40 29 13 30 16 14 46 17 35 16 19 13 7 1 47 23 42 38 26 4 21 35 29
23 50 41 25 19 22 32 9 8 4 6 22 5 4 23 3 30 33 19 5 38 39 48 13 31 22 35 40 42 27
31 16 28 5 18 20 29 24 44 37 30 2 26 20 49 37 8 13 30 13 16 48 10 2 41 19 38 13 10 19
0 4 5 6 6 6 7 9 8 9 5 5 4 3
4 0 3 4 4 5 6 7 6 7 3 5 4 5
5 3 0 3 3 5 6 6 5 6 3 5 5 6
6 4 3 0 2 4 4 4 3 6 4 7 7 7
6 4 3 2 0 3 4 5 4 6 4 7 7 7
6 5 5 4 3 0 3 5 4 8 6 8 8 7
7 6 6 4 4 3 0 4 5 8 7 9 9 8
9 7 6 4 5 5 4 0 3 7 7 10 10 10
8 6 5 3 4 4 5 3 0 5 5 8 8 9
9 7 6 6 6 8 8 7 5 0 5 8 8 10
5 3 3 4 4 6 7 7 5 5 0 5 5 7
5 5 5 7 7 8 9 10 8 8 5 0 2 6
4 4 5 7 7 8 9 10 8 8 5 2 0 5
3 5 6 7 7 7 8 10 9 10 7 6 5 0
