12
10
3 12 40 35 47 24 10 23 46 11
30 33 7 12 26 3 32 46 24 36
45 28 12 32 25 23 42 16 21 31
14 4 20 24 25 35 39 45 32 47
41 47 29 41 17 27 12 2 2 44
44 44 22 7 23 34 48 34 5 44
31 26 41 11 47 47 50 11 38 35
5 28 42 32 34 42 24 13 24 28
40 50 1 26 16 37 46 31 25 41
49 9 11 42 46 35 35 42 3 5
15 43 15 5 17 41 41 5 49 16
42 1 22 43 29 10 3 31 15 8
0 3 7 7 8 8 9 8 6 8 7 6 4 3
3 0 7 7 9 9 9 9 7 9 8 7 4 4
7 7 0 2 3 4 4 5 4 7 10 8 8 7
7 7 2 0 3 4 4 5 4 6 9 8 8 6
8 9 3 3 0 4 4 5 5 7 10 9 9 8
8 9 4 4 4 0 2 3 4 5 9 8 8 7
9 9 4 4 4 2 0 3 4 5 9 8 9 8
8 9 5 5 5 3 3 0 4 4 8 7 8 7
6 7 4 4 5 4 4 4 0 4 7 6 6 5
8 9 7 6 7 5 5 4 4 0 6 5 7 6
7 8 10 9 10 9 9 8 7 6 0 3 5 6
6 7 8 8 9 8 8 7 6 5 3 0 4 5
4 4 8 8 9 8 9 8 6 7 5 4 0 3
3 4 7 6 8 7 8 7 5 6 6 5 3 0
