12
10
9 40 6 2 29 26 48 23 20 18
1 20 15 42 20 42 49 46 21 31
31 23 41 45 31 12 38 35 47 18
41 43 30 31 26 9 26 2 12 11
33 7 50 10 21 27 11 38 38 29
16 50 41 50 27 41 12 29 16 11
13 39 48 39 9 43 1 29 38 22
21 25 19 40 2 26 17 19 33 28
34 43 3 30 8 23 14 38 46 49
3 13 20 15 22 11 6 1 12 23
15 19 10 24 13 9 24 38 13 29
45 18 22 21 13 18 36 4 22 21
0 4 4 5 8 6 4 4 6 7 7 4 5 3
4 0 3 4 7 6 4 5 7 8 8 6 7 5
4 3 0 3 6 5 4 5 6 7 7 6 7 5
5 4 3 0 5 4 4 5 7 7 7 7 8 6
8 7 6 5 0 5 6 7 7 7 8 9 10 9
6 6 5 4 5 0 3 4 4 4 4 6 7 6
4 4 4 4 6 3 0 3 4 5 5 4 6 4
4 5 5 5 7 4 3 0 3 5 4 3 5 4
6 7 6 7 7 4 4 3 0 3 2 4 6 5
7 8 7 7 7 4 5 5 3 0 3 5 7 6
7 8 7 7 8 4 5 4 2 3 0 4 6 5
4 6 6 7 9 6 4 3 4 5 4 0 3 3
5 7 7 8 10 7 6 5 6 7 6 3 0 3
3 5 5 6 9 6 4 4 5 6 5 3 3 0
