12
30
31 18 42 46 11 49 28 45 15 42 37 36 27 47 14 10 47 3 19 4 1 46 3 6 7 14 30 43 45 37
38 38 7 29 2 16 40 20 29 4 41 24 15 36 37 25 31 11 2 28 11 25 45 31 35 29 36 23 32 28
9 1 41 2 46 38 36 1 17 13 5 30 36 31 42 29 20 49 24 28 35 36 13 32 9 34 8 7 49 42
32 25 44 6 29 39 30 40 8 27 39 37 16 17 49 20 46 9 39 9 23 46 29 39 8 48 32 24 31 15
24 9 18 4 24 14 9 15 24 25 14 14 12 17 38 6 34 45 30 1 3 18 49 33 9 48 9 11 48 46
46 3 34 44 49 26 34 4 25 20 22 37 22 21 2 39 33 20 29 6 4 38 28 16 29 7 50 45 34 20
7 36 6 4 28 39 42 14 32 4 7 6 50 23 8 30 44 32 9 20 14 35 22 5 46 22 1 5 4 16
34 32 45 6 13 10 30 28 47 36 1 31 11 32 40 21 20 3 34 35 44 38 26 42 43 31 12 46 34 10
25 9 7 17 32 19 18 16 29 48 17 7 24 24 38 31 1 49 23 31 9 32 28 48 16 17 30 46 32 47
22 29 12 36 10 12 14 8 19 1 8 6 33 29 32 8 43 44 6 38 11 9 25 10 34 6 26 45 20 47
39 24 17 13 24 9 16 32 2 25 26 49 47 49 19 21 10 34 24 27 39 46 24 46 9 35 44 5 32 38
50 49 5 48 24 12 26 17 38 12 13 12 2 17 44 7 11 44 8 26 28 40 5 18 46 7 46 19 9 6
0 4 5 6 5 5 7 6 7 6 5 3 4 3
4 0 4 5 4 3 5 5 7 7 5 5 6 5
5 4 0 3 4 5 8 8 9 9 7 6 6 4
6 5 3 0 3 5 8 9 10 10 8 7 7 6
5 4 4 3 0 3 6 7 9 9 7 7 7 6
5 3 5 5 3 0 4 6 7 8 6 6 7 7
7 5 8 8 6 4 0 5 6 7 6 7 9 9
6 5 8 9 7 6 5 0 3 4 3 6 8 8
7 7 9 10 9 7 6 3 0 2 3 6 8 8
6 7 9 10 9 8 7 4 2 0 4 5 7 8
5 5 7 8 7 6 6 3 3 4 0 4 6 6
3 5 6 7 7 6 7 6 6 5 4 0 3 4
4 6 6 7 7 7 9 8 8 7 6 3 0 3
3 5 4 6 6 7 9 8 8 8 6 4 3 0
