12
30
46 4 31 16 11 2 18 7 3 14 42 2 4 33 18 14 13 32 8 27 23 1 32 46 11 5 27 18 11 21
50 16 47 21 40 24 9 34 24 49 20 6 40 41 19 24 44 5 21 47 23 6 7 43 36 20 45 3 28 18
30 32 15 4 38 31 37 35 38 8 46 38 31 5 38 12 13 26 48 49 19 40 31 31 48 7 36 35 25 48
14 41 23 16 33 21 11 40 38 13 29 30 13 24 30 42 32 31 43 26 30 32 46 38 42 39 27 26 26 1
24 6 5 43 50 11 13 26 2 41 5 35 30 17 43 35 41 19 3 32 7 29 29 17 37 38 12 48 24 25
31 30 25 26 44 36 31 42 23 44 4 45 11 33 21 18 26 36 16 13 31 12 24 34 37 17 17 32 24 46
38 6 49 17 13 34 19 2 40 30 36 5 10 44 1 31 22 11 27 1 4 6 40 21 49 14 36 42 28 41
21 38 47 11 40 15 12 12 19 41 9 11 38 50 47 21 38 27 15 39 50 35 46 45 4 31 2 33 7 13
41 48 20 23 6 7 10 32 3 7 13 46 7 44 16 34 15 29 17 20 22 34 16 14 48 47 45 42 23 48
22 48 23 21 7 13 34 16 39 8 22 39 29 23 10 5 17 14 47 17 43 9 8 47 10 4 5 30 23 2
28 35 44 33 49 32 7 32 26 40 22 35 21 45 48 27 42 3 17 18 7 11 24 28 46 3 18 4 28 18
20 32 27 22 12 5 21 22 3 11 34 49 16 30 33 1 19 16 35 44 8 29 21 31 49 11 16 8 11 45
0 4 5 5 5 3 4 7 6 7 7 7 5 5
4 0 5 6 6 6 6 9 9 9 10 10 7 7
5 5 0 2 3 4 5 7 7 8 8 10 8 8
5 6 2 0 2 4 5 7 7 8 8 10 9 9
5 6 3 2 0 4 5 6 6 7 8 10 9 9
3 6 4 4 4 0 3 5 5 6 6 8 6 7
4 6 5 5 5 3 0 4 4 4 5 7 6 7
7 9 7 7 6 5 4 0 3 3 3 8 8 9
6 9 7 7 6 5 4 3 0 2 3 7 7 8
7 9 8 8 7 6 4 3 2 0 2 7 7 8
7 10 8 8 8 6 5 3 3 2 0 7 8 9
7 10 10 10 10 8 7 8 7 7 7 0 4 5
5 7 8 9 9 6 6 8 7 7 8 4 0 3
5 7 8 9 9 7 7 9 8 8 9 5 3 0
