12
30
32 32 23 34 6 9 6 37 46 7 45 17 14 8 38 9 44 11 38 31 9 36 3 22 24 38 2 37 9 50
35 41 44 49 22 4 36 35 36 47 22 40 19 28 5 50 1 22 44 15 43 6 14 10 12 3 48 34 25 3
48 17 31 39 23 50 30 5 12 6 6 50 20 30 2 21 3 14 35 31 34 13 44 36 11 44 22 18 26 12
34 6 11 11 50 36 38 24 37 8 2 40 16 38 10 24 16 39 50 38 22 20 20 30 14 18 15 19 10 13
24 2 28 50 42 13 6 31 44 6 34 49 9 19 44 42 5 26 1 45 38 42 21 32 7 29 43 26 32 50
41 3 39 50 16 21 9 5 11 7 14 4 21 44 28 23 23 15 36 9 25 29 13 12 37 5 19 1 12 37
19 27 47 17 40 19 8 45 39 16 12 17 8 6 31 13 18 5 50 29 42 24 4 47 41 19 11 39 37 21
10 39 34 1 35 30 36 46 6 6 13 43 8 11 38 24 35 33 23 11 28 13 36 1 17 42 27 7 1 17
20 37 28 18 19 49 18 6 21 29 43 41 18 26 17 27 36 9 7 31 9 28 46 46 45 15 35 29 26 5
19 8 31 8 36 18 6 6 14 10 22 26 24 7 2 35 20 31 35 33 6 34 25 13 35 10 36 2 15 38
12 9 23 37 5 37 16 1 10 39 42 8 32 37 27 11 28 33 42 5 15 37 5 18 21 7 22 24 25 2
34 47 26 2 45 47 1 17 23 16 15 30 14 37 17 42 27 35 15 50 48 50 35 12 50 13 14 15 4 27
0 4 7 6 7 10 8 6 6 5 5 5 4 2
4 0 5 5 6 8 7 6 6 6 7 7 6 5
7 5 0 4 4 5 6 7 6 8 8 8 8 7
6 5 4 0 2 5 4 5 5 6 7 7 7 7
7 6 4 2 0 4 3 5 5 6 7 7 8 7
10 8 5 5 4 0 5 7 7 9 10 10 10 10
8 7 6 4 3 5 0 4 4 6 7 7 8 8
6 6 7 5 5 7 4 0 2 3 4 5 6 6
6 6 6 5 5 7 4 2 0 3 4 5 6 5
5 6 8 6 6 9 6 3 3 0 2 3 4 4
5 7 8 7 7 10 7 4 4 2 0 3 4 5
5 7 8 7 7 10 7 5 5 3 3 0 3 4
4 6 8 7 8 10 8 6 6 4 4 3 0 3
2 5 7 7 7 10 8 6 5 4 5 4 3 0
