12
30
31 41 32 11 4 42 27 22 42 16 15 37 15 41 18 5 22 27 39 16 25 8 44 24 21 49 19 40 18 50
26 30 2 23 3 15 28 10 41 44 46 23 50 14 18 44 42 38 29 44 5 23 14 39 7 14 4 50 46 45
21 25 41 28 9 7 19 23 32 36 8 48 41 49 30 15 15 36 17 26 10 39 19 10 49 24 16 42 5 11
42 32 38 43 24 19 8 50 6 4 29 30 18 38 7 35 14 24 18 44 47 47 37 11 30 24 22 21 26 30
11 45 42 7 26 28 3 16 31 14 27 50 40 27 8 11 26 9 42 43 32 44 33 3 40 35 33 18 2 5
6 46 7 47 17 46 14 29 42 11 16 14 3 35 35 23 17 49 16 38 48 10 33 4 41 41 10 29 49 6
24 50 26 28 1 45 7 49 34 30 9 49 23 36 20 34 13 15 34 30 32 22 37 2 14 33 50 12 25 49
49 16 38 43 45 8 24 3 31 29 13 42 46 27 33 27 6 8 45 11 48 45 22 1 43 28 3 8 10 30
22 24 41 4 15 37 16 44 14 22 17 44 7 12 39 38 45 43 10 2 9 38 19 39 31 29 5 24 49 48
2 23 26 9 44 24 4 9 6 27 38 7 2 50 5 12 28 41 9 40 37 7 35 8 17 43 33 5 13 18
2 18 17 33 17 9 34 19 50 36 28 17 6 42 47 27 15 22 44 20 13 30 50 15 25 8 6 13 28 23
30 9 6 41 15 4 25 10 13 26 48 37 10 37 20 17 8 22 41 16 33 50 42 40 5 11 34 46 32 39
0 4 4 8 7 8 7 7 5 3 3 3 3 2
4 0 3 9 9 10 10 9 7 6 6 6 5 5
4 3 0 8 8 10 9 9 7 6 6 5 5 5
8 9 8 0 3 6 6 7 9 8 7 7 9 8
7 9 8 3 0 6 5 6 8 7 6 6 8 7
8 10 10 6 6 0 2 3 7 7 6 6 8 8
7 10 9 6 5 2 0 3 6 6 5 6 7 7
7 9 9 7 6 3 3 0 5 5 5 5 6 6
5 7 7 9 8 7 6 5 0 3 4 4 4 4
3 6 6 8 7 7 6 5 3 0 3 3 3 3
3 6 6 7 6 6 5 5 4 3 0 2 3 3
3 6 5 7 6 6 6 5 4 3 2 0 3 3
3 5 5 9 8 8 7 6 4 3 3 3 0 2
2 5 5 8 7 8 7 6 4 3 3 3 2 0
