12
20
48 13 38 23 18 44 1 20 42 17 36 29 48 40 14 42 32 26 27 12
49 1 1 50 40 12 50 3 6 42 12 37 27 37 21 35 35 13 12 43
34 6 47 48 9 26 30 50 41 21 43 38 42 7 15 12 24 35 6 30
22 5 41 31 21 43 23 50 4 1 45 49 21 45 2 23 38 27 42 15
41 34 50 27 21 12 8 8 43 31 9 47 30 40 5 7 5 11 28 25
37 29 41 22 47 23 10 45 5 25 44 42 26 37 46 45 47 17 22 16
15 45 24 33 50 6 33 19 47 45 50 21 23 35 38 46 25 26 20 4
12 33 5 9 50 22 26 17 25 46 17 26 21 8 41 13 6 42 9 18
7 14 45 27 23 40 1 1 21 30 11 42 12 23 11 45 48 38 23 28
16 12 21 26 10 46 32 31 4 13 31 26 49 31 29 48 2 49 16 24
40 45 16 27 32 29 25 17 45 26 11 34 1 11 5 38 16 48 16 18
11 47 23 40 28 5 15 46 8 12 5 2 19 3 36 41 11 33 2 43
0 3 5 4 4 5 5 5 5 6 8 7 3 3
3 0 4 4 4 6 6 6 6 7 10 9 4 4
5 4 0 3 3 5 6 6 6 7 10 10 6 6
4 4 3 0 2 4 4 5 5 5 9 9 5 6
4 4 3 2 0 4 4 4 5 5 9 9 5 5
5 6 5 4 4 0 2 3 3 3 7 9 5 7
5 6 6 4 4 2 0 2 3 3 7 8 5 6
5 6 6 5 4 3 2 0 2 3 6 8 5 7
5 6 6 5 5 3 3 2 0 3 6 7 5 7
6 7 7 5 5 3 3 3 3 0 6 8 6 8
8 10 10 9 9 7 7 6 6 6 0 5 7 9
7 9 10 9 9 9 8 8 7 8 5 0 6 7
3 4 6 5 5 5 5 5 5 6 7 6 0 3
3 4 6 6 5 7 6 7 7 8 9 7 3 0
