12
20
42 14 34 19 40 25 48 47 24 49 17 5 1 17 47 33 47 48 39 38
14 46 50 33 16 39 38 28 48 15 40 24 35 26 7 3 11 21 38 24
5 6 13 17 33 10 41 29 45 2 28 47 24 14 23 25 28 11 30 43
11 8 43 21 46 27 34 24 48 41 30 37 26 12 3 4 15 18 27 47
26 30 6 20 32 32 15 48 10 30 9 30 38 9 33 45 32 19 16 14
3 29 40 50 25 39 48 47 10 35 35 48 12 2 22 13 33 14 10 26
28 39 49 10 10 21 34 1 4 47 3 36 14 16 34 6 46 20 48 49
27 34 37 28 7 6 34 45 21 27 12 19 49 11 41 4 11 26 29 24
40 45 25 50 32 32 48 50 31 15 1 30 30 44 10 42 39 8 8 5
8 28 4 27 3 27 31 46 31 38 1 49 27 11 23 28 40 23 21 18
4 20 24 6 35 5 36 8 41 34 28 33 32 20 7 11 43 16 29 1
2 40 24 2 1 17 31 49 44 3 6 6 17 21 23 17 11 31 20 33
0 5 6 8 6 7 10 10 8 9 9 7 6 3
5 0 3 4 4 5 9 9 8 10 10 8 6 4
6 3 0 3 3 4 7 8 7 9 9 8 6 5
8 4 3 0 4 4 6 7 7 10 10 9 6 6
6 4 3 4 0 3 6 7 6 8 8 6 4 4
7 5 4 4 3 0 5 5 4 7 7 6 4 5
10 9 7 6 6 5 0 3 5 7 8 8 7 9
10 9 8 7 7 5 3 0 4 6 6 7 6 9
8 8 7 7 6 4 5 4 0 4 4 4 4 7
9 10 9 10 8 7 7 6 4 0 2 3 5 8
9 10 9 10 8 7 8 6 4 2 0 3 5 8
7 8 8 9 6 6 8 7 4 3 3 0 4 6
6 6 6 6 4 4 7 6 4 5 5 4 0 5
3 4 5 6 4 5 9 9 7 8 8 6 5 0
