12
10
48 2 8 25 31 28 45 20 13 43
4 40 23 33 19 18 15 29 21 32
39 31 41 26 15 35 33 49 16 16
34 10 19 44 20 37 1 38 49 30
33 16 27 24 43 35 10 8 4 16
45 15 7 50 3 36 30 48 5 38
28 32 36 5 5 24 42 10 35 8
43 13 35 23 5 32 6 43 33 22
18 39 19 6 46 13 12 5 13 6
40 20 24 45 33 35 16 3 37 24
22 30 3 49 3 40 21 19 18 47
16 1 19 19 16 22 12 43 20 7
0 6 9 8 10 9 9 8 7 7 7 7 6 4
6 0 4 4 6 8 9 9 7 6 6 5 4 4
9 4 0 3 5 9 10 10 9 7 6 6 6 6
8 4 3 0 4 7 8 9 7 5 4 4 4 5
10 6 5 4 0 6 8 9 7 5 4 4 6 7
9 8 9 7 6 0 3 5 4 4 4 5 6 8
9 9 10 8 8 3 0 4 4 5 5 6 7 8
8 9 10 9 9 5 4 0 4 6 6 6 7 7
7 7 9 7 7 4 4 4 0 4 4 4 5 6
7 6 7 5 5 4 5 6 4 0 2 2 4 5
7 6 6 4 4 4 5 6 4 2 0 2 4 5
7 5 6 4 4 5 6 6 4 2 2 0 3 5
6 4 6 4 6 6 7 7 5 4 4 3 0 3
4 4 6 5 7 8 8 7 6 5 5 5 3 0
