12
20
23 12 28 22 40 25 37 3 47 49 34 33 23 1 42 32 25 16 2 49
20 12 40 37 2 47 37 26 44 46 47 17 5 8 39 47 19 30 42 20
12 35 50 8 32 34 10 31 1 43 28 18 38 30 45 44 5 7 43 41
23 37 45 22 13 8 8 26 28 6 42 27 35 6 50 15 50 35 14 41
20 21 45 15 12 30 47 33 39 28 8 6 44 34 39 13 42 11 24 18
40 7 12 38 17 1 17 41 25 32 46 33 20 20 5 1 39 50 42 9
50 41 43 35 16 5 16 39 9 31 19 6 21 42 9 43 12 28 41 27
33 11 16 21 10 5 31 4 49 11 43 37 27 7 13 43 20 40 3 49
50 45 44 23 15 4 5 27 37 22 16 49 29 6 48 42 34 25 42 30
47 21 19 9 23 36 12 40 1 27 14 49 33 44 45 50 49 36 40 7
16 11 39 2 2 18 43 37 43 35 32 34 30 35 42 7 45 23 20 48
20 8 39 8 35 1 36 14 11 38 13 27 2 26 5 35 15 45 14 42
0 3 6 7 7 7 7 6 5 6 6 7 3 2
3 0 6 8 8 9 9 7 7 7 7 9 5 4
6 6 0 5 5 6 7 6 7 7 8 10 5 6
7 8 5 0 2 3 4 4 4 5 7 9 6 7
7 8 5 2 0 3 4 4 4 5 7 9 6 6
7 9 6 3 3 0 3 3 4 4 6 8 6 7
7 9 7 4 4 3 0 3 3 3 5 7 6 7
6 7 6 4 4 3 3 0 2 3 4 7 4 5
5 7 7 4 4 4 3 2 0 2 4 6 4 5
6 7 7 5 5 4 3 3 2 0 3 6 4 5
6 7 8 7 7 6 5 4 4 3 0 4 5 6
7 9 10 9 9 8 7 7 6 6 4 0 7 7
3 5 5 6 6 6 6 4 4 4 5 7 0 2
2 4 6 7 6 7 7 5 5 5 6 7 2 0
