12
30
26 32 17 4 8 4 42 23 17 10 9 17 8 6 18 19 20 12 33 46 27 21 39 11 6 41 37 5 46 34
32 37 19 34 10 39 49 2 17 40 25 44 7 13 35 48 23 50 9 48 47 5 36 49 48 10 28 38 12 39
33 11 14 43 38 1 38 29 26 28 13 5 25 23 25 1 42 5 15 11 33 9 17 4 12 18 47 14 3 3
50 48 29 12 49 6 33 48 25 21 38 43 32 28 49 17 38 44 10 11 29 43 26 32 49 33 47 12 19 20
41 28 17 9 46 25 43 49 34 40 20 20 5 50 17 47 4 41 49 17 34 31 4 8 3 41 20 40 23 36
30 12 15 16 26 32 11 7 20 31 45 6 14 26 7 37 40 1 22 17 30 25 11 29 36 28 17 40 12 15
41 5 26 16 19 6 1 39 17 46 26 30 44 29 48 21 16 21 9 16 14 44 35 9 12 27 49 37 16 26
39 6 36 29 43 33 28 30 22 23 13 24 37 20 45 11 4 37 6 18 11 8 10 6 11 22 1 47 35 9
10 45 11 37 46 36 7 15 19 11 33 11 19 34 8 37 45 3 7 29 18 14 17 6 21 1 35 43 4 49
10 31 18 26 3 46 47 7 18 41 26 7 3 30 33 44 10 40 18 27 15 50 41 50 23 11 41 13 28 2
6 29 39 8 34 32 36 15 40 9 49 36 25 9 29 7 8 31 17 13 49 47 49 34 29 13 43 21 8 24
32 35 40 16 44 35 18 44 25 30 36 26 49 1 41 17 1 1 11 34 42 47 31 48 16 30 14 25 34 7
0 2 5 7 7 7 6 6 9 10 7 7 5 7
2 0 5 6 7 6 6 7 9 10 8 8 6 8
5 5 0 4 4 3 3 4 6 7 5 5 5 8
7 6 4 0 2 2 4 6 6 8 7 7 7 10
7 7 4 2 0 3 5 6 6 8 7 7 8 10
7 6 3 2 3 0 3 5 5 7 6 6 6 9
6 6 3 4 5 3 0 3 4 6 4 4 5 7
6 7 4 6 6 5 3 0 4 5 3 3 4 7
9 9 6 6 6 5 4 4 0 3 4 4 6 9
10 10 7 8 8 7 6 5 3 0 4 4 6 9
7 8 5 7 7 6 4 3 4 4 0 2 4 6
7 8 5 7 7 6 4 3 4 4 2 0 4 6
5 6 5 7 8 6 5 4 6 6 4 4 0 4
7 8 8 10 10 9 7 7 9 9 6 6 4 0
