12
30
96 99 115 5 116 149 120 134 130 98 35 91 73 64 16 34 19 149 122 23 145 39 10 131 71 81 147 70 1 44
136 21 136 14 67 96 19 134 117 136 72 43 26 103 35 54 121 115 46 103 15 82 25 65 18 149 45 43 136 110
98 94 121 145 21 120 75 119 69 98 113 63 25 72 125 72 108 138 91 82 84 75 115 142 113 90 113 112 101 78
105 51 126 143 147 131 86 70 22 142 76 131 118 88 66 132 74 23 132 53 125 133 26 48 76 35 127 114 64 6
76 43 99 21 70 4 90 92 24 144 60 62 56 137 116 136 39 26 147 27 9 51 14 102 16 142 46 41 55 118
63 98 54 133 69 28 133 49 78 132 131 77 74 150 73 126 36 19 112 25 57 84 4 128 60 108 50 23 20 123
10 118 22 39 134 11 101 83 95 87 31 29 44 33 131 39 2 90 3 112 3 103 84 146 48 84 75 32 23 97
106 65 140 24 76 83 23 82 105 39 7 36 2 131 84 69 121 130 77 4 5 25 53 74 99 66 128 14 44 11
34 128 102 67 119 87 13 62 40 79 26 141 49 146 98 58 55 64 40 59 150 108 109 74 119 51 30 137 7 131
27 49 144 75 4 27 127 20 3 36 78 9 47 70 137 39 36 56 34 48 81 4 119 82 92 125 91 133 42 114
11 35 5 43 73 33 106 137 149 70 144 48 37 135 11 22 124 39 82 51 43 116 52 35 5 46 63 8 119 110
66 72 53 101 2 97 115 5 23 85 25 1 56 21 33 111 19 16 122 104 14 110 26 134 45 79 131 54 109 68
0 9 13 17 35 33 33 48 39 35 29 14 8 4
9 0 7 11 28 26 27 42 34 34 28 13 14 10
13 7 0 7 27 23 22 37 28 29 24 11 16 15
17 11 7 0 22 18 18 33 26 30 26 15 21 19
35 28 27 22 0 9 24 29 34 46 45 36 40 36
33 26 23 18 9 0 16 23 26 39 38 31 37 35
33 27 22 18 24 16 0 17 12 26 27 26 35 35
48 42 37 33 29 23 17 0 18 36 39 41 50 50
39 34 28 26 34 26 12 18 0 19 23 29 39 41
35 34 29 30 46 39 26 36 19 0 9 23 33 37
29 28 24 26 45 38 27 39 23 9 0 17 26 31
14 13 11 15 36 31 26 41 29 23 17 0 12 16
8 14 16 21 40 37 35 50 39 33 26 12 0 8
4 10 15 19 36 35 35 50 41 37 31 16 8 0
