12
30
32 139 68 127 1 44 68 38 67 61 45 132 64 148 63 124 72 104 76 101 107 91 109 67 10 71 28 6 146 78
150 90 76 9 1 16 78 147 106 126 17 72 18 92 39 105 64 18 63 108 10 30 90 14 8 69 43 94 19 142
137 59 6 138 20 12 20 36 5 80 8 130 110 5 102 117 145 27 97 57 16 98 67 99 80 26 40 132 50 26
133 110 37 117 85 122 18 46 141 64 43 89 77 47 1 21 79 13 61 129 97 56 24 38 66 57 126 29 40 107
101 31 109 102 56 17 141 96 45 57 90 107 147 49 48 45 136 31 78 101 131 96 57 150 141 10 85 35 139 141
118 55 14 33 39 3 25 111 87 40 127 114 83 13 15 150 112 82 45 101 50 92 8 87 4 87 122 28 19 121
28 2 87 6 111 15 15 74 143 49 38 147 90 131 81 147 102 138 142 23 10 55 116 91 145 23 84 62 102 41
78 60 77 28 13 21 50 3 149 88 25 103 7 21 121 25 30 58 77 40 72 78 51 78 37 12 99 113 89 149
139 59 84 136 147 60 83 31 25 147 103 120 85 88 134 56 53 83 123 25 36 88 53 132 89 105 94 149 32 15
147 108 4 77 10 32 10 136 117 137 104 29 43 104 147 105 92 127 134 112 147 122 103 127 129 24 49 135 58 64
47 60 14 106 125 134 27 52 1 147 14 61 111 57 104 136 113 91 27 133 35 49 115 82 1 58 128 131 97 121
131 100 130 43 135 39 93 28 74 66 60 103 88 116 121 135 32 97 75 52 18 72 64 31 72 47 100 25 135 53
0 12 22 26 20 32 37 41 48 31 30 32 27 12
12 0 13 17 16 29 33 38 50 37 36 35 29 16
22 13 0 5 12 22 23 31 47 38 38 34 27 21
26 17 5 0 13 21 21 30 47 40 40 34 28 23
20 16 12 13 0 15 19 24 37 28 28 24 17 13
32 29 22 21 15 0 10 11 27 26 27 18 13 22
37 33 23 21 19 10 0 12 31 34 35 26 21 29
41 38 31 30 24 11 12 0 21 29 30 20 18 30
48 50 47 47 37 27 31 21 0 23 25 18 23 38
31 37 38 40 28 26 34 29 23 0 3 10 15 22
30 36 38 40 28 27 35 30 25 3 0 11 15 21
32 35 34 34 24 18 26 20 18 10 11 0 8 21
27 29 27 28 17 13 21 18 23 15 15 8 0 17
12 16 21 23 13 22 29 30 38 22 21 21 17 0
