12
20
46 112 40 108 79 47 25 70 31 39 129 112 103 3 106 83 54 46 107 41
123 133 18 82 93 54 95 113 135 68 76 108 75 81 136 142 64 4 132 135
98 75 88 11 61 114 98 33 35 124 77 52 37 123 31 60 79 28 27 139
117 142 117 13 98 107 43 126 62 138 56 10 11 99 51 97 111 11 9 120
25 133 63 144 30 34 107 54 41 78 120 110 98 8 119 76 31 6 15 147
136 5 66 24 136 69 67 55 87 124 98 93 91 81 76 49 74 106 85 117
30 71 6 131 145 92 125 89 80 102 9 64 71 132 80 39 100 132 9 147
46 87 14 39 7 104 84 130 149 69 136 90 23 64 33 37 139 44 66 25
102 82 111 135 25 130 93 7 137 132 112 124 127 113 112 84 137 58 84 131
98 8 20 29 145 1 49 121 82 137 6 52 58 117 118 52 98 22 55 83
57 150 77 124 57 2 133 81 99 32 8 1 128 73 63 89 113 113 144 130
55 104 90 51 56 18 82 127 48 87 119 148 39 125 134 9 92 36 75 70
0 13 14 20 20 35 50 40 35 32 33 35 36 30
13 0 7 14 18 35 48 41 36 37 40 43 45 38
14 7 0 9 13 29 43 36 31 32 37 40 42 34
20 14 9 0 9 23 35 31 26 29 36 39 41 34
20 18 13 9 0 18 33 25 20 22 29 32 34 27
35 35 29 23 18 0 18 11 8 16 27 31 33 28
50 48 43 35 33 18 0 21 21 30 41 45 47 43
40 41 36 31 25 11 21 0 6 12 22 26 27 24
35 36 31 26 20 8 21 6 0 10 21 25 27 23
32 37 32 29 22 16 30 12 10 0 13 17 19 14
33 40 37 36 29 27 41 22 21 13 0 6 8 5
35 43 40 39 32 31 45 26 25 17 6 0 3 7
36 45 42 41 34 33 47 27 27 19 8 3 0 9
30 38 34 34 27 28 43 24 23 14 5 7 9 0
