12
30
145 94 35 73 147 76 42 81 37 84 94 117 92 49 118 100 121 42 149 143 138 41 133 138 59 26 80 50 107 35
130 71 34 60 66 79 105 20 9 63 11 17 97 2 132 85 42 22 139 111 9 45 126 112 71 139 59 57 106 89
21 93 1 2 66 43 124 100 95 95 37 39 87 144 135 104 113 93 134 127 62 23 22 30 54 23 38 95 10 92
77 87 119 118 131 85 50 147 84 142 132 100 21 70 122 13 84 24 150 55 44 71 34 101 38 10 8 141 72 108
31 137 39 8 39 136 16 87 150 129 54 150 59 141 19 20 87 13 120 93 36 148 124 96 116 93 64 61 110 24
31 101 40 126 134 84 110 53 133 21 118 11 11 62 150 118 14 5 6 117 70 97 86 102 53 92 47 9 95 97
77 30 69 18 67 31 90 144 49 35 89 8 60 7 24 14 128 115 104 109 58 36 99 11 133 73 100 66 11 124
20 91 23 34 44 26 85 91 140 147 26 123 135 127 59 79 85 83 6 137 25 35 74 40 90 129 134 35 79 74
4 120 51 7 111 103 3 15 86 79 53 75 136 69 95 77 66 29 45 90 148 104 71 40 17 143 56 87 128 43
34 36 3 111 44 30 116 136 28 15 137 48 51 148 127 65 118 145 74 79 23 46 49 9 73 103 130 12 111 124
71 78 4 38 41 56 98 40 110 34 83 142 147 140 66 67 79 142 112 29 69 105 86 79 109 112 103 56 114 33
116 2 43 63 103 61 135 43 2 8 8 112 89 49 21 17 136 3 147 72 64 8 75 46 31 48 116 64 88 92
0 14 16 22 31 38 39 32 31 17 20 18 12 11
14 0 11 19 41 48 50 45 43 29 26 22 15 12
16 11 0 10 37 43 47 43 44 30 33 29 22 20
22 19 10 0 35 40 46 45 48 34 40 38 30 28
31 41 37 35 0 9 13 17 28 22 42 43 40 41
38 48 43 40 9 0 13 21 33 29 49 50 47 48
39 50 47 46 13 13 0 12 24 26 45 48 46 47
32 45 43 45 17 21 12 0 14 18 36 39 39 40
31 43 44 48 28 33 24 14 0 16 27 31 33 35
17 29 30 34 22 29 26 18 16 0 22 24 22 24
20 26 33 40 42 49 45 36 27 22 0 6 13 15
18 22 29 38 43 50 48 39 31 24 6 0 9 11
12 15 22 30 40 47 46 39 33 22 13 9 0 4
11 12 20 28 41 48 47 40 35 24 15 11 4 0
