12
30
66 132 88 74 111 136 72 55 73 89 79 27 119 83 100 82 27 114 28 38 82 117 2 113 79 116 14 90 47 53
137 99 26 113 110 17 25 51 25 52 128 103 20 86 22 28 79 140 147 9 53 89 56 99 83 71 38 145 34 90
52 147 57 66 41 136 87 117 75 34 108 89 125 124 49 7 103 25 37 85 47 79 41 129 142 67 14 148 84 119
19 23 58 42 9 102 102 135 57 30 32 93 31 109 52 44 129 66 121 81 49 76 94 10 97 85 145 103 13 89
45 127 113 25 141 29 130 111 84 122 125 138 87 29 9 148 121 90 37 119 69 27 98 16 83 94 140 15 39 84
54 148 48 116 136 78 136 34 45 30 145 8 109 103 102 9 73 95 111 134 93 20 97 31 145 31 1 56 121 14
89 4 20 89 25 96 127 119 72 36 57 134 33 135 148 93 57 96 104 111 74 6 125 110 65 139 38 6 34 36
99 64 126 58 57 136 29 73 88 106 27 86 82 136 132 143 102 80 122 92 93 66 88 38 56 47 51 34 130 123
67 132 101 113 83 67 12 83 100 26 82 45 146 102 135 18 101 52 146 27 122 121 131 5 39 131 121 45 126 32
60 8 116 79 18 47 116 94 41 82 24 41 110 59 140 90 139 8 56 24 61 46 98 42 106 58 133 76 73 48
98 56 136 148 147 1 11 116 20 50 3 24 84 34 125 107 91 49 26 50 45 111 13 101 96 74 96 138 123 28
13 72 31 11 36 114 2 136 142 20 103 8 33 82 57 123 40 5 66 44 52 98 73 137 16 77 138 93 148 67
0 19 18 19 24 17 14 23 33 25 23 18 13 11
19 0 7 25 36 32 31 40 50 39 28 21 18 22
18 7 0 20 32 29 28 37 48 39 31 24 20 23
19 25 20 0 14 16 20 27 36 40 41 35 30 29
24 36 32 14 0 11 18 20 26 40 45 41 36 33
17 32 29 16 11 0 9 13 22 31 37 33 28 25
14 31 28 20 18 9 0 11 21 23 31 27 23 19
23 40 37 27 20 13 11 0 12 24 36 34 31 26
33 50 48 36 26 22 21 12 0 31 45 44 41 36
25 39 39 40 40 31 23 24 31 0 19 22 22 18
23 28 31 41 45 37 31 36 45 19 0 9 13 14
18 21 24 35 41 33 27 34 44 22 9 0 7 10
13 18 20 30 36 28 23 31 41 22 13 7 0 6
11 22 23 29 33 25 19 26 36 18 14 10 6 0
