12
20
78 141 21 49 94 129 72 5 85 9 123 85 9 120 141 93 72 111 142 55
26 67 31 123 3 60 94 67 31 69 29 40 71 130 134 96 97 16 31 30
37 48 14 57 150 144 58 46 82 136 76 96 137 132 104 47 111 113 149 75
99 127 146 54 149 114 125 68 108 41 87 21 51 89 74 84 58 138 20 43
87 99 46 82 44 122 34 48 56 84 95 29 32 141 128 89 90 60 23 116
112 48 1 143 131 65 7 85 31 57 30 28 139 4 126 73 83 22 61 130
24 81 100 62 133 132 39 121 61 10 131 86 123 89 65 5 94 66 61 149
107 35 120 82 38 66 6 140 76 11 126 7 57 95 101 84 89 50 61 104
72 126 77 41 38 71 17 136 31 120 78 129 81 3 57 148 50 105 51 108
62 129 45 135 12 6 136 21 4 14 16 124 80 13 118 85 109 29 145 113
51 94 66 65 63 24 32 93 149 43 128 77 35 77 25 10 19 128 142 20
130 88 106 77 65 80 148 63 69 145 91 7 57 8 26 16 109 40 109 39
0 14 14 32 28 28 32 43 36 33 34 28 21 9
14 0 11 23 26 33 36 48 42 39 42 39 33 20
14 11 0 20 17 23 26 39 33 30 34 33 30 21
32 23 20 0 17 34 35 47 43 42 47 50 48 40
28 26 17 17 0 19 19 31 27 26 32 38 39 35
28 33 23 34 19 0 6 17 11 9 14 23 27 31
32 36 26 35 19 6 0 14 10 9 15 26 32 35
43 48 39 47 31 17 14 0 9 12 14 29 38 45
36 42 33 43 27 11 10 9 0 5 8 23 31 38
33 39 30 42 26 9 9 12 5 0 7 20 28 34
34 42 34 47 32 14 15 14 8 7 0 17 26 35
28 39 33 50 38 23 26 29 23 20 17 0 12 25
21 33 30 48 39 27 32 38 31 28 26 12 0 16
9 20 21 40 35 31 35 45 38 34 35 25 16 0
