12
20
78 143 124 101 67 75 56 112 42 118 149 15 7 25 131 50 108 28 29 62
103 127 56 14 49 108 147 134 94 147 145 149 103 89 1 124 136 116 18 138
32 23 62 93 145 86 26 150 88 141 24 115 97 144 45 63 5 50 69 82
40 98 58 18 92 146 134 112 4 149 70 29 93 128 4 149 103 4 82 115
143 138 89 19 1 114 38 150 44 96 69 92 28 137 50 102 143 16 52 82
149 107 128 92 139 139 34 18 56 54 124 14 47 12 145 135 143 74 48 30
142 96 112 51 20 106 93 92 52 20 36 95 96 9 12 74 46 143 108 58
17 11 6 93 35 106 54 58 88 80 39 19 144 33 2 13 27 63 2 109
138 121 71 57 5 111 150 86 105 103 68 99 25 97 124 87 66 112 56 91
3 81 145 134 115 134 96 138 57 106 61 42 126 140 39 31 109 9 129 7
26 148 101 117 42 76 97 8 64 65 139 105 51 83 1 52 92 105 64 33
130 53 80 7 2 27 41 38 37 102 86 51 58 134 69 113 111 135 128 14
0 10 17 23 28 32 44 32 28 22 16 16 12 6
10 0 21 28 30 33 50 40 36 30 25 24 19 14
17 21 0 9 14 18 31 23 29 21 20 14 9 18
23 28 9 0 13 16 24 18 29 21 21 16 13 24
28 30 14 13 0 5 29 28 40 32 32 26 21 30
32 33 18 16 5 0 30 30 43 35 35 30 25 34
44 50 31 24 29 30 0 17 36 31 36 32 34 44
32 40 23 18 28 30 17 0 21 16 22 18 22 30
28 36 29 29 40 43 36 21 0 10 13 17 23 24
22 30 21 21 32 35 31 16 10 0 8 9 15 19
16 25 20 21 32 35 36 22 13 8 0 7 12 13
16 24 14 16 26 30 32 18 17 9 7 0 8 14
12 19 9 13 21 25 34 22 23 15 12 8 0 12
6 14 18 24 30 34 44 30 24 19 13 14 12 0
