12
10
81 19 136 148 116 92 104 8 130 109
97 75 95 65 122 27 127 114 57 84
38 128 36 11 128 31 3 120 69 19
97 67 120 2 97 104 53 11 68 132
6 122 15 48 132 33 53 16 8 13
24 125 120 62 140 129 56 129 70 117
143 81 30 65 95 11 24 62 147 17
116 36 15 106 122 31 42 40 110 93
1 87 114 22 58 32 116 20 87 28
56 28 91 98 60 147 1 2 23 36
146 107 41 88 11 92 4 78 41 148
132 72 66 124 58 64 88 13 7 6
0 16 23 37 42 38 37 48 50 35 35 34 32 15
16 0 9 23 27 24 23 36 39 27 31 30 27 12
23 9 0 22 22 17 16 28 31 21 25 25 22 13
37 23 22 0 15 17 18 34 39 37 44 44 42 32
42 27 22 15 0 7 9 21 27 30 38 38 36 33
38 24 17 17 7 0 3 18 24 24 32 32 31 28
37 23 16 18 9 3 0 17 23 22 30 31 29 27
48 36 28 34 21 18 17 0 8 20 28 29 29 36
50 39 31 39 27 24 23 8 0 19 25 27 27 37
35 27 21 37 30 24 22 20 19 0 10 11 10 22
35 31 25 44 38 32 30 28 25 10 0 3 5 22
34 30 25 44 38 32 31 29 27 11 3 0 4 21
32 27 22 42 36 31 29 29 27 10 5 4 0 19
15 12 13 32 33 28 27 36 37 22 22 21 19 0
