12
10
9 93 129 19 34 19 26 9 66 52
52 51 7 101 41 81 91 39 4 106
45 29 40 49 75 52 94 57 104 34
16 11 129 21 44 41 138 48 71 14
17 95 136 135 135 41 129 52 55 118
68 33 16 106 100 1 77 85 4 142
150 60 149 43 58 64 29 9 18 13
24 1 82 128 89 140 30 62 63 86
1 138 7 44 39 78 116 91 84 136
85 49 134 132 89 78 6 63 26 63
112 8 71 34 33 68 138 25 101 50
14 12 6 46 109 21 149 133 38 120
0 6 11 12 14 31 36 34 37 42 47 35 33 7
6 0 9 12 15 29 32 29 32 37 42 30 30 9
11 9 0 8 8 22 28 27 30 36 42 30 35 16
12 12 8 0 5 22 33 33 36 42 48 36 40 17
14 15 8 5 0 19 31 32 35 41 48 36 42 20
31 29 22 22 19 0 22 28 29 37 44 36 50 36
36 32 28 33 31 22 0 10 9 16 23 19 39 39
34 29 27 33 32 28 10 0 5 11 18 10 31 35
37 32 30 36 35 29 9 5 0 9 16 12 34 39
42 37 36 42 41 37 16 11 9 0 9 10 32 43
47 42 42 48 48 44 23 18 16 9 0 14 32 47
35 30 30 36 36 36 19 10 12 10 14 0 24 35
33 30 35 40 42 50 39 31 34 32 32 24 0 29
7 9 16 17 20 36 39 35 39 43 47 35 29 0
