12
10
138 89 112 66 95 4 103 131 93 28
149 56 144 65 1 54 146 76 100 15
22 88 150 134 3 128 62 129 37 74
39 102 131 38 116 15 41 101 11 83
46 30 13 144 48 28 75 96 73 125
63 40 45 145 78 110 75 98 2 122
143 150 112 79 74 77 64 36 52 38
146 128 118 142 147 85 149 83 28 80
58 54 92 109 76 2 133 141 39 120
12 132 63 69 61 98 33 99 93 26
40 55 53 88 94 17 55 149 48 123
26 117 149 37 67 16 40 105 80 113
0 12 10 29 27 26 24 13 10 16 29 27 18 9
12 0 4 29 28 31 33 22 18 26 39 36 26 14
10 4 0 27 26 28 30 20 16 24 37 35 25 13
29 29 27 0 5 15 26 25 24 34 46 50 43 36
27 28 26 5 0 11 23 22 21 31 42 47 41 34
26 31 28 15 11 0 13 17 18 25 35 42 36 33
24 33 30 26 23 13 0 13 16 17 23 32 29 30
13 22 20 25 22 17 13 0 6 10 23 27 21 19
10 18 16 24 21 18 16 6 0 12 26 28 21 16
16 26 24 34 31 25 17 10 12 0 15 18 14 17
29 39 37 46 42 35 23 23 26 15 0 15 19 29
27 36 35 50 47 42 32 27 28 18 15 0 11 23
18 26 25 43 41 36 29 21 21 14 19 11 0 14
9 14 13 36 34 33 30 19 16 17 29 23 14 0
