12
10
47 101 130 9 70 19 2 123 125 79
9 96 86 74 132 67 78 80 53 62
68 56 41 11 14 3 40 56 15 37
115 75 84 74 134 31 57 10 148 100
119 76 120 93 115 51 88 77 6 28
56 116 105 118 35 8 106 36 134 59
57 120 136 54 54 146 105 60 61 35
56 43 41 81 49 25 150 65 87 23
113 146 53 58 49 54 37 57 69 16
149 131 19 99 20 87 70 75 95 142
16 112 56 104 130 101 124 147 54 28
136 99 39 112 49 148 35 39 63 33
0 11 22 24 43 41 41 39 29 21 15 18 13 3
11 0 23 32 50 49 50 49 37 28 24 27 22 12
22 23 0 22 38 37 46 45 47 41 30 24 26 23
24 32 22 0 20 19 26 25 36 33 21 11 17 25
43 50 38 20 0 4 21 22 46 47 36 27 33 43
41 49 37 19 4 0 19 20 44 45 34 25 31 41
41 50 46 26 21 19 0 4 32 37 29 26 30 41
39 49 45 25 22 20 4 0 30 34 27 24 28 39
29 37 47 36 46 44 32 30 0 11 18 27 24 28
21 28 41 33 47 45 37 34 11 0 14 24 19 20
15 24 30 21 36 34 29 27 18 14 0 12 7 14
18 27 24 11 27 25 26 24 27 24 12 0 8 18
13 22 26 17 33 31 30 28 24 19 7 8 0 13
3 12 23 25 43 41 41 39 28 20 14 18 13 0
