12
20
14 47 115 82 31 143 7 56 149 8 87 103 99 4 103 23 58 126 12 25
127 138 131 37 89 74 105 7 125 2 23 96 74 57 126 17 127 58 141 7
11 46 91 61 144 53 35 139 17 149 37 16 6 41 79 133 39 150 140 111
11 58 50 54 81 52 72 149 79 73 99 129 62 25 150 118 120 126 139 51
6 83 89 104 1 134 7 15 135 99 61 83 80 97 11 91 84 112 123 8
137 109 142 98 51 12 70 31 113 55 64 52 88 1 16 116 28 75 73 48
95 144 107 139 101 140 26 15 68 16 59 35 31 81 100 143 62 128 133 120
135 79 30 43 149 6 38 146 83 13 100 100 129 71 17 48 17 81 33 43
10 22 93 28 5 132 8 81 148 28 57 1 14 27 19 17 82 35 143 119
114 77 35 120 16 24 104 38 63 110 8 42 1 113 122 33 54 25 76 112
67 114 47 90 27 140 36 100 87 19 43 77 135 3 42 37 12 88 23 128
30 89 12 34 141 149 114 103 117 115 45 26 2 139 33 92 15 50 21 77
0 3 17 27 36 42 32 29 28 30 47 20 17 13
3 0 16 25 35 41 32 29 29 31 47 21 17 14
17 16 0 13 21 27 20 19 23 25 42 20 17 19
27 25 13 0 15 20 25 26 31 35 50 31 29 31
36 35 21 15 0 7 19 23 29 32 45 34 32 37
42 41 27 20 7 0 22 26 33 36 47 38 37 42
32 32 20 25 19 22 0 6 13 16 28 21 21 27
29 29 19 26 23 26 6 0 8 11 26 16 17 23
28 29 23 31 29 33 13 8 0 5 21 12 14 20
30 31 25 35 32 36 16 11 5 0 19 12 15 21
47 47 42 50 45 47 28 26 21 19 0 28 32 37
20 21 20 31 34 38 21 16 12 12 28 0 5 10
17 17 17 29 32 37 21 17 14 15 32 5 0 8
13 14 19 31 37 42 27 23 20 21 37 10 8 0
