12
10
102 125 6 80 49 144 9 33 95 56
50 128 4 17 58 126 108 10 17 51
7 141 3 70 26 14 130 76 11 139
75 15 2 149 72 108 81 118 95 121
88 62 77 92 105 20 125 96 136 31
56 145 13 4 53 116 89 133 47 50
97 60 13 105 4 70 91 114 19 68
95 115 92 135 133 1 50 108 9 128
110 22 128 136 121 89 71 134 67 100
62 106 37 114 100 9 59 63 91 139
68 45 79 29 16 125 57 127 36 53
68 89 8 150 134 98 113 84 29 98
0 20 33 41 42 45 50 47 46 38 37 42 38 35
20 0 15 26 28 33 41 38 39 33 33 40 39 40
33 15 0 17 19 25 35 33 35 32 33 40 41 46
41 26 17 0 4 10 21 19 23 22 24 31 34 42
42 28 19 4 0 7 18 17 21 21 23 29 33 41
45 33 25 10 7 0 12 11 16 18 20 25 30 39
50 41 35 21 18 12 0 5 9 16 18 20 26 36
47 38 33 19 17 11 5 0 7 12 15 18 24 33
46 39 35 23 21 16 9 7 0 9 11 12 19 28
38 33 32 22 21 18 16 12 9 0 4 10 14 23
37 33 33 24 23 20 18 15 11 4 0 8 12 20
42 40 40 31 29 25 20 18 12 10 8 0 8 18
38 39 41 34 33 30 26 24 19 14 12 8 0 11
35 40 46 42 41 39 36 33 28 23 20 18 11 0
