12
20
63 7 133 111 62 23 91 27 60 28 112 115 75 83 87 42 104 72 13 45
108 20 68 43 82 138 130 78 8 41 69 85 108 14 118 124 147 76 101 49
49 143 4 131 112 123 93 53 26 88 67 82 52 99 103 3 17 137 42 95
126 124 39 16 92 53 36 100 64 150 116 115 72 71 105 80 106 65 123 124
81 149 74 41 94 49 114 74 131 127 1 52 57 75 134 21 123 9 129 16
14 101 89 42 13 128 17 80 127 16 149 28 66 118 136 104 12 2 148 46
45 91 128 74 24 5 21 14 138 5 86 94 146 95 117 118 103 35 57 141
71 29 18 148 92 103 107 109 120 8 142 110 14 46 11 78 118 16 75 96
15 11 87 139 77 82 66 64 92 97 114 95 4 76 36 113 28 60 38 146
9 36 85 9 119 109 125 33 72 104 35 79 141 118 60 69 20 4 37 59
101 124 43 100 33 40 136 32 16 37 113 84 100 78 128 134 60 130 82 88
53 4 94 51 150 87 47 61 40 68 33 34 44 53 30 31 145 32 148 26
0 8 16 29 35 50 43 39 30 27 23 12 11 6
8 0 10 24 30 45 39 38 29 27 23 15 16 9
16 10 0 15 21 36 30 31 23 22 17 17 20 13
29 24 15 0 8 24 20 28 24 25 22 28 33 26
35 30 21 8 0 18 14 25 24 25 23 32 37 31
50 45 36 24 18 0 10 26 31 33 34 45 50 46
43 39 30 20 14 10 0 19 22 25 26 38 43 38
39 38 31 28 25 26 19 0 11 14 18 30 35 34
30 29 23 24 24 31 22 11 0 5 8 21 26 25
27 27 22 25 25 33 25 14 5 0 6 18 23 22
23 23 17 22 23 34 26 18 8 6 0 15 20 18
12 15 17 28 32 45 38 30 21 18 15 0 7 8
11 16 20 33 37 50 43 35 26 23 20 7 0 9
6 9 13 26 31 46 38 34 25 22 18 8 9 0
