12
30
139 102 124 133 78 95 29 114 130 114 39 39 16 13 92 98 83 30 42 94 59 57 73 79 150 31 4 1 98 42
146 143 146 143 113 6 149 15 85 17 45 45 146 133 95 44 87 42 97 29 10 50 75 82 93 26 99 42 128 74
79 86 94 47 1 16 114 69 55 38 146 148 53 20 117 131 93 77 149 46 93 119 13 76 9 107 146 98 11 38
30 5 140 61 148 12 115 137 100 145 56 88 49 139 35 136 52 111 86 105 55 27 11 89 83 135 15 121 62 9
107 52 149 45 112 112 52 103 39 20 139 127 76 122 30 97 110 119 143 56 118 1 137 110 118 100 88 22 107 28
138 61 13 9 81 51 113 146 57 14 138 114 36 74 35 67 66 78 50 143 46 61 132 2 140 96 45 110 134 138
48 11 97 111 131 3 16 47 67 40 25 50 99 36 46 33 43 131 35 88 61 149 77 117 128 125 11 128 150 139
26 82 64 3 3 110 66 148 7 142 14 20 34 78 3 68 79 24 2 33 115 20 135 57 118 91 143 25 22 102
96 34 102 86 48 59 25 15 38 104 25 15 55 97 43 106 67 117 117 144 57 136 131 133 54 69 7 52 87 79
34 80 55 82 28 81 90 63 116 127 76 20 60 104 46 110 35 13 128 92 106 78 130 139 64 1 115 149 111 63
10 147 119 58 51 69 45 142 35 26 22 33 45 148 14 75 42 92 122 72 101 22 81 35 34 4 82 113 41 133
86 120 71 59 6 61 128 47 95 42 46 112 89 76 90 123 141 23 97 50 2 29 134 119 134 85 50 82 75 50
0 12 19 22 24 26 36 46 36 28 36 24 22 4
12 0 12 15 16 17 25 36 31 24 38 29 28 14
19 12 0 5 6 10 22 29 20 14 30 24 25 19
22 15 5 0 3 8 20 27 17 12 29 25 26 22
24 16 6 3 0 8 20 26 17 11 30 26 27 23
26 17 10 8 8 0 14 21 21 17 36 32 33 26
36 25 22 20 20 14 0 14 29 28 47 44 45 37
46 36 29 27 26 21 14 0 28 30 48 49 50 46
36 31 20 17 17 21 29 28 0 9 22 27 29 34
28 24 14 12 11 17 28 30 9 0 20 21 23 27
36 38 30 29 30 36 47 48 22 20 0 15 19 34
24 29 24 25 26 32 44 49 27 21 15 0 5 22
22 28 25 26 27 33 45 50 29 23 19 5 0 20
4 14 19 22 23 26 37 46 34 27 34 22 20 0
