12
20
117 122 136 132 9 41 146 127 100 109 28 26 123 84 123 55 55 1 6 150
14 85 115 109 114 147 87 16 14 7 77 51 62 43 81 51 121 111 122 53
67 126 62 58 10 19 47 87 16 71 117 70 79 46 109 22 81 80 58 48
139 43 39 125 11 55 147 81 86 81 23 129 138 146 134 92 92 26 103 42
103 22 128 72 130 79 102 134 85 26 62 23 99 48 9 144 66 11 131 128
75 145 32 69 22 93 22 58 150 100 15 117 103 142 114 106 48 142 140 122
148 17 7 1 146 38 16 133 41 63 86 76 11 140 3 82 136 76 101 2
74 123 1 120 55 2 112 1 64 81 73 71 69 85 87 4 108 112 100 146
90 29 72 99 92 67 67 38 17 140 51 119 92 38 136 13 70 22 121 35
72 79 9 9 85 44 21 142 4 2 54 34 78 72 27 148 86 137 74 100
24 9 36 136 55 105 134 148 40 28 17 148 76 127 37 145 42 61 34 130
48 72 12 83 126 38 90 33 103 38 17 149 32 38 91 18 5 48 87 83
0 20 13 14 15 14 33 32 27 26 23 23 21 22
20 0 19 20 21 27 35 37 40 41 40 41 39 39
13 19 0 3 4 11 22 22 23 24 27 30 28 33
14 20 3 0 3 10 21 21 22 23 26 29 28 33
15 21 4 3 0 11 20 20 22 23 27 30 29 34
14 27 11 10 11 0 24 22 15 15 18 22 21 28
33 35 22 21 20 24 0 7 25 28 38 43 42 50
32 37 22 21 20 22 7 0 20 23 34 39 39 48
27 40 23 22 22 15 25 20 0 4 16 22 22 34
26 41 24 23 23 15 28 23 4 0 14 20 20 31
23 40 27 26 27 18 38 34 16 14 0 7 8 20
23 41 30 29 30 22 43 39 22 20 7 0 3 15
21 39 28 28 29 21 42 39 22 20 8 3 0 14
22 39 33 33 34 28 50 48 34 31 20 15 14 0
