12
20
57 28 48 86 27 105 120 56 118 111 82 6 57 67 139 69 78 53 116 100
39 142 70 119 124 147 57 65 48 108 12 115 102 146 99 97 47 19 23 4
101 23 62 68 50 144 99 114 52 47 14 12 66 16 135 15 63 35 121 48
97 60 147 82 15 3 87 64 12 15 40 6 19 24 125 13 56 62 116 113
78 70 26 40 136 65 118 127 147 99 10 72 76 129 42 139 54 89 101 139
72 50 128 26 89 13 86 12 27 63 87 1 4 90 40 57 83 73 8 134
150 124 66 42 64 50 37 31 90 127 14 136 95 23 144 44 116 127 30 93
42 131 79 37 120 73 10 11 115 2 77 18 65 138 67 135 133 19 16 65
98 93 55 98 22 21 87 64 119 7 123 49 20 149 104 73 52 96 76 16
115 54 39 103 81 58 103 95 103 21 91 42 122 79 9 81 127 84 105 31
116 116 88 9 83 30 31 99 150 81 75 122 26 143 45 69 98 121 1 45
112 113 45 112 24 73 55 110 136 63 91 71 122 91 47 126 106 9 116 98
0 16 12 15 16 20 39 38 40 33 23 19 12 7
16 0 8 12 16 11 26 23 27 25 27 25 24 21
12 8 0 7 10 9 29 29 34 31 29 26 22 16
15 12 7 0 5 8 27 31 37 36 34 31 26 18
16 16 10 5 0 10 29 34 40 39 36 33 27 17
20 11 9 8 10 0 22 25 33 34 36 33 30 23
39 26 29 27 29 22 0 17 30 40 50 49 48 43
38 23 29 31 34 25 17 0 15 26 42 41 44 43
40 27 34 37 40 33 30 15 0 16 36 37 42 45
33 25 31 36 39 34 40 26 16 0 23 24 31 38
23 27 29 34 36 36 50 42 36 23 0 5 15 26
19 25 26 31 33 33 49 41 37 24 5 0 11 22
12 24 22 26 27 30 48 44 42 31 15 11 0 14
7 21 16 18 17 23 43 43 45 38 26 22 14 0
