12
30
51 34 6 46 110 91 85 125 78 97 83 133 44 86 72 21 10 48 52 122 122 5 108 65 27 55 13 4 69 112
126 142 105 129 18 95 101 5 84 29 65 113 142 72 53 75 8 58 50 122 97 105 11 102 2 22 72 50 2 77
34 143 86 135 53 48 93 77 4 138 52 118 17 5 27 110 67 15 79 121 30 1 111 142 127 150 65 58 78 47
80 12 116 85 45 105 138 8 124 27 127 139 144 117 95 91 96 117 11 88 105 79 66 114 35 62 31 36 55 128
53 115 51 144 115 14 74 53 134 54 90 55 25 108 125 82 148 142 111 72 84 43 119 78 68 96 131 147 72 52
36 62 21 109 121 118 120 87 105 66 63 135 136 149 45 111 133 2 123 116 127 38 132 139 144 85 110 87 89 13
32 105 4 23 142 138 16 9 129 46 19 25 25 92 119 71 145 81 79 116 66 2 47 73 64 132 53 61 150 60
52 50 118 40 28 43 40 72 59 26 121 51 55 117 24 55 53 92 142 145 102 94 38 148 7 73 15 90 68 5
42 68 130 141 136 65 126 77 54 98 123 129 62 81 142 18 89 88 14 93 111 124 82 6 8 10 98 77 41 8
117 76 120 75 79 80 131 53 121 125 144 147 32 111 105 133 131 40 107 66 39 149 123 95 72 110 134 76 40 77
33 122 64 31 90 49 133 100 17 105 150 88 37 103 148 114 56 38 27 79 112 100 85 90 116 99 93 104 85 97
52 27 127 80 3 129 113 130 85 63 8 110 40 77 47 107 99 141 22 77 85 100 87 55 25 77 66 143 87 59
0 12 16 19 29 26 29 36 25 28 12 12 9 5
12 0 8 13 22 15 18 27 19 31 22 22 17 15
16 8 0 7 16 14 18 30 23 37 26 25 17 18
19 13 7 0 11 15 20 33 28 42 30 27 19 21
29 22 16 11 0 17 21 36 34 50 40 37 28 31
26 15 14 15 17 0 6 21 19 39 35 36 29 28
29 18 18 20 21 6 0 18 19 40 38 39 33 32
36 27 30 33 36 21 18 0 14 34 41 45 42 39
25 19 23 28 34 19 19 14 0 23 29 34 32 28
28 31 37 42 50 39 40 34 23 0 23 31 35 29
12 22 26 30 40 35 38 41 29 23 0 10 17 11
12 22 25 27 37 36 39 45 34 31 10 0 11 9
9 17 17 19 28 29 33 42 32 35 17 11 0 7
5 15 18 21 31 28 32 39 28 29 11 9 7 0
