12
20
71 48 53 84 133 147 20 87 2 40 55 107 29 2 16 133 133 146 109 19
112 147 101 80 81 91 36 143 64 112 131 111 96 71 114 14 60 7 22 147
39 68 7 61 40 144 7 115 59 2 33 1 43 44 43 23 112 133 17 83
34 101 19 87 25 141 36 22 25 117 98 36 29 126 78 9 100 38 39 17
34 87 83 70 147 145 139 59 60 1 15 53 119 115 124 117 35 71 124 146
16 38 14 104 50 130 73 48 127 66 4 7 87 26 33 6 29 81 148 144
99 121 79 150 95 100 78 56 66 109 75 52 103 43 100 86 26 16 63 90
64 116 140 18 26 49 36 6 27 108 65 113 116 145 25 96 115 11 15 65
129 1 145 13 128 32 111 62 47 89 147 122 14 113 18 48 63 55 28 28
47 134 129 41 46 61 129 121 38 68 119 124 127 29 110 142 95 104 133 52
101 50 29 116 109 123 118 18 147 12 9 59 19 25 105 1 56 149 113 5
4 107 68 49 104 70 141 82 128 6 126 57 7 74 113 135 88 132 91 10
0 8 11 10 13 15 24 38 27 36 36 20 17 9
8 0 6 10 14 15 21 33 27 39 39 25 24 12
11 6 0 10 12 13 16 29 24 38 39 25 27 13
10 10 10 0 5 6 17 32 19 30 31 17 21 6
13 14 12 5 0 3 15 30 15 27 28 15 22 8
15 15 13 6 3 0 14 29 14 26 28 16 23 9
24 21 16 17 15 14 0 17 14 32 36 27 35 21
38 33 29 32 30 29 17 0 26 43 49 42 50 36
27 27 24 19 15 14 14 26 0 19 24 20 32 21
36 39 38 30 27 26 32 43 19 0 9 19 32 29
36 39 39 31 28 28 36 49 24 9 0 17 28 29
20 25 25 17 15 16 27 42 20 19 17 0 15 14
17 24 27 21 22 23 35 50 32 32 28 15 0 16
9 12 13 6 8 9 21 36 21 29 29 14 16 0
