12
30
19 6 91 44 67 62 87 97 24 62 27 95 68 88 62 98 74 36 25 33 43 80 72 46 70 39 139 116 3 134
3 41 4 80 15 107 32 21 119 114 65 55 48 55 130 132 139 30 12 63 34 35 146 123 45 53 66 34 32 66
2 83 36 136 135 138 51 132 71 126 124 82 119 111 28 134 143 126 53 131 64 60 137 49 38 106 42 28 129 119
89 43 4 38 10 137 43 58 84 60 111 33 48 8 38 140 14 150 9 31 89 129 46 14 83 123 32 18 73 31
112 4 21 25 14 38 49 21 124 91 9 32 78 101 110 29 85 19 41 66 54 49 146 56 99 52 84 44 118 43
106 57 24 6 65 123 83 104 109 37 110 116 18 128 99 14 85 70 125 63 40 103 2 23 81 113 116 26 100 19
45 114 15 77 63 61 55 124 111 32 39 142 49 119 91 136 70 103 80 111 9 44 134 95 76 70 116 110 89 30
86 52 136 16 37 53 34 26 136 89 131 12 7 108 85 116 9 16 82 131 140 90 58 29 55 145 43 130 117 127
110 85 129 37 137 131 75 33 43 12 93 118 24 34 131 136 148 17 123 79 49 104 14 149 144 47 135 103 128 129
138 72 106 14 50 139 96 148 49 86 116 19 18 132 15 66 111 50 30 58 45 41 4 35 64 94 65 149 59 58
62 90 99 62 110 105 17 95 115 134 33 130 94 67 120 58 133 68 17 15 136 137 58 43 5 62 135 33 143 40
147 75 28 145 131 121 57 9 72 52 77 137 8 98 27 128 8 137 76 55 86 35 21 22 147 31 106 20 34 125
0 9 24 27 28 45 39 29 31 29 24 13 7 4
9 0 20 22 26 40 32 23 24 22 19 9 14 11
24 20 0 4 8 23 21 12 30 30 34 27 30 26
27 22 4 0 9 20 19 10 30 30 35 29 32 28
28 26 8 9 0 22 25 18 37 37 41 33 33 29
45 40 23 20 22 0 16 19 38 40 48 45 50 47
39 32 21 19 25 16 0 11 24 26 36 36 44 41
29 23 12 10 18 19 11 0 22 23 31 28 35 31
31 24 30 30 37 38 24 22 0 5 16 22 35 33
29 22 30 30 37 40 26 23 5 0 12 19 32 31
24 19 34 35 41 48 36 31 16 12 0 12 25 26
13 9 27 29 33 45 36 28 22 19 12 0 15 15
7 14 30 32 33 50 44 35 35 32 25 15 0 5
4 11 26 28 29 47 41 31 33 31 26 15 5 0
