12
30
116 13 41 8 35 50 76 104 115 26 90 40 17 65 34 81 93 111 106 127 124 135 22 118 144 60 137 32 127 43
54 39 91 89 104 125 10 63 54 4 92 16 45 34 58 137 22 45 8 134 128 31 27 114 118 79 27 26 110 5
17 46 55 125 73 43 83 79 24 136 101 55 121 129 119 3 106 6 76 2 87 90 18 90 6 100 140 66 74 47
130 4 138 146 130 23 86 136 40 79 120 139 38 21 6 30 37 25 49 56 136 72 26 112 126 124 85 134 137 122
145 61 117 29 116 19 87 150 37 25 89 110 50 66 91 1 14 11 13 80 81 34 67 41 31 106 57 23 54 77
148 146 135 6 57 123 132 136 49 49 117 140 40 73 147 100 38 22 150 80 67 40 64 138 50 14 39 60 143 105
40 96 135 84 88 45 58 134 4 12 77 76 119 78 24 142 147 15 44 119 30 53 5 35 54 8 34 84 12 87
91 5 144 99 142 78 142 76 90 70 71 95 116 24 51 57 107 11 132 5 134 96 20 61 111 118 107 20 60 56
116 86 107 93 117 31 111 141 56 137 122 87 23 138 98 107 129 134 44 106 1 93 74 26 46 10 125 127 60 39
149 107 33 61 25 8 91 80 53 22 42 133 3 75 98 60 53 149 58 103 149 51 119 41 124 45 143 136 62 132
111 29 96 78 60 70 104 79 91 132 82 106 74 91 109 10 38 31 94 139 131 79 63 102 47 108 13 103 51 58
56 29 29 29 115 138 13 15 58 44 121 133 42 83 41 65 71 102 9 77 11 30 8 87 23 22 144 121 9 77
0 27 30 28 31 40 38 36 50 35 30 22 26 18
27 0 5 7 9 22 17 12 25 13 21 19 28 25
30 5 0 5 5 19 13 8 24 15 25 22 31 28
28 7 5 0 5 17 13 10 28 18 27 23 33 29
31 9 5 5 0 15 10 7 25 18 29 26 35 32
40 22 19 17 15 0 7 15 30 30 42 39 48 44
38 17 13 13 10 7 0 9 26 25 37 34 43 40
36 12 8 10 7 15 9 0 20 17 30 28 37 35
50 25 24 28 25 30 26 20 0 19 32 35 42 43
35 13 15 18 18 30 25 17 19 0 16 18 25 26
30 21 25 27 29 42 37 30 32 16 0 9 11 15
22 19 22 23 26 39 34 28 35 18 9 0 11 9
26 28 31 33 35 48 43 37 42 25 11 11 0 9
18 25 28 29 32 44 40 35 43 26 15 9 9 0
