12
30
118 106 68 141 6 135 57 2 60 38 107 72 88 57 76 38 50 46 112 12 35 70 31 143 47 89 96 35 115 9
53 142 131 103 65 116 66 42 111 112 34 11 28 114 102 13 20 9 10 18 28 97 34 149 50 38 8 80 34 128
113 121 39 95 29 141 141 52 108 127 35 52 8 118 62 104 15 20 27 23 95 54 80 33 16 108 55 32 16 21
139 55 18 69 128 50 116 49 150 103 125 29 116 79 69 138 140 22 29 125 53 58 105 40 48 99 70 90 3 84
15 112 144 11 13 26 146 4 121 141 36 88 70 6 94 28 47 120 26 5 107 32 93 90 97 10 113 105 124 120
148 136 119 73 57 6 98 99 25 50 148 94 126 32 93 59 7 54 23 109 6 110 137 138 14 116 8 134 119 97
68 125 99 146 138 22 57 112 147 143 148 77 125 6 88 37 4 92 119 41 79 30 96 44 59 85 94 95 8 39
3 20 90 138 33 72 27 123 23 135 63 133 19 78 108 23 65 119 73 145 28 70 67 98 105 76 43 120 3 86
127 139 92 102 27 76 14 106 2 68 4 6 64 14 112 3 145 130 98 42 22 45 138 78 28 129 108 135 129 95
99 58 128 148 134 147 107 123 120 38 80 22 118 100 74 121 18 91 84 51 59 13 63 71 87 132 7 105 57 112
15 147 127 43 30 136 111 62 89 122 53 97 72 136 145 22 142 26 100 13 110 111 90 6 119 98 92 141 111 73
133 149 3 61 142 26 34 63 70 19 16 137 60 48 112 131 22 59 30 20 17 75 100 106 88 61 19 67 61 147
0 7 27 17 19 32 14 27 26 15 19 22 16 16
7 0 21 14 20 33 19 32 31 21 23 26 19 16
27 21 0 16 27 36 37 49 50 40 43 44 38 31
17 14 16 0 13 24 24 35 38 30 34 37 31 28
19 20 27 13 0 15 17 26 32 27 33 38 33 33
32 33 36 24 15 0 27 30 40 38 45 50 45 46
14 19 37 24 17 27 0 15 17 12 19 25 22 27
27 32 49 35 26 30 15 0 14 20 26 33 31 38
26 31 50 38 32 40 17 14 0 13 17 23 23 32
15 21 40 30 27 38 12 20 13 0 9 15 13 21
19 23 43 34 33 45 19 26 17 9 0 8 9 18
22 26 44 37 38 50 25 33 23 15 8 0 8 17
16 19 38 31 33 45 22 31 23 13 9 8 0 11
16 16 31 28 33 46 27 38 32 21 18 17 11 0
