12
10
145 60 142 9 10 91 22 113 143 69
89 56 76 118 12 62 109 69 48 88
69 2 93 98 5 134 18 44 50 149
143 4 49 124 37 33 95 133 67 35
135 27 145 67 74 56 56 21 118 66
7 81 109 81 27 1 79 52 23 134
139 20 51 5 66 13 93 67 86 47
56 26 60 112 96 83 144 135 6 115
118 21 36 111 139 6 39 59 148 45
127 150 22 79 76 107 97 65 16 63
55 125 52 20 59 51 44 31 73 132
83 41 31 126 50 102 68 145 145 123
0 11 11 15 25 17 16 25 19 22 33 36 23 27
11 0 4 7 16 9 11 19 16 21 34 39 27 35
11 4 0 6 16 12 14 22 19 24 37 41 29 36
15 7 6 0 12 11 15 21 20 25 39 44 32 40
25 16 16 12 0 15 20 23 26 30 45 50 40 50
17 9 12 11 15 0 7 12 13 17 32 37 27 38
16 11 14 15 20 7 0 10 7 12 26 32 22 34
25 19 22 21 23 12 10 0 10 11 26 31 25 39
19 16 19 20 26 13 7 10 0 6 21 26 17 30
22 21 24 25 30 17 12 11 6 0 17 22 16 30
33 34 37 39 45 32 26 26 21 17 0 7 13 25
36 39 41 44 50 37 32 31 26 22 7 0 15 24
23 27 29 32 40 27 22 25 17 16 13 15 0 16
27 35 36 40 50 38 34 39 30 30 25 24 16 0
