12
10
14 71 53 137 10 2 135 146 27 83
127 54 53 51 127 7 17 83 76 26
47 136 79 142 32 1 129 66 89 117
80 83 116 90 105 132 125 58 20 120
46 41 15 22 103 13 135 120 25 132
118 3 110 25 32 2 149 24 117 86
133 80 143 56 143 142 45 29 80 98
148 74 146 56 39 15 37 108 11 5
132 129 85 134 35 99 147 44 39 147
43 142 26 137 6 65 9 72 119 62
107 59 14 96 112 20 35 114 19 145
17 68 89 125 146 17 138 95 122 84
0 15 46 50 46 50 39 47 39 35 34 29 25 23
15 0 33 37 32 38 28 38 31 30 26 19 17 12
46 33 0 6 12 28 27 38 37 44 34 29 33 30
50 37 6 0 14 29 29 40 40 48 37 32 37 34
46 32 12 14 0 17 17 28 28 36 26 23 28 26
50 38 28 29 17 0 12 15 19 29 20 22 27 29
39 28 27 29 17 12 0 14 12 21 10 12 16 18
47 38 38 40 28 15 14 0 10 18 15 21 24 28
39 31 37 40 28 19 12 10 0 11 8 15 17 21
35 30 44 48 36 29 21 18 11 0 12 18 16 22
34 26 34 37 26 20 10 15 8 12 0 9 11 15
29 19 29 32 23 22 12 21 15 18 9 0 7 8
25 17 33 37 28 27 16 24 17 16 11 7 0 7
23 12 30 34 26 29 18 28 21 22 15 8 7 0
