12
20
20 16 73 92 87 54 112 16 77 9 20 74 146 116 117 50 6 138 126 78
37 57 147 136 21 137 148 15 102 79 91 57 70 118 139 20 13 71 93 127
14 11 60 66 26 83 79 91 141 144 6 102 37 26 26 42 85 13 64 98
126 34 72 144 48 147 20 46 65 59 34 58 48 49 108 18 105 85 13 103
1 85 148 54 128 62 100 142 140 59 146 5 92 122 45 128 133 135 72 143
37 110 144 111 46 60 99 19 33 94 88 112 2 37 110 17 148 50 148 20
84 148 149 74 81 41 85 78 83 13 14 23 69 124 12 125 70 122 108 52
2 98 72 78 16 131 83 50 23 65 46 55 8 121 114 64 68 130 28 93
33 17 87 98 43 145 59 6 95 103 54 79 114 46 132 115 104 40 61 9
108 59 69 9 78 104 108 114 98 105 36 96 79 124 85 80 119 10 56 106
142 146 55 13 121 48 94 64 141 108 135 27 125 135 15 41 42 77 129 31
85 41 37 136 97 54 37 144 119 61 22 150 41 149 125 10 10 145 110 72
0 8 19 32 35 28 32 42 41 37 31 28 16 15
8 0 15 30 31 23 26 36 35 31 25 25 13 17
19 15 0 18 18 13 20 30 33 31 24 34 23 30
32 30 18 0 15 21 31 37 44 43 37 50 40 45
35 31 18 15 0 12 21 25 33 34 29 46 38 47
28 23 13 21 12 0 12 20 24 24 18 35 27 38
32 26 20 31 21 12 0 12 14 14 9 30 26 38
42 36 30 37 25 20 12 0 11 16 15 37 35 48
41 35 33 44 33 24 14 11 0 8 11 30 31 44
37 31 31 43 34 24 14 16 8 0 8 24 25 38
31 25 24 37 29 18 9 15 11 8 0 23 21 35
28 25 34 50 46 35 30 37 30 24 23 0 14 22
16 13 23 40 38 27 26 35 31 25 21 14 0 15
15 17 30 45 47 38 38 48 44 38 35 22 15 0
