12
10
44 133 123 68 111 132 90 141 11 150
113 80 30 120 66 53 113 13 131 94
48 95 74 41 102 98 112 29 29 25
96 114 61 96 131 114 87 28 82 49
137 119 60 39 58 148 69 58 65 22
39 43 134 63 137 76 107 66 14 10
102 16 84 31 30 109 102 45 118 141
10 136 78 147 9 135 113 7 113 145
79 85 136 11 115 26 133 135 38 98
29 28 133 30 28 114 108 81 92 136
51 115 120 45 70 17 92 126 12 123
80 57 11 62 131 18 87 150 66 4
0 11 15 18 21 24 30 31 48 44 36 36 25 13
11 0 7 20 21 24 29 34 50 48 39 41 29 22
15 7 0 20 20 22 26 33 49 47 39 41 29 26
18 20 20 0 6 8 14 15 32 29 21 23 11 21
21 21 20 6 0 4 10 15 31 29 21 25 14 25
24 24 22 8 4 0 7 13 29 27 20 24 14 27
30 29 26 14 10 7 0 13 25 24 19 25 17 33
31 34 33 15 15 13 13 0 18 15 8 14 10 30
48 50 49 32 31 29 25 18 0 7 15 19 26 46
44 48 47 29 29 27 24 15 7 0 10 14 21 41
36 39 39 21 21 20 19 8 15 10 0 8 13 32
36 41 41 23 25 24 25 14 19 14 8 0 14 30
25 29 29 11 14 14 17 10 26 21 13 14 0 22
13 22 26 21 25 27 33 30 46 41 32 30 22 0
