12
10
10 53 115 62 75 147 9 121 73 137
13 101 118 46 9 6 62 74 30 127
133 116 15 136 141 74 49 139 104 5
6 100 133 149 12 120 107 36 115 141
98 44 30 126 135 99 114 21 19 34
5 118 112 9 13 15 45 112 135 121
27 98 132 138 46 52 7 78 138 117
54 125 69 134 96 136 19 51 57 108
100 121 119 72 7 84 143 116 123 76
111 93 81 110 149 82 44 121 71 147
74 106 108 99 146 72 112 92 108 141
35 120 111 143 44 44 53 100 104 40
0 4 16 15 23 37 38 39 29 38 25 28 25 20
4 0 15 12 21 34 36 37 28 38 25 29 27 22
16 15 0 14 28 38 44 47 39 50 38 43 40 34
15 12 14 0 15 26 32 34 27 40 31 37 36 33
23 21 28 15 0 16 18 21 15 29 25 33 35 35
37 34 38 26 16 0 17 22 23 37 39 46 49 50
38 36 44 32 18 17 0 6 12 22 29 36 41 45
39 37 47 34 21 22 6 0 12 19 28 34 39 44
29 28 39 27 15 23 12 12 0 16 18 26 30 34
38 38 50 40 29 37 22 19 16 0 18 21 28 35
25 25 38 31 25 39 29 28 18 18 0 9 13 19
28 29 43 37 33 46 36 34 26 21 9 0 8 17
25 27 40 36 35 49 41 39 30 28 13 8 0 11
20 22 34 33 35 50 45 44 34 35 19 17 11 0
