12
30
126 63 70 63 52 87 42 49 138 134 131 77 126 47 72 112 82 138 140 56 112 127 77 114 55 86 145 144 143 59
13 115 147 125 80 123 22 38 86 17 63 122 14 23 57 148 7 95 54 96 115 96 3 114 123 104 17 140 6 149
45 45 102 98 61 59 88 99 24 105 35 52 11 122 62 23 143 142 119 37 21 136 116 76 28 94 104 78 43 90
49 142 142 93 15 27 71 80 60 53 24 23 4 120 5 116 97 82 83 57 119 16 74 147 32 98 130 89 82 68
142 54 144 50 112 20 89 44 79 45 119 147 8 139 115 126 17 74 50 83 101 48 4 86 69 82 76 39 27 110
115 145 136 125 28 67 18 87 150 130 79 113 2 2 149 118 144 10 100 53 44 110 84 87 116 37 99 41 70 90
73 143 52 24 120 6 133 12 28 70 128 41 20 120 105 130 89 75 111 82 84 51 53 55 146 101 25 59 87 98
17 3 112 43 12 76 32 30 9 19 35 53 49 149 111 130 112 57 36 87 22 65 49 102 100 1 59 108 94 11
62 63 104 59 11 5 46 96 141 70 35 59 50 52 17 36 89 145 70 75 69 32 35 82 28 61 25 27 38 77
37 118 73 87 96 147 22 84 10 132 147 52 62 30 24 116 59 14 64 104 30 61 92 19 74 123 8 83 71 49
123 131 141 30 83 68 123 23 106 12 130 19 33 147 53 147 136 23 16 59 100 61 138 134 68 65 44 105 150 73
44 131 133 61 94 54 149 4 9 5 6 65 12 57 125 17 95 110 83 67 19 60 85 16 37 80 84 63 90 133
0 17 29 24 20 17 14 12 10 13 21 24 14 8
17 0 34 33 33 32 29 25 22 24 30 30 22 18
29 34 0 8 19 29 29 36 36 39 47 50 41 35
24 33 8 0 12 22 22 30 30 33 42 45 36 30
20 33 19 12 0 12 13 22 23 26 34 38 29 25
17 32 29 22 12 0 4 14 16 18 24 29 22 19
14 29 29 22 13 4 0 11 13 15 22 26 19 16
12 25 36 30 22 14 11 0 5 6 13 17 10 9
10 22 36 30 23 16 13 5 0 5 13 16 7 6
13 24 39 33 26 18 15 6 5 0 10 13 5 7
21 30 47 42 34 24 22 13 13 10 0 6 10 15
24 30 50 45 38 29 26 17 16 13 6 0 11 18
14 22 41 36 29 22 19 10 7 5 10 11 0 8
8 18 35 30 25 19 16 9 6 7 15 18 8 0
