12
10
11 97 133 141 44 103 62 68 10 128
61 72 44 8 115 116 134 120 25 138
30 90 134 6 38 78 65 62 35 56
130 108 134 77 51 80 52 25 10 61
15 96 144 103 121 139 118 47 9 131
33 24 118 35 80 109 125 71 8 57
105 3 20 138 86 88 68 52 59 142
100 143 110 72 60 5 10 24 127 134
46 102 51 12 17 105 138 83 125 98
54 64 21 149 134 49 122 57 145 93
86 86 75 115 15 114 39 113 89 42
31 138 125 15 51 71 84 62 122 51
0 24 23 26 33 42 50 34 33 35 36 38 24 19
24 0 10 13 12 23 35 27 27 31 32 38 22 28
23 10 0 5 13 20 30 19 18 22 23 29 14 21
26 13 5 0 12 17 27 16 16 20 20 27 13 22
33 12 13 12 0 13 27 24 24 29 29 36 23 33
42 23 20 17 13 0 16 22 22 25 26 33 25 36
50 35 30 27 27 16 0 21 22 23 22 28 29 40
34 27 19 16 24 22 21 0 2 6 6 13 11 20
33 27 18 16 24 22 22 2 0 6 6 13 10 20
35 31 22 20 29 25 23 6 6 0 2 9 12 20
36 32 23 20 29 26 22 6 6 2 0 9 13 21
38 38 29 27 36 33 28 13 13 9 9 0 18 21
24 22 14 13 23 25 29 11 10 12 13 18 0 12
19 28 21 22 33 36 40 20 20 20 21 21 12 0
