12
10
31 21 149 128 11 93 39 88 98 35
134 4 46 103 1 87 20 61 114 102
34 103 99 112 7 33 23 145 47 5
55 127 149 137 52 57 19 19 58 85
113 105 148 148 70 104 65 15 33 11
128 23 46 66 150 116 85 14 94 10
104 148 69 34 72 52 144 92 146 65
104 80 33 46 39 101 119 146 9 95
146 27 59 12 19 90 118 79 147 128
18 30 104 50 34 76 32 148 107 22
50 107 8 99 98 101 121 108 19 95
97 3 90 97 145 42 111 111 17 68
0 12 25 22 23 26 24 29 33 34 17 17 13 7
12 0 15 18 22 25 26 33 40 41 20 19 15 17
25 15 0 18 24 27 30 38 48 50 27 25 23 30
22 18 18 0 8 11 14 22 34 37 14 12 13 24
23 22 24 8 0 5 8 16 28 31 10 8 12 22
26 25 27 11 5 0 6 14 27 30 11 10 14 25
24 26 30 14 8 6 0 10 23 25 9 8 13 22
29 33 38 22 16 14 10 0 15 18 14 15 19 25
33 40 48 34 28 27 23 15 0 5 23 25 27 28
34 41 50 37 31 30 25 18 5 0 25 27 29 28
17 20 27 14 10 11 9 14 23 25 0 4 7 15
17 19 25 12 8 10 8 15 25 27 4 0 6 16
13 15 23 13 12 14 13 19 27 29 7 6 0 12
7 17 30 24 22 25 22 25 28 28 15 16 12 0
