12
10
18 7 20 17 4 18 27 11 17 18
18 15 16 5 19 4 3 5 14 17
4 11 9 2 5 12 28 13 22 27
13 19 30 17 9 15 25 10 18 17
30 22 5 15 27 4 12 24 26 27
2 15 18 28 27 11 17 13 9 6
22 17 20 19 7 18 11 28 15 23
2 16 5 17 29 7 12 20 5 20
28 22 6 13 19 28 18 1 12 24
25 19 12 2 2 25 11 20 6 8
7 17 3 28 5 3 27 28 25 5
26 8 8 1 27 10 10 11 11 20
0 4 4 6 7 6 7 10 8 6 6 5 5 5
4 0 2 4 6 6 7 10 9 7 7 6 6 6
4 2 0 4 6 6 6 10 9 7 7 6 6 6
6 4 4 0 3 4 5 9 8 7 7 6 6 7
7 6 6 3 0 4 5 9 9 7 8 6 7 8
6 6 6 4 4 0 2 6 6 4 5 4 4 5
7 7 6 5 5 2 0 5 5 4 4 3 4 5
10 10 10 9 9 6 5 0 4 5 6 6 6 7
8 9 9 8 9 6 5 4 0 3 3 4 4 5
6 7 7 7 7 4 4 5 3 0 2 3 2 3
6 7 7 7 8 5 4 6 3 2 0 3 2 3
5 6 6 6 6 4 3 6 4 3 3 0 2 3
5 6 6 6 7 4 4 6 4 2 2 2 0 3
5 6 6 7 8 5 5 7 5 3 3 3 3 0
