12
20
7 7 3 22 4 25 25 26 21 5 1 4 10 8 21 22 20 14 18 6
10 27 28 10 14 29 16 6 10 29 19 30 8 26 23 12 20 16 24 14
8 27 20 26 16 9 23 18 28 17 6 27 19 27 20 1 1 8 25 4
20 18 18 22 12 15 22 24 18 20 10 26 12 9 6 23 4 3 12 29
2 24 17 12 8 18 2 26 21 24 20 3 28 29 18 30 29 18 11 3
2 9 16 2 21 29 21 3 15 12 10 10 22 27 18 13 17 3 4 4
6 23 25 22 12 3 16 13 25 19 15 2 1 2 19 13 17 25 5 23
16 3 16 6 5 20 28 9 18 15 7 7 13 2 15 27 9 7 16 23
2 18 6 18 14 9 30 20 7 6 21 22 8 27 7 23 26 6 8 20
6 14 18 26 9 6 14 21 20 30 5 27 5 24 10 12 2 17 18 12
28 27 28 27 13 7 1 24 12 7 10 19 9 23 7 19 20 23 8 12
8 30 26 28 29 13 23 29 25 17 21 14 12 24 18 19 28 15 12 22
0 2 3 4 6 8 9 9 5 5 5 6 3 2
2 0 2 3 6 8 9 9 6 5 5 7 4 2
3 2 0 3 5 7 9 9 5 5 5 7 4 3
4 3 3 0 5 7 10 10 7 7 7 9 5 4
6 6 5 5 0 4 8 8 5 6 7 9 8 6
8 8 7 7 4 0 8 8 7 8 9 10 10 9
9 9 9 10 8 8 0 2 5 6 6 6 10 9
9 9 9 10 8 8 2 0 5 6 6 6 10 10
5 6 5 7 5 7 5 5 0 3 4 5 7 6
5 5 5 7 6 8 6 6 3 0 2 4 6 5
5 5 5 7 7 9 6 6 4 2 0 3 6 5
6 7 7 9 9 10 6 6 5 4 3 0 7 7
3 4 4 5 8 10 10 10 7 6 6 7 0 3
2 2 3 4 6 9 9 10 6 5 5 7 3 0
