12
30
9 27 1 17 19 20 22 24 19 10 17 11 23 23 15 29 21 20 25 27 2 18 11 21 30 26 25 2 22 7
16 17 15 8 13 20 30 1 27 26 10 16 3 19 25 6 26 12 20 1 11 16 29 6 23 23 16 20 20 24
8 4 6 29 6 28 26 7 18 16 30 21 7 30 20 28 28 30 6 21 2 19 4 27 1 12 27 1 2 24
26 1 14 26 11 16 14 18 17 22 12 27 6 30 11 30 13 14 19 5 17 11 4 10 1 12 26 12 30 8
5 19 24 21 18 16 22 16 23 18 26 9 26 2 20 22 27 15 24 22 21 12 24 30 27 28 10 7 25 29
9 4 18 1 24 21 17 7 19 10 19 10 12 2 29 8 11 9 19 22 14 8 11 1 12 20 25 19 21 27
13 18 12 23 12 24 7 24 21 1 30 29 19 30 12 26 16 22 26 4 27 19 27 3 20 29 15 13 11 13
4 27 24 23 23 6 5 22 6 8 21 27 1 3 3 1 14 7 5 10 6 20 13 9 11 3 27 28 29 7
12 29 17 29 5 21 7 7 23 13 23 13 22 7 10 20 21 25 6 10 18 22 13 15 23 19 19 16 18 21
2 1 22 14 11 27 10 9 21 10 18 9 17 6 12 24 5 29 19 7 17 26 6 6 3 29 9 27 5 17
3 30 5 3 7 6 11 25 21 4 16 4 15 27 25 25 27 29 29 15 26 29 23 5 12 15 30 13 8 1
20 26 18 20 11 15 4 1 3 9 9 7 2 11 13 10 16 2 9 10 30 25 12 19 5 1 8 30 27 4
0 2 3 4 5 8 7 7 7 8 5 6 4 3
2 0 3 4 5 8 7 8 8 9 5 6 5 3
3 3 0 2 4 7 6 7 7 9 6 7 6 5
4 4 2 0 3 6 6 6 7 9 7 8 6 5
5 5 4 3 0 4 4 5 6 8 7 9 8 7
8 8 7 6 4 0 3 3 4 7 8 10 9 9
7 7 6 6 4 3 0 2 4 6 7 9 8 8
7 8 7 6 5 3 2 0 3 6 7 9 9 9
7 8 7 7 6 4 4 3 0 4 6 9 8 9
8 9 9 9 8 7 6 6 4 0 6 8 8 9
5 5 6 7 7 8 7 7 6 6 0 4 4 5
6 6 7 8 9 10 9 9 9 8 4 0 3 5
4 5 6 6 8 9 8 9 8 8 4 3 0 3
3 3 5 5 7 9 8 9 9 9 5 5 3 0
