12
20
15 7 2 30 26 6 26 7 7 12 9 17 27 29 4 20 24 8 3 3
8 17 14 28 10 1 29 8 24 17 28 29 25 20 5 16 26 17 1 16
5 4 8 17 18 29 4 1 19 5 19 7 6 2 4 8 3 19 26 20
9 10 23 9 27 20 19 25 26 13 12 1 2 25 1 26 4 12 5 8
22 3 18 14 3 2 7 9 26 14 14 29 12 24 26 15 27 14 1 2
30 14 14 19 4 9 16 30 9 2 19 30 18 12 27 11 19 6 13 29
29 20 11 3 23 13 25 27 2 7 11 22 21 3 1 4 12 19 23 18
1 12 21 9 16 15 26 27 28 28 28 5 25 6 15 20 14 2 11 20
2 14 23 4 20 3 8 10 16 14 6 19 25 5 4 26 13 5 5 9
21 11 21 13 14 1 20 11 4 9 26 27 29 13 23 5 24 26 27 2
27 26 8 27 13 2 30 2 24 24 24 30 11 23 9 10 29 22 30 16
4 15 6 20 29 1 13 20 25 30 25 14 13 23 24 13 23 10 29 9
0 5 3 3 4 5 6 7 7 7 8 6 6 6
5 0 6 6 8 8 8 9 10 9 10 10 9 8
3 6 0 2 3 4 4 5 6 5 6 6 7 6
3 6 2 0 3 4 5 6 6 6 7 5 6 5
4 8 3 3 0 2 4 5 6 5 5 4 6 5
5 8 4 4 2 0 3 5 5 4 4 4 6 6
6 8 4 5 4 3 0 3 3 3 4 5 8 8
7 9 5 6 5 5 3 0 2 2 4 6 9 9
7 10 6 6 6 5 3 2 0 2 4 6 10 10
7 9 5 6 5 4 3 2 2 0 3 5 9 9
8 10 6 7 5 4 4 4 4 3 0 5 9 9
6 10 6 5 4 4 5 6 6 5 5 0 5 5
6 9 7 6 6 6 8 9 10 9 9 5 0 2
6 8 6 5 5 6 8 9 10 9 9 5 2 0
