12
20
1 7 18 17 25 11 22 19 30 29 11 25 15 19 11 24 28 16 26 29
21 25 4 13 5 18 4 19 10 30 9 18 9 12 27 24 26 21 28 20
26 29 4 14 27 12 11 24 8 7 20 19 29 17 19 12 12 26 22 15
6 12 6 11 17 12 25 12 20 3 28 10 9 2 6 17 27 28 12 15
24 11 19 8 10 8 13 5 21 30 10 18 5 22 3 28 8 3 2 29
15 7 9 3 25 29 21 7 27 14 5 7 7 1 3 12 24 11 12 23
6 16 10 20 13 11 13 12 20 20 28 13 19 13 13 2 8 29 3 21
23 11 19 7 6 28 22 4 8 9 15 25 12 10 23 20 21 7 21 22
24 26 11 22 10 16 4 13 18 21 30 13 8 2 7 5 3 9 1 3
30 3 11 29 5 13 14 28 9 3 30 24 14 30 28 29 15 19 9 5
1 7 6 22 6 29 20 11 15 9 17 3 30 5 25 25 16 27 3 19
8 26 4 16 14 4 13 28 7 23 12 28 6 2 25 6 4 26 14 10
0 3 2 6 7 10 9 8 7 7 5 5 5 3
3 0 3 8 8 10 10 8 7 7 6 6 6 4
2 3 0 6 7 10 10 8 7 8 6 6 6 4
6 8 6 0 3 7 8 8 7 9 7 6 6 6
7 8 7 3 0 5 6 7 6 8 6 5 5 6
10 10 10 7 5 0 3 5 6 8 7 7 6 9
9 10 10 8 6 3 0 4 4 6 6 6 6 8
8 8 8 8 7 5 4 0 3 4 4 4 4 6
7 7 7 7 6 6 4 3 0 4 3 3 3 5
7 7 8 9 8 8 6 4 4 0 4 4 5 6
5 6 6 7 6 7 6 4 3 4 0 2 2 4
5 6 6 6 5 7 6 4 3 4 2 0 2 4
5 6 6 6 5 6 6 4 3 5 2 2 0 4
3 4 4 6 6 9 8 6 5 6 4 4 4 0
