12
30
26 23 15 9 18 8 19 19 4 14 17 9 3 18 25 15 17 18 19 21 26 4 25 22 9 9 23 5 30 20
30 5 2 7 6 2 4 16 2 21 8 26 20 20 10 17 16 29 14 16 26 3 1 1 9 23 30 3 24 1
21 27 12 26 13 9 4 27 17 8 1 2 20 5 18 11 23 1 12 21 18 23 1 12 3 3 26 30 25 5
3 16 3 27 6 3 9 25 11 26 2 14 15 26 3 27 4 27 21 10 16 19 17 5 17 18 28 16 25 3
22 23 10 3 24 3 9 6 19 5 6 22 23 27 15 24 9 24 25 12 18 22 22 4 8 1 21 26 6 22
20 8 4 17 9 11 30 21 26 3 25 22 6 5 16 8 7 23 25 14 8 15 29 10 2 1 7 17 28 24
17 25 19 11 14 17 10 26 21 21 27 20 25 29 21 5 10 9 28 15 15 18 15 15 10 15 4 29 3 19
24 29 11 26 6 23 11 20 3 3 16 13 30 23 10 27 5 13 30 23 9 20 19 27 22 20 7 7 14 2
17 17 16 24 6 9 16 5 10 30 26 19 5 20 11 14 14 16 10 2 11 11 26 6 8 18 19 4 22 7
28 29 2 4 7 15 17 19 4 22 3 4 14 13 11 22 5 19 29 18 11 2 12 8 24 12 28 9 22 5
24 1 5 6 30 25 22 3 25 6 5 20 25 17 19 3 5 20 12 27 12 17 8 16 10 9 7 21 8 19
17 8 5 26 4 20 14 28 11 13 30 25 21 10 6 14 16 18 5 23 10 8 6 4 26 21 23 18 2 22
0 3 4 5 7 7 7 5 7 8 8 7 7 5
3 0 3 4 6 5 6 4 6 7 7 6 7 6
4 3 0 4 5 4 5 4 6 7 7 7 8 7
5 4 4 0 5 6 7 7 9 10 10 9 10 8
7 6 5 5 0 3 6 7 7 9 9 9 10 10
7 5 4 6 3 0 4 5 5 7 7 8 9 10
7 6 5 7 6 4 0 4 3 5 5 6 7 9
5 4 4 7 7 5 4 0 3 4 4 4 5 6
7 6 6 9 7 5 3 3 0 3 3 4 6 8
8 7 7 10 9 7 5 4 3 0 2 4 5 8
8 7 7 10 9 7 5 4 3 2 0 4 5 8
7 6 7 9 9 8 6 4 4 4 4 0 3 6
7 7 8 10 10 9 7 5 6 5 5 3 0 5
5 6 7 8 10 10 9 6 8 8 8 6 5 0
