12
20
3 16 24 25 4 5 17 13 22 13 11 21 6 23 27 4 5 13 15 20
3 3 28 6 25 9 8 5 23 3 17 7 3 3 27 8 27 13 16 1
27 8 12 14 12 12 28 4 3 29 26 15 1 12 11 19 20 7 4 9
26 6 18 8 12 12 15 18 14 6 1 5 3 3 5 26 14 25 1 11
26 10 25 14 23 15 28 22 1 10 19 30 17 30 4 8 20 19 22 5
21 5 22 25 30 15 21 24 14 3 18 30 26 3 19 9 2 8 20 15
25 29 15 27 3 7 26 4 29 4 24 23 16 21 21 9 28 21 4 18
10 21 27 20 27 12 18 15 2 6 5 29 28 12 26 11 27 18 15 16
21 16 11 24 26 9 14 6 30 8 22 15 8 22 26 21 23 28 17 9
28 22 25 29 12 17 22 13 14 28 2 17 17 26 5 16 6 26 11 8
16 4 11 27 14 14 6 15 9 19 24 3 24 25 20 27 12 14 9 29
1 10 24 22 5 15 30 17 17 30 20 20 28 23 15 10 14 4 18 3
0 3 4 4 6 6 6 7 9 6 7 6 4 4
3 0 3 3 5 4 4 5 7 5 7 6 5 6
4 3 0 2 4 4 4 6 8 6 8 7 6 7
4 3 2 0 3 3 4 5 7 6 8 7 6 7
6 5 4 3 0 2 3 4 6 6 7 8 7 9
6 4 4 3 2 0 3 4 6 6 7 8 7 8
6 4 4 4 3 3 0 3 5 4 6 7 6 8
7 5 6 5 4 4 3 0 4 3 5 7 7 9
9 7 8 7 6 6 5 4 0 4 5 8 8 10
6 5 6 6 6 6 4 3 4 0 3 5 5 8
7 7 8 8 7 7 6 5 5 3 0 5 6 8
6 6 7 7 8 8 7 7 8 5 5 0 3 5
4 5 6 6 7 7 6 7 8 5 6 3 0 4
4 6 7 7 9 8 8 9 10 8 8 5 4 0
