12
30
13 11 10 14 9 17 28 14 25 9 20 14 30 16 23 21 9 8 15 23 10 17 13 30 5 20 22 1 23 3
20 6 25 1 21 11 8 23 23 16 4 21 22 11 6 15 23 25 26 6 21 23 9 24 13 21 26 4 17 15
6 12 9 1 28 25 4 25 17 10 10 1 29 23 22 8 13 27 28 24 9 7 21 3 5 3 12 12 25 14
5 19 8 26 27 21 3 21 18 7 20 8 13 21 19 3 7 11 22 19 4 9 1 18 6 19 9 25 3 24
5 15 3 9 8 21 3 21 8 9 20 2 19 15 17 22 12 10 6 9 29 5 29 21 11 19 20 13 10 17
11 27 16 21 17 6 17 20 20 9 13 7 15 9 26 13 2 2 19 18 8 6 16 1 10 16 7 22 23 29
4 13 19 23 29 2 12 5 28 23 22 18 25 5 29 13 24 20 29 17 2 9 29 13 27 19 10 29 16 23
22 9 10 6 13 23 29 27 17 18 3 1 2 4 12 17 25 8 11 30 3 25 14 14 28 18 11 2 2 10
1 17 14 7 4 3 10 30 14 14 10 24 12 10 21 17 16 19 2 24 6 27 23 7 2 9 29 8 2 24
22 11 4 11 14 7 3 10 8 10 29 26 5 18 23 3 1 2 16 22 26 27 25 9 5 3 6 17 25 29
18 25 29 13 16 6 7 9 27 9 12 22 17 13 13 14 28 8 13 27 2 20 2 10 15 16 6 13 12 8
18 22 26 21 5 30 19 22 23 20 11 16 4 11 21 6 28 7 15 19 20 9 24 28 14 20 12 14 2 2
0 5 6 6 5 5 4 3 6 6 7 6 4 3
5 0 3 3 3 3 4 5 8 8 9 8 6 6
6 3 0 3 3 3 5 6 9 9 10 9 8 7
6 3 3 0 2 3 5 6 8 9 10 9 7 8
5 3 3 2 0 2 4 5 8 8 9 8 7 7
5 3 3 3 2 0 4 4 7 8 9 8 6 7
4 4 5 5 4 4 0 3 5 6 7 6 4 6
3 5 6 6 5 4 3 0 5 5 6 5 3 4
6 8 9 8 8 7 5 5 0 2 3 3 4 7
6 8 9 9 8 8 6 5 2 0 3 2 3 6
7 9 10 10 9 9 7 6 3 3 0 3 5 7
6 8 9 9 8 8 6 5 3 2 3 0 3 6
4 6 8 7 7 6 4 3 4 3 5 3 0 5
3 6 7 8 7 7 6 4 7 6 7 6 5 0
