12
30
14 3 6 12 2 20 24 18 24 26 18 8 20 27 24 26 8 20 22 12 14 28 18 18 2 29 7 12 17 25
24 16 4 17 26 26 2 21 2 23 22 14 16 7 25 10 11 15 6 22 13 12 13 4 16 27 27 14 7 22
18 24 25 2 11 7 10 27 29 22 20 10 22 13 13 26 21 30 12 8 25 17 3 15 27 9 6 26 7 26
27 27 21 9 23 14 27 29 8 23 1 8 12 13 9 17 26 23 30 29 16 18 4 6 14 11 11 13 24 28
6 7 1 25 4 17 23 26 29 21 29 4 18 12 4 13 7 27 19 10 22 21 27 29 20 20 14 14 28 14
24 20 27 19 23 3 3 8 2 24 30 28 3 7 9 11 3 20 26 3 3 1 20 30 9 16 1 22 22 26
3 29 8 21 14 12 7 19 20 10 4 18 23 5 6 14 20 18 22 12 4 3 13 5 21 25 11 1 16 4
3 18 13 13 13 18 29 5 1 28 9 19 8 16 1 10 17 11 18 4 17 15 6 30 21 7 18 9 22 17
14 27 19 23 4 16 27 13 30 27 3 21 27 28 8 25 24 5 8 24 22 21 10 20 9 14 9 18 20 10
1 2 2 29 27 19 17 30 7 7 26 17 16 27 28 30 9 17 14 22 1 5 18 24 1 14 9 10 4 24
29 2 9 19 20 24 24 29 27 9 1 21 8 9 26 20 6 26 7 1 24 2 11 16 23 20 20 3 10 2
22 30 18 29 29 13 21 1 18 10 1 2 6 30 13 30 21 26 3 18 18 12 18 16 21 24 30 14 27 13
0 2 3 4 7 8 6 5 5 5 6 6 3 3
2 0 2 3 6 7 5 5 4 5 6 7 3 3
3 2 0 2 6 7 5 5 5 5 7 8 4 3
4 3 2 0 5 7 5 5 5 6 8 9 5 4
7 6 6 5 0 6 4 5 6 7 10 10 7 7
8 7 7 7 6 0 4 4 5 5 7 8 7 7
6 5 5 5 4 4 0 2 4 4 7 8 5 5
5 5 5 5 5 4 2 0 3 3 6 7 5 4
5 4 5 5 6 5 4 3 0 2 5 6 3 3
5 5 5 6 7 5 4 3 2 0 4 5 3 4
6 6 7 8 10 7 7 6 5 4 0 2 5 5
6 7 8 9 10 8 8 7 6 5 2 0 5 6
3 3 4 5 7 7 5 5 3 3 5 5 0 2
3 3 3 4 7 7 5 4 3 4 5 6 2 0
