12
20
8 8 12 23 7 16 3 11 12 7 6 21 23 13 19 7 24 28 15 14
20 28 26 28 3 25 16 24 18 12 7 4 8 20 2 20 8 29 14 10
20 19 1 3 25 9 21 14 11 1 13 13 21 3 12 13 26 15 9 8
10 13 9 23 21 3 23 30 12 2 11 10 16 17 4 30 26 19 18 2
13 20 11 10 7 7 13 23 14 12 3 3 12 27 17 13 8 30 16 22
3 8 29 24 14 25 7 6 9 18 24 10 15 17 24 8 17 7 5 25
23 20 9 22 9 1 15 23 28 17 13 17 10 3 20 26 24 15 24 1
18 22 14 29 9 5 9 27 19 28 11 17 15 10 21 9 28 22 19 14
26 17 5 5 21 2 26 26 2 30 21 7 19 16 10 10 2 3 10 3
28 17 18 9 20 20 30 23 25 16 4 24 13 25 15 22 30 24 24 11
24 7 21 26 6 3 4 20 14 18 1 1 30 22 5 23 12 16 12 10
25 6 11 11 29 12 23 26 11 8 1 17 21 11 16 12 26 22 16 29
0 3 3 4 5 6 5 5 6 5 5 6 5 4
3 0 2 3 4 5 5 6 7 6 6 7 6 4
3 2 0 3 4 6 6 6 7 6 6 7 5 4
4 3 3 0 4 6 7 8 8 8 8 8 6 4
5 4 4 4 0 4 6 7 8 9 9 10 8 7
6 5 6 6 4 0 6 7 8 9 9 10 9 8
5 5 6 7 6 6 0 3 4 6 6 8 8 7
5 6 6 8 7 7 3 0 2 5 5 7 8 8
6 7 7 8 8 8 4 2 0 5 5 7 8 8
5 6 6 8 9 9 6 5 5 0 2 4 5 6
5 6 6 8 9 9 6 5 5 2 0 4 5 6
6 7 7 8 10 10 8 7 7 4 4 0 4 5
5 6 5 6 8 9 8 8 8 5 5 4 0 3
4 4 4 4 7 8 7 8 8 6 6 5 3 0
