12
30
26 16 25 18 22 21 20 21 7 6 5 25 14 20 7 29 13 1 19 8 9 4 28 6 27 5 17 4 21 13
27 9 2 7 15 15 25 24 28 27 2 9 11 12 25 23 7 10 16 7 11 11 1 8 28 30 26 8 14 10
24 11 24 28 22 21 26 25 17 5 11 24 12 20 25 2 6 2 7 17 17 6 28 9 11 20 6 15 14 22
28 28 24 21 16 28 29 19 28 16 18 3 16 30 19 23 10 1 14 3 17 12 2 14 7 13 3 25 12 25
24 8 25 26 8 4 7 13 16 30 13 24 27 16 26 24 19 14 3 8 15 24 11 19 17 10 10 16 4 11
30 25 6 6 14 12 14 12 7 29 5 29 25 24 17 28 22 17 20 15 27 17 21 9 17 19 21 10 24 30
19 29 10 11 27 4 26 5 19 27 3 26 1 22 13 23 19 22 7 5 28 9 11 26 14 19 2 27 8 21
1 18 6 22 23 5 4 13 11 11 16 22 12 26 19 5 30 11 27 29 30 13 15 15 20 9 12 25 5 27
24 28 12 16 25 9 18 18 8 13 7 27 9 9 25 26 26 27 22 24 18 23 3 2 20 18 15 15 26 3
26 8 9 4 25 23 17 20 20 15 26 4 3 9 10 3 27 19 25 2 6 24 25 25 13 26 14 1 13 29
16 2 6 19 16 6 19 2 24 8 14 25 29 7 12 12 28 26 24 1 25 2 13 23 14 24 22 29 22 22
11 24 13 2 5 10 3 2 12 10 29 26 24 15 25 4 6 7 7 4 26 9 14 26 23 29 29 2 1 16
0 3 4 3 4 5 6 7 7 6 8 5 5 4
3 0 2 3 3 5 6 5 6 5 7 5 4 5
4 2 0 4 4 5 6 5 5 4 6 4 4 6
3 3 4 0 3 4 5 6 8 7 9 6 6 5
4 3 4 3 0 3 4 5 7 6 9 7 6 6
5 5 5 4 3 0 3 6 8 7 10 8 8 8
6 6 6 5 4 3 0 5 7 7 10 9 8 9
7 5 5 6 5 6 5 0 4 4 8 7 7 9
7 6 5 8 7 8 7 4 0 3 6 6 6 9
6 5 4 7 6 7 7 4 3 0 5 5 5 8
8 7 6 9 9 10 10 8 6 5 0 4 4 7
5 5 4 6 7 8 9 7 6 5 4 0 2 5
5 4 4 6 6 8 8 7 6 5 4 2 0 5
4 5 6 5 6 8 9 9 9 8 7 5 5 0
