12
30
11 6 18 21 25 25 30 24 23 19 30 17 14 7 11 18 8 30 20 15 23 25 23 26 30 10 27 20 29 24
4 20 19 23 21 12 30 30 4 19 25 4 11 22 30 23 3 14 3 17 15 28 20 4 3 4 17 3 20 13
28 6 8 20 14 13 24 9 6 5 3 25 11 4 23 29 16 5 29 28 24 11 19 21 19 20 6 17 4 7
24 29 5 29 10 2 13 7 4 2 20 15 17 3 6 28 21 13 20 6 7 3 5 20 29 11 3 23 16 8
30 10 30 18 29 16 14 28 30 5 11 29 30 28 12 30 19 6 10 4 7 30 9 29 9 6 12 19 5 14
16 21 17 29 13 25 20 12 10 18 30 16 13 12 3 6 26 19 22 26 10 1 19 6 2 6 13 29 28 29
5 29 25 6 29 30 7 11 27 9 18 29 27 7 27 23 25 27 24 22 3 24 9 26 8 30 13 12 8 25
30 8 11 22 30 29 21 30 24 7 20 15 30 13 2 21 2 19 20 14 24 11 15 9 13 11 18 30 2 19
22 3 15 5 8 8 30 25 27 2 15 6 26 28 5 21 15 18 14 29 19 12 5 11 12 21 28 4 28 27
30 24 24 18 1 7 7 16 19 29 3 22 21 18 8 25 22 19 23 2 30 17 10 18 24 9 7 7 28 8
12 12 9 30 12 4 3 3 2 6 18 15 22 12 9 14 18 5 17 27 11 10 12 23 7 24 7 28 1 24
20 15 28 20 28 1 14 22 20 22 27 15 2 29 3 17 3 6 29 20 18 7 4 1 29 25 6 24 4 22
0 3 4 4 9 7 8 8 8 5 4 4 4 2
3 0 3 4 9 8 9 9 9 6 6 5 5 3
4 3 0 4 10 9 10 10 10 7 7 6 6 4
4 4 4 0 7 8 9 10 10 7 6 5 5 4
9 9 10 7 0 6 7 10 10 7 7 7 6 8
7 8 9 8 6 0 3 6 6 4 5 5 5 7
8 9 10 9 7 3 0 6 6 4 5 5 6 7
8 9 10 10 10 6 6 0 2 5 6 7 8 8
8 9 10 10 10 6 6 2 0 5 6 6 7 8
5 6 7 7 7 4 4 5 5 0 2 3 4 5
4 6 7 6 7 5 5 6 6 2 0 2 3 4
4 5 6 5 7 5 5 7 6 3 2 0 3 3
4 5 6 5 6 5 6 8 7 4 3 3 0 3
2 3 4 4 8 7 7 8 8 5 4 3 3 0
