12
20
29 10 5 24 3 22 9 5 19 7 16 3 7 18 10 23 24 4 3 4
6 6 28 10 27 14 29 18 2 4 22 10 5 22 17 21 29 2 15 14
6 19 23 9 20 2 14 28 30 21 27 29 24 10 3 10 28 12 5 24
29 11 27 19 7 22 12 4 23 9 11 3 27 26 24 12 30 26 13 30
5 23 21 11 20 24 18 28 1 26 16 10 3 27 28 30 12 1 17 20
27 23 5 29 7 14 28 1 1 21 29 17 23 25 20 7 2 28 5 27
30 14 25 13 14 24 6 8 1 28 12 4 30 5 15 7 5 18 5 22
15 19 15 24 19 19 29 2 28 12 10 21 21 11 16 26 11 2 19 19
8 21 3 16 4 24 23 10 28 15 18 3 11 15 16 5 2 2 21 18
24 30 28 7 10 6 12 2 25 4 7 12 15 6 30 21 20 25 8 14
8 1 11 17 15 25 6 3 22 15 13 5 17 19 5 23 18 11 24 10
8 10 23 16 30 14 13 15 7 12 18 20 10 8 27 11 23 28 15 30
0 3 3 6 8 7 8 8 9 10 9 6 5 5
3 0 2 6 7 6 7 7 8 8 8 5 5 5
3 2 0 5 6 5 6 7 8 8 8 5 6 6
6 6 5 0 5 5 6 7 9 10 10 7 9 9
8 7 6 5 0 3 2 4 7 7 9 5 10 10
7 6 5 5 3 0 2 4 6 6 8 4 9 9
8 7 6 6 2 2 0 3 6 6 8 5 10 10
8 7 7 7 4 4 3 0 4 4 7 5 10 10
9 8 8 9 7 6 6 4 0 2 5 5 9 9
10 8 8 10 7 6 6 4 2 0 5 5 9 10
9 8 8 10 9 8 8 7 5 5 0 5 7 8
6 5 5 7 5 4 5 5 5 5 5 0 6 7
5 5 6 9 10 9 10 10 9 9 7 6 0 2
5 5 6 9 10 9 10 10 9 10 8 7 2 0
