12
20
26 1 3 16 30 1 29 1 6 11 8 5 17 30 21 21 7 29 23 23
6 27 30 25 24 23 26 2 24 9 5 4 5 2 25 28 7 13 15 18
12 27 15 30 6 6 24 2 24 30 23 24 10 14 20 14 22 23 6 20
11 4 29 20 8 17 14 10 26 27 7 22 18 5 6 7 24 16 7 2
18 27 27 1 23 21 10 22 20 17 9 9 6 20 9 10 29 28 9 29
2 15 8 9 19 1 28 10 6 29 13 10 6 5 9 16 27 10 27 25
22 2 22 29 26 8 20 9 16 3 25 22 21 8 5 29 24 18 4 12
23 27 11 22 5 8 14 6 22 4 7 16 12 19 10 1 1 7 19 29
2 30 21 7 5 1 6 27 1 27 27 2 28 2 27 8 27 30 8 27
10 17 23 30 7 8 13 29 16 26 26 16 22 2 19 21 12 18 26 21
27 25 16 3 22 19 3 10 21 4 20 30 10 4 10 28 1 13 26 24
14 20 5 5 13 28 29 14 5 16 23 11 16 11 30 1 28 2 1 10
0 5 7 8 6 5 5 8 8 5 5 5 3 2
5 0 7 8 6 7 7 10 10 8 9 8 6 5
7 7 0 2 4 5 6 6 7 8 9 8 8 8
8 8 2 0 4 5 6 6 7 8 9 8 8 8
6 6 4 4 0 3 4 5 6 6 7 6 6 6
5 7 5 5 3 0 3 5 6 5 6 5 5 5
5 7 6 6 4 3 0 5 5 4 5 4 4 5
8 10 6 6 5 5 5 0 2 6 7 6 8 8
8 10 7 7 6 6 5 2 0 6 7 6 8 8
5 8 8 8 6 5 4 6 6 0 2 2 4 5
5 9 9 9 7 6 5 7 7 2 0 3 4 5
5 8 8 8 6 5 4 6 6 2 3 0 3 4
3 6 8 8 6 5 4 8 8 4 4 3 0 3
2 5 8 8 6 5 5 8 8 5 5 4 3 0
