12
30
20 29 4 1 11 1 8 16 13 6 1 28 13 14 4 30 18 15 10 2 18 28 10 19 9 6 25 29 26 2
6 3 12 2 12 30 21 7 7 2 5 24 19 30 16 13 18 11 20 11 29 16 15 27 26 5 17 11 21 22
6 29 3 29 30 22 24 17 8 16 14 8 26 24 11 1 16 11 23 27 7 8 5 27 28 21 6 30 9 1
17 20 23 24 19 17 10 23 30 4 28 15 22 7 16 25 3 17 27 10 30 11 14 10 9 27 14 3 14 6
6 10 1 24 14 6 22 24 4 14 18 24 3 3 2 30 25 27 3 4 29 18 3 18 5 11 14 26 11 16
20 13 25 15 2 9 10 5 16 20 10 18 8 30 27 9 14 16 3 14 29 13 14 10 4 3 21 2 9 27
6 1 29 24 10 25 22 15 6 21 30 17 22 13 25 11 7 9 15 26 8 25 16 3 21 5 16 18 20 4
20 21 16 23 23 11 26 22 7 26 11 25 6 23 5 18 22 13 6 7 16 22 8 28 12 20 12 17 3 9
10 22 18 20 26 25 30 8 20 25 21 17 10 23 27 21 12 24 21 29 4 23 1 24 30 30 19 24 3 27
2 13 29 24 1 26 5 30 2 30 7 24 9 14 29 28 17 22 20 9 4 19 27 10 8 15 28 15 28 24
21 22 17 30 21 7 3 19 21 24 5 16 9 7 29 1 18 12 9 5 11 28 8 30 1 19 12 4 7 30
14 1 4 4 18 18 15 12 21 15 7 14 26 27 18 24 2 8 4 15 16 19 2 10 4 18 7 10 1 18
0 3 4 5 4 7 6 6 6 5 4 6 5 3
3 0 3 4 4 6 6 5 5 4 4 6 5 4
4 3 0 3 4 6 4 3 3 3 4 6 5 6
5 4 3 0 3 5 3 3 4 4 6 7 7 7
4 4 4 3 0 4 4 5 6 6 6 8 7 6
7 6 6 5 4 0 5 6 8 8 9 10 9 8
6 6 4 3 4 5 0 3 5 5 7 9 8 8
6 5 3 3 5 6 3 0 3 4 6 7 7 8
6 5 3 4 6 8 5 3 0 2 5 6 6 7
5 4 3 4 6 8 5 4 2 0 4 5 5 6
4 4 4 6 6 9 7 6 5 4 0 3 2 4
6 6 6 7 8 10 9 7 6 5 3 0 3 5
5 5 5 7 7 9 8 7 6 5 2 3 0 4
3 4 6 7 6 8 8 8 7 6 4 5 4 0
