12
30
27 16 4 23 21 14 13 10 18 15 14 19 13 21 22 21 27 24 6 1 25 16 20 27 16 6 23 6 25 23
9 16 4 27 5 25 20 16 1 5 21 10 15 9 22 12 17 30 19 4 20 24 1 19 11 10 29 22 18 12
18 8 10 21 20 22 7 25 6 14 24 19 26 27 7 27 14 8 5 15 8 7 12 2 8 5 21 24 19 13
23 11 24 27 5 28 15 6 22 4 6 3 7 13 17 26 17 28 23 21 23 27 12 20 12 5 29 2 30 5
26 5 23 21 14 18 1 19 30 15 25 23 4 20 22 23 13 5 18 14 1 6 30 13 14 27 6 12 24 22
6 8 17 7 12 1 1 13 19 13 10 15 17 22 23 27 30 10 15 5 9 29 26 17 5 27 23 18 4 28
3 2 3 6 1 28 9 1 9 18 30 15 24 25 5 21 5 19 11 21 27 1 24 17 15 12 4 19 6 25
8 26 10 2 11 18 13 6 9 26 27 14 1 8 26 6 11 8 9 23 13 8 22 13 8 28 20 24 12 5
24 14 20 2 17 18 26 21 11 15 23 11 24 23 24 26 10 4 21 21 8 8 17 15 26 24 8 11 25 30
18 15 15 12 16 23 29 8 8 4 4 27 10 3 16 24 21 18 11 19 21 4 29 13 23 3 16 28 9 8
14 22 30 5 13 10 16 28 21 22 10 22 13 20 16 21 26 23 20 2 11 20 16 25 20 18 10 19 10 15
11 16 6 28 15 9 19 1 18 19 16 24 9 22 12 22 3 14 25 20 8 19 10 11 11 13 25 26 12 1
0 3 4 5 6 7 6 7 10 10 9 9 8 6
3 0 3 4 5 5 5 6 9 9 7 8 7 5
4 3 0 2 3 4 4 5 8 8 7 7 7 5
5 4 2 0 3 3 4 4 7 7 6 7 7 4
6 5 3 3 0 2 5 4 7 7 6 7 8 6
7 5 4 3 2 0 5 4 7 7 6 7 8 6
6 5 4 4 5 5 0 3 6 6 4 4 5 3
7 6 5 4 4 4 3 0 5 5 4 4 6 4
10 9 8 7 7 7 6 5 0 2 4 5 8 7
10 9 8 7 7 7 6 5 2 0 4 5 7 7
9 7 7 6 6 6 4 4 4 4 0 2 5 5
9 8 7 7 7 7 4 4 5 5 2 0 4 5
8 7 7 7 8 8 5 6 8 7 5 4 0 4
6 5 5 4 6 6 3 4 7 7 5 5 4 0
