12
30
4 25 3 26 10 10 8 7 7 2 11 18 21 19 8 20 13 21 5 8 19 13 1 3 14 8 4 15 10 5
13 2 28 18 24 21 26 12 13 24 15 22 10 21 6 13 18 30 23 16 13 29 14 4 2 5 17 29 22 24
23 6 1 1 27 4 1 7 9 9 21 11 19 5 1 14 1 9 8 28 28 19 29 29 23 6 22 11 5 27
3 24 8 30 9 17 20 1 4 29 25 19 23 6 8 1 10 18 7 9 23 21 8 12 27 16 25 25 30 17
24 13 29 9 21 7 18 7 3 10 27 28 6 5 28 29 8 12 7 15 1 22 27 13 17 15 9 14 5 12
6 1 17 14 19 7 3 11 15 13 28 25 26 8 19 30 10 22 19 11 15 4 10 12 17 3 22 19 14 26
10 6 25 4 4 12 2 30 5 7 1 8 26 25 29 13 14 5 24 16 17 23 16 23 20 11 29 26 21 20
26 24 25 26 7 25 17 8 13 12 25 22 3 23 1 5 29 21 6 23 17 13 9 15 23 11 1 1 30 2
15 5 9 13 13 12 30 16 11 4 10 7 13 27 8 22 13 10 17 19 14 18 18 3 23 21 30 13 6 9
19 22 24 23 14 7 20 19 5 14 1 17 27 13 5 27 7 7 24 14 8 5 9 8 21 28 27 21 27 20
21 21 12 7 20 24 5 13 20 8 18 22 16 18 4 12 21 5 8 13 23 15 29 1 20 26 29 4 7 9
8 30 5 27 23 3 19 18 29 8 14 9 13 30 10 3 21 7 24 29 26 17 14 19 29 16 17 4 14 4
0 8 8 7 8 10 10 8 8 9 8 6 8 8
8 0 2 4 4 4 6 6 5 7 7 7 10 10
8 2 0 3 4 4 6 5 5 7 7 7 9 10
7 4 3 0 2 4 5 4 3 5 5 5 8 9
8 4 4 2 0 3 4 3 3 5 5 5 8 9
10 4 4 4 3 0 4 4 4 6 6 7 9 10
10 6 6 5 4 4 0 3 3 4 5 6 7 9
8 6 5 4 3 4 3 0 2 3 4 4 6 7
8 5 5 3 3 4 3 2 0 4 4 4 6 7
9 7 7 5 5 6 4 3 4 0 3 4 5 6
8 7 7 5 5 6 5 4 4 3 0 3 4 5
6 7 7 5 5 7 6 4 4 4 3 0 4 5
8 10 9 8 8 9 7 6 6 5 4 4 0 3
8 10 10 9 9 10 9 7 7 6 5 5 3 0
