12
10
18 28 5 19 4 30 24 22 3 6
12 30 8 8 8 22 29 20 4 22
20 1 28 3 30 4 5 18 17 7
15 16 7 3 1 21 16 28 7 18
9 2 13 30 12 28 17 16 3 3
12 7 2 30 13 21 25 21 11 11
26 11 16 13 8 10 15 28 25 24
11 12 24 15 3 9 25 12 11 7
8 5 11 16 6 17 3 16 9 14
25 14 3 13 15 17 8 10 2 25
7 3 1 4 29 22 1 3 8 18
13 27 9 11 6 8 1 19 30 12
0 4 5 7 6 7 9 9 8 10 9 6 6 5
4 0 3 4 4 5 6 7 6 9 8 5 4 4
5 3 0 3 5 5 6 6 5 8 7 4 4 3
7 4 3 0 4 3 4 5 4 8 8 5 5 5
6 4 5 4 0 3 4 7 7 10 10 7 7 6
7 5 5 3 3 0 3 6 6 10 10 7 7 6
9 6 6 4 4 3 0 5 6 10 10 8 8 7
9 7 6 5 7 6 5 0 3 6 6 6 6 6
8 6 5 4 7 6 6 3 0 6 5 4 5 5
10 9 8 8 10 10 10 6 6 0 2 5 6 7
9 8 7 8 10 10 10 6 5 2 0 5 5 6
6 5 4 5 7 7 8 6 4 5 5 0 2 3
6 4 4 5 7 7 8 6 5 6 5 2 0 2
5 4 3 5 6 6 7 6 5 7 6 3 2 0
