12
10
14 17 14 10 24 13 19 9 20 10
11 17 17 1 15 11 1 24 5 16
9 17 10 8 9 27 20 4 21 12
28 24 12 17 12 14 20 18 23 16
2 30 4 13 22 3 28 26 2 25
23 17 16 1 19 28 22 26 22 12
4 9 14 1 15 6 14 23 6 5
17 10 18 30 10 23 22 1 6 2
23 3 16 9 28 29 17 6 16 19
26 11 5 2 24 13 8 24 17 7
30 2 3 24 15 26 3 19 27 14
27 11 14 14 3 15 4 17 9 4
0 2 2 4 4 8 10 10 9 10 8 7 7 4
2 0 3 4 4 9 10 10 9 10 8 7 7 4
2 3 0 3 3 8 9 9 8 9 7 7 7 3
4 4 3 0 2 6 8 7 7 9 7 7 8 4
4 4 3 2 0 6 8 7 7 9 7 8 8 4
8 9 8 6 6 0 3 3 3 5 5 8 9 7
10 10 9 8 8 3 0 2 3 5 6 9 10 8
10 10 9 7 7 3 2 0 3 4 5 8 9 8
9 9 8 7 7 3 3 3 0 4 4 7 8 7
10 10 9 9 9 5 5 4 4 0 4 7 8 8
8 8 7 7 7 5 6 5 4 4 0 5 5 5
7 7 7 7 8 8 9 8 7 7 5 0 2 5
7 7 7 8 8 9 10 9 8 8 5 2 0 5
4 4 3 4 4 7 8 8 7 8 5 5 5 0
