12
20
1 10 23 13 23 15 5 30 24 15 14 26 1 30 5 8 27 11 26 4
20 22 25 16 1 3 30 15 9 26 28 13 21 12 27 28 23 30 16 17
16 22 24 6 25 8 19 18 24 17 20 20 16 22 22 14 4 30 4 10
5 17 5 30 17 25 17 24 30 16 10 15 1 3 3 9 21 5 12 1
22 20 22 5 14 14 23 16 25 3 24 28 20 21 22 3 27 24 16 6
13 15 23 23 14 18 14 20 17 20 11 23 11 7 22 27 23 27 9 7
14 13 27 28 14 6 13 22 25 28 25 1 17 5 19 27 8 22 19 22
8 19 4 2 11 12 2 20 8 9 14 5 14 21 3 29 10 18 6 10
16 12 26 22 25 21 21 8 25 29 21 28 12 2 26 10 9 28 6 29
27 7 7 29 30 1 29 20 11 12 20 20 5 25 30 22 25 14 24 20
28 18 25 21 1 11 25 19 19 30 14 18 11 18 10 3 10 4 13 9
28 2 4 5 18 17 9 22 24 25 27 3 24 16 15 25 20 26 29 14
0 3 3 5 6 8 9 8 9 7 6 6 5 4
3 0 2 4 4 8 8 8 9 7 7 6 5 5
3 2 0 3 4 7 8 7 9 7 6 6 5 5
5 4 3 0 4 6 6 6 8 7 6 6 5 6
6 4 4 4 0 7 7 8 10 9 9 8 7 8
8 8 7 6 7 0 2 4 8 7 7 7 6 8
9 8 8 6 7 2 0 4 8 7 7 7 7 9
8 8 7 6 8 4 4 0 6 5 5 5 5 7
9 9 9 8 10 8 8 6 0 3 4 4 5 6
7 7 7 7 9 7 7 5 3 0 2 3 4 5
6 7 6 6 9 7 7 5 4 2 0 2 3 4
6 6 6 6 8 7 7 5 4 3 2 0 3 4
5 5 5 5 7 6 7 5 5 4 3 3 0 3
4 5 5 6 8 8 9 7 6 5 4 4 3 0
