12
10
21 17 10 25 23 10 17 16 14 9
1 22 13 30 21 29 7 19 12 4
7 22 25 15 24 10 27 13 30 28
23 22 28 27 2 5 11 22 8 18
8 6 13 6 17 3 27 6 11 15
12 26 29 4 2 21 1 9 1 16
26 9 25 5 20 15 7 22 24 1
5 5 26 28 4 26 30 5 16 10
10 20 30 26 24 7 14 4 10 11
3 3 24 24 9 3 21 19 18 7
18 4 20 2 11 6 8 20 10 1
8 29 11 4 5 9 24 27 24 6
0 3 3 4 6 5 6 6 6 5 6 6 4 3
3 0 2 3 5 4 5 5 5 5 6 7 5 3
3 2 0 3 5 4 5 5 5 5 6 7 5 3
4 3 3 0 4 3 5 5 6 6 7 8 6 4
6 5 5 4 0 4 6 6 8 9 10 10 9 7
5 4 4 3 4 0 3 4 5 6 8 8 7 5
6 5 5 5 6 3 0 2 5 6 8 9 8 6
6 5 5 5 6 4 2 0 4 6 7 8 8 6
6 5 5 6 8 5 5 4 0 3 5 6 6 4
5 5 5 6 9 6 6 6 3 0 3 4 4 4
6 6 6 7 10 8 8 7 5 3 0 3 4 5
6 7 7 8 10 8 9 8 6 4 3 0 4 5
4 5 5 6 9 7 8 8 6 4 4 4 0 4
3 3 3 4 7 5 6 6 4 4 5 5 4 0
