12
30
22 27 4 27 27 10 18 13 12 20 24 15 22 17 17 13 3 13 19 14 26 2 30 24 30 17 4 15 7 16
7 29 14 2 7 7 10 23 25 19 21 27 22 22 8 9 5 21 12 17 27 30 4 23 19 20 30 15 6 16
9 20 15 3 6 25 8 25 21 6 25 3 19 26 20 23 30 11 1 1 3 12 13 17 22 6 10 8 6 20
10 5 12 18 2 19 30 13 14 4 29 15 10 7 9 30 3 12 22 5 25 25 4 25 20 4 27 3 1 4
19 10 14 24 13 15 19 19 13 16 18 19 3 1 20 22 3 9 3 13 11 20 26 21 8 28 21 14 13 2
1 6 27 15 17 4 3 8 10 9 16 13 16 19 6 12 8 19 18 20 8 16 1 17 10 22 16 6 23 20
25 29 14 12 30 3 19 10 17 7 2 24 3 17 27 13 27 26 8 13 8 27 11 22 20 29 25 17 15 7
17 6 11 1 15 7 28 24 11 10 14 6 8 5 9 28 12 29 15 15 16 30 9 12 9 8 10 23 1 5
7 23 23 1 16 6 10 14 23 28 23 12 6 10 17 5 24 21 28 2 30 28 15 1 13 13 25 29 2 22
11 30 16 28 25 10 25 11 24 14 16 7 8 27 7 30 6 22 4 13 15 30 14 10 23 26 3 9 30 29
29 1 13 11 17 13 3 6 25 29 28 2 10 20 24 4 16 20 15 27 8 25 28 16 5 26 21 10 20 4
10 19 10 20 4 10 28 19 2 28 20 17 14 15 10 25 13 25 22 8 19 1 22 4 5 8 26 14 1 23
0 3 6 4 4 7 7 7 7 6 7 8 7 4
3 0 5 5 5 7 8 8 8 7 9 9 8 5
6 5 0 5 5 6 7 8 8 8 9 10 10 8
4 5 5 0 2 4 5 5 5 5 6 7 7 6
4 5 5 2 0 4 5 5 5 5 6 7 7 7
7 7 6 4 4 0 3 5 5 5 6 8 8 9
7 8 7 5 5 3 0 3 4 4 4 6 7 9
7 8 8 5 5 5 3 0 2 2 3 5 6 8
7 8 8 5 5 5 4 2 0 2 2 4 5 7
6 7 8 5 5 5 4 2 2 0 3 4 5 7
7 9 9 6 6 6 4 3 2 3 0 4 5 8
8 9 10 7 7 8 6 5 4 4 4 0 3 7
7 8 10 7 7 8 7 6 5 5 5 3 0 5
4 5 8 6 7 9 9 8 7 7 8 7 5 0
