12
20
29 12 26 6 13 28 22 11 21 12 9 25 26 6 30 19 16 23 23 5
16 15 8 25 7 10 12 13 2 29 23 30 26 16 20 17 16 15 5 22
17 14 24 24 21 18 13 10 20 6 5 29 21 10 13 26 11 12 3 23
29 27 13 30 7 24 6 29 23 5 8 2 13 22 7 17 25 12 8 1
29 14 2 24 14 13 26 9 2 24 10 17 20 20 16 23 3 22 12 19
3 3 17 14 9 10 26 16 14 18 16 1 23 12 6 3 28 5 1 26
29 13 12 16 16 28 24 19 11 21 4 18 11 6 8 25 2 20 2 28
29 1 28 19 29 24 27 13 28 30 7 11 27 5 1 4 19 6 2 11
6 18 29 10 9 16 26 3 5 1 29 27 10 2 22 3 14 9 29 3
23 8 6 16 21 16 1 24 16 22 27 9 29 29 1 29 18 29 5 1
20 21 17 24 28 9 9 26 3 16 20 5 27 25 18 6 23 11 23 19
15 2 27 14 10 16 9 20 29 4 20 15 4 19 25 6 4 16 5 11
0 2 5 5 6 8 6 7 7 3 3 3 4 3
2 0 4 5 5 7 6 7 6 3 3 4 5 3
5 4 0 4 3 5 3 4 7 5 6 6 8 5
5 5 4 0 3 5 5 6 9 6 6 7 7 5
6 5 3 3 0 4 4 5 8 6 7 7 8 6
8 7 5 5 4 0 4 5 9 8 9 9 10 8
6 6 3 5 4 4 0 3 7 6 7 8 9 7
7 7 4 6 5 5 3 0 6 7 8 8 10 8
7 6 7 9 8 9 7 6 0 6 6 7 8 8
3 3 5 6 6 8 6 7 6 0 3 3 5 4
3 3 6 6 7 9 7 8 6 3 0 2 4 3
3 4 6 7 7 9 8 8 7 3 2 0 3 3
4 5 8 7 8 10 9 10 8 5 4 3 0 4
3 3 5 5 6 8 7 8 8 4 3 3 4 0
