12
30
3 30 13 29 1 17 3 22 20 4 11 5 13 4 1 29 21 22 27 16 3 18 1 6 22 19 24 22 6 7
5 30 17 24 5 10 14 24 9 18 2 9 11 30 27 29 18 19 7 3 2 9 4 14 15 25 14 20 6 18
28 28 13 4 17 25 7 27 23 10 1 24 17 11 12 22 9 22 7 14 26 7 15 8 14 9 9 17 10 7
17 2 5 12 3 15 1 16 14 4 4 17 12 19 26 29 29 2 22 22 9 18 10 19 14 10 21 7 15 1
23 22 6 19 3 20 18 3 9 14 4 9 4 14 27 5 8 6 14 25 23 7 9 16 22 7 14 27 3 4
3 5 23 14 5 25 17 26 27 30 19 14 26 4 15 17 4 24 19 15 22 22 22 16 16 17 29 30 28 13
7 17 22 16 14 29 30 9 12 3 15 12 12 17 4 2 14 27 19 30 12 26 17 2 5 19 29 2 23 16
1 7 10 23 19 29 29 19 1 3 29 17 19 2 29 5 1 8 4 21 8 11 2 4 21 16 14 24 16 8
1 26 23 1 25 16 24 1 15 23 7 8 30 30 15 26 19 13 27 1 9 5 18 24 16 24 28 23 30 25
9 3 22 15 18 30 19 24 12 12 14 16 22 23 14 17 12 14 2 14 5 15 25 22 6 20 12 25 15 26
11 6 23 24 14 19 22 15 6 25 16 5 19 20 9 24 3 16 20 3 8 13 18 9 28 1 5 16 7 10
20 30 5 24 5 1 8 20 16 5 17 10 8 5 4 21 18 18 6 13 9 21 30 27 29 1 30 27 22 14
0 4 5 5 6 6 8 9 8 7 4 5 4 2
4 0 2 4 4 4 6 7 7 8 5 7 5 4
5 2 0 3 4 5 6 8 8 9 6 8 5 5
5 4 3 0 5 6 7 9 9 10 7 9 5 5
6 4 4 5 0 3 4 5 6 9 6 9 7 6
6 4 5 6 3 0 4 5 4 7 5 8 7 6
8 6 6 7 4 4 0 4 5 9 7 10 9 8
9 7 8 9 5 5 4 0 3 8 7 10 10 9
8 7 8 9 6 4 5 3 0 6 6 9 10 9
7 8 9 10 9 7 9 8 6 0 5 6 9 8
4 5 6 7 6 5 7 7 6 5 0 4 6 5
5 7 8 9 9 8 10 10 9 6 4 0 6 5
4 5 5 5 7 7 9 10 10 9 6 6 0 3
2 4 5 5 6 6 8 9 9 8 5 5 3 0
