12
10
6 5 13 12 12 26 17 9 6 14
10 28 24 30 14 29 19 14 11 6
6 18 3 3 4 2 15 8 28 21
22 22 21 16 1 20 13 14 18 30
9 15 25 18 2 9 30 13 11 25
13 17 17 9 22 7 7 15 8 11
17 17 5 23 2 16 18 9 12 24
3 30 19 2 18 14 27 19 9 11
6 19 29 21 25 30 7 16 17 10
4 12 23 11 16 4 21 11 22 30
13 10 27 30 4 20 10 9 18 19
23 21 27 3 14 26 30 13 23 1
0 4 4 6 8 10 8 7 6 6 8 8 8 3
4 0 2 4 6 8 6 5 4 4 7 7 7 2
4 2 0 4 5 7 6 5 4 4 7 7 8 3
6 4 4 0 4 6 5 4 4 5 7 8 8 5
8 6 5 4 0 7 6 6 7 7 9 10 10 7
10 8 7 6 7 0 4 5 5 6 6 8 8 8
8 6 6 5 6 4 0 2 3 3 5 6 6 6
7 5 5 4 6 5 2 0 2 3 5 6 6 5
6 4 4 4 7 5 3 2 0 2 5 5 6 4
6 4 4 5 7 6 3 3 2 0 4 5 5 4
8 7 7 7 9 6 5 5 5 4 0 4 4 7
8 7 7 8 10 8 6 6 5 5 4 0 2 6
8 7 8 8 10 8 6 6 6 5 4 2 0 6
3 2 3 5 7 8 6 5 4 4 7 6 6 0
