12
10
18 12 12 7 13 3 10 18 18 11
14 9 8 26 11 18 26 8 29 14
3 11 2 27 9 25 13 26 16 20
29 25 25 9 21 15 8 16 18 9
2 10 6 13 3 24 21 4 5 1
27 2 9 5 22 14 30 26 5 11
1 4 8 13 12 20 16 30 12 30
15 30 3 13 12 19 18 20 10 3
6 2 28 1 27 5 24 12 11 22
16 24 18 25 3 6 23 27 1 25
19 9 17 2 13 3 20 13 20 20
10 13 9 8 6 7 27 7 23 18
0 5 5 4 6 6 7 7 7 6 6 5 5 4
5 0 5 5 9 9 10 10 10 10 9 8 8 6
5 5 0 3 6 7 8 8 8 8 8 7 9 7
4 5 3 0 5 5 6 7 7 6 6 5 7 6
6 9 6 5 0 3 3 3 4 4 5 4 8 7
6 9 7 5 3 0 3 3 3 3 3 3 7 6
7 10 8 6 3 3 0 2 2 3 3 4 8 7
7 10 8 7 3 3 2 0 2 3 3 4 8 7
7 10 8 7 4 3 2 2 0 3 3 4 8 7
6 10 8 6 4 3 3 3 3 0 2 3 7 6
6 9 8 6 5 3 3 3 3 2 0 3 6 6
5 8 7 5 4 3 4 4 4 3 3 0 6 5
5 8 9 7 8 7 8 8 8 7 6 6 0 3
4 6 7 6 7 6 7 7 7 6 6 5 3 0
