12
10
18 18 28 18 14 16 7 27 2 13
13 7 17 25 13 11 25 21 4 22
22 18 1 21 8 19 5 17 2 22
30 18 3 28 12 25 13 28 28 16
10 18 23 27 15 13 25 21 10 24
5 3 2 25 10 7 14 10 25 8
27 10 18 25 14 21 28 8 5 1
8 1 1 28 16 13 3 17 23 24
16 6 10 2 16 8 20 28 23 29
30 5 25 7 9 4 7 28 20 18
5 30 16 22 18 6 9 2 25 2
21 30 16 2 12 28 14 10 5 11
0 3 4 4 5 8 8 8 9 8 6 5 5 4
3 0 3 5 6 8 9 9 9 9 6 6 6 5
4 3 0 6 7 9 10 10 10 10 8 8 8 7
4 5 6 0 3 5 6 5 6 5 3 3 4 4
5 6 7 3 0 4 5 4 5 5 3 3 4 5
8 8 9 5 4 0 3 4 4 5 5 6 7 7
8 9 10 6 5 3 0 3 3 5 6 6 7 8
8 9 10 5 4 4 3 0 2 3 5 5 6 7
9 9 10 6 5 4 3 2 0 3 5 6 7 7
8 9 10 5 5 5 5 3 3 0 4 4 5 6
6 6 8 3 3 5 6 5 5 4 0 2 3 3
5 6 8 3 3 6 6 5 6 4 2 0 3 3
5 6 8 4 4 7 7 6 7 5 3 3 0 2
4 5 7 4 5 7 8 7 7 6 3 3 2 0
