12
10
3 10 1 5 7 29 29 8 7 8
24 24 25 28 16 2 6 27 26 21
9 14 1 18 8 4 22 22 22 20
20 1 19 25 27 20 24 3 11 1
9 1 8 26 26 21 27 26 17 6
6 4 3 26 15 13 26 22 13 22
6 27 15 29 17 24 30 14 6 12
14 8 11 2 25 17 6 21 24 18
27 12 16 4 18 9 3 27 1 2
11 14 19 23 18 18 4 21 2 13
29 3 26 10 8 30 5 18 22 12
10 4 11 11 1 23 2 20 7 1
0 3 4 6 8 8 8 9 9 7 6 4 3 2
3 0 2 5 8 7 7 8 8 6 5 3 4 3
4 2 0 5 7 6 6 7 7 5 4 3 5 4
6 5 5 0 4 4 6 7 7 7 6 6 7 6
8 8 7 4 0 3 5 6 6 7 7 8 10 9
8 7 6 4 3 0 3 4 5 6 6 7 9 8
8 7 6 6 5 3 0 3 3 5 5 7 9 9
9 8 7 7 6 4 3 0 2 5 5 7 10 10
9 8 7 7 6 5 3 2 0 4 5 7 10 9
7 6 5 7 7 6 5 5 4 0 2 4 7 7
6 5 4 6 7 6 5 5 5 2 0 4 7 7
4 3 3 6 8 7 7 7 7 4 4 0 5 4
3 4 5 7 10 9 9 10 10 7 7 5 0 3
2 3 4 6 9 8 9 10 9 7 7 4 3 0
