12
20
22 10 30 23 25 5 10 20 7 17 13 19 13 22 18 6 1 7 25 4
1 1 15 28 20 29 10 5 13 11 24 2 19 7 7 24 21 9 27 7
26 11 17 2 1 5 21 11 30 18 9 8 25 26 25 19 24 29 5 21
25 25 5 3 1 9 12 17 13 28 5 25 28 16 28 2 12 15 10 6
20 14 7 2 9 15 11 13 2 6 11 7 16 30 8 13 4 8 13 25
3 25 19 14 12 22 7 30 9 5 14 16 8 26 9 5 26 24 12 6
24 21 15 22 11 12 14 17 7 20 7 16 9 7 23 14 20 20 12 30
9 4 17 16 14 11 8 9 20 25 7 23 5 18 22 28 11 1 11 14
24 28 3 1 23 18 23 1 11 18 16 27 22 29 23 29 30 11 10 28
29 21 4 1 22 9 4 7 27 6 12 7 13 9 14 12 14 15 13 7
24 25 15 14 12 17 26 22 9 19 11 19 11 5 25 28 5 30 3 13
10 3 17 10 30 20 13 30 23 8 30 27 26 22 28 18 10 27 19 30
0 4 3 4 6 7 9 8 8 7 6 5 3 3
4 0 3 5 6 7 10 9 9 8 7 7 5 5
3 3 0 4 5 7 10 8 8 7 6 6 4 4
4 5 4 0 4 6 7 6 6 5 4 4 3 4
6 6 5 4 0 3 7 7 7 6 5 6 5 7
7 7 7 6 3 0 7 8 8 8 6 8 7 8
9 10 10 7 7 7 0 4 5 5 5 7 8 9
8 9 8 6 7 8 4 0 2 3 4 5 6 8
8 9 8 6 7 8 5 2 0 3 4 5 6 7
7 8 7 5 6 8 5 3 3 0 3 4 5 6
6 7 6 4 5 6 5 4 4 3 0 3 4 5
5 7 6 4 6 8 7 5 5 4 3 0 3 4
3 5 4 3 5 7 8 6 6 5 4 3 0 3
3 5 4 4 7 8 9 8 7 6 5 4 3 0
