12
20
12 11 1 5 30 22 20 20 4 12 3 25 12 29 4 14 5 26 27 10
18 26 18 10 19 8 26 28 6 13 22 25 10 23 5 27 28 22 24 28
13 10 23 20 18 27 29 9 16 29 28 7 15 7 29 6 1 29 21 30
13 27 3 2 14 7 17 10 4 8 8 27 3 23 20 18 9 5 22 4
23 29 27 17 11 6 15 6 17 3 26 16 25 28 12 26 6 20 7 27
10 22 6 17 15 9 1 5 15 22 9 29 23 8 10 1 5 20 4 7
17 7 29 24 14 8 15 5 17 20 3 1 20 13 10 5 10 11 8 1
30 19 23 21 17 14 11 9 14 3 18 4 10 29 29 5 24 25 23 7
2 12 16 26 2 11 6 19 3 8 30 16 25 23 7 5 28 23 24 25
27 1 10 5 13 6 23 1 20 8 24 9 5 1 3 26 17 1 8 10
25 9 26 13 16 20 27 17 10 8 30 15 27 27 19 19 7 28 5 7
15 19 30 16 4 25 5 28 26 13 14 23 12 19 24 14 27 8 6 3
0 2 3 3 6 7 8 8 8 4 3 4 5 3
2 0 3 3 5 7 8 8 7 4 3 4 5 4
3 3 0 2 4 6 6 8 7 4 3 5 6 5
3 3 2 0 4 5 6 7 7 4 3 5 6 5
6 5 4 4 0 3 4 6 6 5 5 7 8 7
7 7 6 5 3 0 2 6 7 7 7 9 10 9
8 8 6 6 4 2 0 7 8 7 7 10 10 10
8 8 8 7 6 6 7 0 3 6 7 9 9 10
8 7 7 7 6 7 8 3 0 5 6 7 8 8
4 4 4 4 5 7 7 6 5 0 2 4 5 5
3 3 3 3 5 7 7 7 6 2 0 4 5 4
4 4 5 5 7 9 10 9 7 4 4 0 2 3
5 5 6 6 8 10 10 9 8 5 5 2 0 3
3 4 5 5 7 9 10 10 8 5 4 3 3 0
