12
20
25 6 27 2 18 6 10 3 3 17 28 22 14 3 25 14 5 26 24 8
12 7 2 27 4 7 17 15 5 22 22 5 17 27 18 11 14 26 5 22
12 27 20 1 11 19 7 9 15 29 28 24 21 6 13 6 23 27 25 4
10 27 18 4 11 21 21 27 1 18 18 29 10 29 13 4 11 1 5 11
7 6 9 22 14 12 30 21 12 7 6 2 22 13 14 24 13 15 11 23
21 20 5 26 20 15 20 2 26 30 15 20 1 8 7 11 23 16 23 18
1 1 10 10 23 12 4 9 26 25 8 29 17 21 15 28 8 25 7 3
3 13 10 2 29 19 13 5 9 30 27 17 18 22 1 23 20 4 26 16
20 21 5 4 9 27 20 26 25 17 24 1 18 2 11 1 27 28 27 3
1 5 26 16 27 11 21 18 10 9 2 7 7 10 5 12 8 7 7 23
29 23 5 16 17 5 28 30 26 28 23 16 20 25 4 25 17 1 12 27
16 1 13 3 7 2 11 8 1 8 9 29 5 1 13 20 24 3 28 16
0 5 7 6 5 6 8 10 9 6 7 5 4 3
5 0 4 3 3 5 6 9 8 6 8 7 5 5
7 4 0 3 4 5 5 9 8 7 9 8 6 7
6 3 3 0 3 4 5 8 8 6 8 7 5 6
5 3 4 3 0 3 4 7 6 4 6 6 4 4
6 5 5 4 3 0 3 6 5 4 6 6 5 6
8 6 5 5 4 3 0 5 5 5 7 8 6 7
10 9 9 8 7 6 5 0 4 7 8 9 9 9
9 8 8 8 6 5 5 4 0 5 6 7 7 8
6 6 7 6 4 4 5 7 5 0 4 4 4 4
7 8 9 8 6 6 7 8 6 4 0 4 5 5
5 7 8 7 6 6 8 9 7 4 4 0 4 4
4 5 6 5 4 5 6 9 7 4 5 4 0 2
3 5 7 6 4 6 7 9 8 4 5 4 2 0
