12
10
19 6 23 28 23 16 3 18 14 27
11 3 1 9 17 6 7 12 29 12
5 21 23 13 25 28 10 19 8 26
7 28 4 15 24 5 15 7 2 23
9 28 6 22 16 2 18 1 16 12
20 2 25 20 27 10 25 14 26 7
1 13 23 1 11 21 2 15 11 13
6 2 8 26 24 26 11 28 9 18
2 6 9 6 28 21 11 25 16 20
20 21 9 5 10 10 11 25 13 8
29 3 20 3 11 2 15 5 26 28
12 10 7 21 15 5 20 28 22 2
0 3 5 5 6 8 7 5 6 6 5 3 3 3
3 0 4 4 6 8 8 6 6 7 6 4 4 4
5 4 0 2 4 5 5 5 5 6 7 5 4 4
5 4 2 0 3 5 6 5 6 7 8 6 5 5
6 6 4 3 0 4 6 7 7 8 9 7 7 6
8 8 5 5 4 0 6 7 8 8 10 9 8 8
7 8 5 6 6 6 0 4 4 5 8 6 6 6
5 6 5 5 7 7 4 0 2 3 5 4 3 3
6 6 5 6 7 8 4 2 0 2 5 4 4 4
6 7 6 7 8 8 5 3 2 0 5 4 4 5
5 6 7 8 9 10 8 5 5 5 0 3 4 4
3 4 5 6 7 9 6 4 4 4 3 0 2 2
3 4 4 5 7 8 6 3 4 4 4 2 0 2
3 4 4 5 6 8 6 3 4 5 4 2 2 0
