12
10
8 1 8 4 9 6 8 3 2 4
9 6 7 5 1 8 9 2 8 6
1 6 6 8 4 6 7 6 2 9
9 9 10 2 1 3 6 3 4 6
4 10 6 10 6 1 5 7 10 4
7 4 9 8 7 9 8 1 3 6
8 10 4 1 9 10 2 9 5 9
10 10 3 1 7 5 1 10 4 7
8 5 8 8 1 5 6 7 4 2
9 8 1 5 10 6 8 9 8 3
5 5 4 1 1 4 1 3 4 4
1 2 1 9 5 3 7 4 2 8
0 17 13 15 34 32 35 31 29 29 25 20 16 14
17 0 11 15 46 45 50 46 43 42 40 35 31 28
13 11 0 6 37 37 45 43 41 41 37 31 25 21
15 15 6 0 33 33 43 43 42 43 38 31 24 19
34 46 37 33 0 4 25 37 40 44 36 27 23 21
32 45 37 33 4 0 22 34 37 41 33 25 21 19
35 50 45 43 25 22 0 18 23 27 20 18 21 25
31 46 43 43 37 34 18 0 7 12 8 15 22 28
29 43 41 42 40 37 23 7 0 6 6 15 22 28
29 42 41 43 44 41 27 12 6 0 10 18 25 30
25 40 37 38 36 33 20 8 6 10 0 11 17 23
20 35 31 31 27 25 18 15 15 18 11 0 8 15
16 31 25 24 23 21 21 22 22 25 17 8 0 8
14 28 21 19 21 19 25 28 28 30 23 15 8 0
