12
30
3 10 8 3 3 8 4 10 9 8 9 8 8 9 5 10 6 9 9 6 5 6 5 10 6 3 9 2 2 2
8 9 7 5 7 2 7 9 3 8 7 8 8 9 3 5 9 2 3 1 5 2 9 6 3 8 10 1 7 9
1 5 3 4 3 5 6 4 7 4 6 4 7 1 8 7 9 1 8 3 5 6 7 3 4 4 7 4 4 3
7 4 4 9 2 8 4 1 6 7 9 8 6 1 7 3 10 3 3 5 3 3 8 9 9 6 6 5 3 10
6 9 4 6 9 4 3 8 6 9 10 1 9 1 9 2 10 5 10 10 5 4 1 9 1 1 5 6 5 8
10 8 3 1 9 7 3 9 4 10 6 2 5 8 8 2 2 8 8 10 8 4 9 5 9 10 2 2 7 8
4 7 9 3 4 6 10 4 7 8 6 4 10 2 10 10 6 6 1 10 6 9 4 5 9 5 3 4 1 1
6 4 4 1 10 8 10 2 3 8 2 2 10 2 10 2 7 2 8 1 7 5 1 10 9 9 8 4 8 5
8 6 10 4 9 7 10 4 5 9 1 5 4 2 2 8 10 8 2 8 5 9 8 3 3 4 3 7 1 7
5 3 1 1 5 5 3 5 4 4 7 8 9 6 8 5 2 5 9 1 9 8 3 4 2 1 3 5 1 5
3 2 8 6 1 4 5 8 9 7 1 10 8 6 5 2 10 9 3 1 1 8 6 9 8 10 7 5 6 10
3 4 3 3 1 5 7 1 5 6 4 6 7 5 1 7 4 5 6 4 9 5 10 8 7 3 8 9 2 6
0 3 9 10 22 28 40 37 41 42 33 31 22 5
3 0 8 11 24 29 41 37 40 41 32 30 22 7
9 8 0 10 28 35 47 44 47 47 38 35 29 12
10 11 10 0 22 31 46 43 47 50 41 40 29 11
22 24 28 22 0 15 33 32 37 49 41 43 23 19
28 29 35 31 15 0 19 19 24 40 33 37 15 24
40 41 47 46 33 19 0 6 9 30 28 35 20 38
37 37 44 43 32 19 6 0 6 26 23 30 16 35
41 40 47 47 37 24 9 6 0 23 22 29 20 38
42 41 47 50 49 40 30 26 23 0 11 15 28 42
33 32 38 41 41 33 28 23 22 11 0 9 20 33
31 30 35 40 43 37 35 30 29 15 9 0 24 32
22 22 29 29 23 15 20 16 20 28 20 24 0 20
5 7 12 11 19 24 38 35 38 42 33 32 20 0
