12
10
6 3 8 9 8 9 1 4 7 6
1 5 3 6 4 6 10 3 2 9
2 1 6 3 9 7 2 1 9 6
4 6 8 7 6 8 9 7 1 5
1 1 8 8 6 4 4 3 1 8
7 7 4 9 10 7 7 3 6 6
1 2 5 3 5 2 9 1 3 2
10 2 10 8 3 6 6 4 3 5
2 10 5 2 6 5 4 9 10 5
6 7 1 7 9 4 10 2 5 4
8 6 1 9 7 4 8 3 10 7
7 5 7 5 2 10 5 7 6 4
0 11 16 31 34 27 33 31 30 22 18 17 17 9
11 0 7 22 29 29 35 36 35 26 19 17 13 11
16 7 0 16 26 30 37 40 38 29 21 19 14 15
31 22 16 0 24 38 44 50 49 39 32 29 23 28
34 29 26 24 0 22 27 37 36 28 23 20 19 27
27 29 30 38 22 0 8 17 15 9 11 13 18 20
33 35 37 44 27 8 0 15 13 13 18 20 25 27
31 36 40 50 37 17 15 0 3 13 21 23 29 27
30 35 38 49 36 15 13 3 0 11 19 22 27 26
22 26 29 39 28 9 13 13 11 0 9 12 17 16
18 19 21 32 23 11 18 21 19 9 0 4 10 11
17 17 19 29 20 13 20 23 22 12 4 0 7 10
17 13 14 23 19 18 25 29 27 17 10 7 0 9
9 11 15 28 27 20 27 27 26 16 11 10 9 0
