12
30
5 1 9 9 7 8 3 3 1 9 1 9 2 8 9 7 7 4 9 7 10 2 8 7 10 1 6 1 10 2
8 8 9 9 3 6 7 10 9 9 9 3 1 3 8 10 1 5 1 4 8 8 10 4 4 7 4 7 5 10
3 9 10 5 2 8 10 10 7 6 10 1 5 4 2 10 1 7 7 5 8 7 1 6 7 3 9 9 3 9
4 7 2 9 3 6 3 2 2 5 10 7 2 8 9 1 1 1 2 9 7 8 3 5 8 9 9 5 8 7
2 1 2 5 2 9 6 2 1 4 4 3 1 9 4 6 10 5 9 6 7 8 7 8 3 8 5 1 1 3
5 7 4 6 2 1 6 2 1 7 8 8 8 1 8 6 8 9 7 3 10 1 1 3 9 5 7 7 4 1
6 8 10 3 7 9 3 2 1 3 7 8 7 5 6 2 5 2 9 6 5 6 3 5 2 1 4 8 3 7
7 7 6 3 3 4 5 7 4 3 10 7 4 2 4 6 7 3 2 9 3 4 6 9 8 4 7 10 9 5
8 8 9 7 10 8 9 1 9 8 9 1 9 10 6 3 3 7 2 10 10 1 2 8 2 1 10 1 7 7
9 9 2 4 2 2 4 2 1 10 2 2 3 8 1 2 5 5 10 9 9 6 5 6 8 1 6 10 1 8
3 2 1 3 3 9 10 4 1 1 6 8 8 5 7 7 4 3 4 1 2 4 6 4 4 8 10 1 8 3
9 2 8 1 6 7 7 4 10 1 6 8 2 2 1 4 9 3 4 9 3 9 7 3 10 10 10 6 1 1
0 3 21 25 31 34 40 39 32 36 41 16 10 6
3 0 19 24 31 34 40 39 33 38 42 18 11 7
21 19 0 13 21 28 34 35 38 44 50 30 29 24
25 24 13 0 10 17 22 25 30 37 44 27 33 27
31 31 21 10 0 10 14 17 27 34 41 30 38 33
34 34 28 17 10 0 8 9 21 28 34 28 40 34
40 40 34 22 14 8 0 7 23 29 36 33 46 40
39 39 35 25 17 9 7 0 17 24 30 30 44 38
32 33 38 30 27 21 23 17 0 9 16 19 34 30
36 38 44 37 34 28 29 24 9 0 8 22 36 33
41 42 50 44 41 34 36 30 16 8 0 26 40 37
16 18 30 27 30 28 33 30 19 22 26 0 17 13
10 11 29 33 38 40 46 44 34 36 40 17 0 7
6 7 24 27 33 34 40 38 30 33 37 13 7 0
