12
10
1 2 2 7 4 4 1 8 10 1
8 10 1 3 3 10 1 9 8 1
1 6 9 2 8 4 1 10 3 6
9 8 1 5 2 6 7 6 4 9
7 6 3 3 3 5 4 1 1 3
8 9 6 4 3 8 2 9 3 4
6 9 7 6 8 4 2 5 7 6
1 6 9 2 5 1 2 6 7 5
9 1 2 8 5 2 6 8 10 3
6 2 9 7 6 5 10 7 1 2
1 6 10 7 9 3 9 8 5 9
9 3 9 9 2 4 1 5 5 9
0 13 20 23 35 46 29 25 20 21 22 22 31 7
13 0 12 13 24 39 25 22 17 18 22 22 36 18
20 12 0 7 18 28 16 13 10 10 16 16 31 26
23 13 7 0 13 29 20 18 15 15 21 21 36 28
35 24 18 13 0 28 27 26 25 25 31 31 46 39
46 39 28 29 28 0 20 23 27 27 28 29 36 50
29 25 16 20 27 20 0 5 10 9 9 10 21 33
25 22 13 18 26 23 5 0 6 6 7 8 21 30
20 17 10 15 25 27 10 6 0 2 8 8 23 25
21 18 10 15 25 27 9 6 2 0 7 7 22 26
22 22 16 21 31 28 9 7 8 7 0 2 17 27
22 22 16 21 31 29 10 8 8 7 2 0 16 26
31 36 31 36 46 36 21 21 23 22 17 16 0 34
7 18 26 28 39 50 33 30 25 26 27 26 34 0
