12
20
7 9 5 4 3 3 5 8 2 1 2 2 7 4 3 8 4 3 7 3
6 10 5 4 9 9 7 9 4 10 3 4 8 1 10 9 6 4 2 10
3 5 3 1 4 6 4 4 3 9 3 1 10 7 2 2 3 3 1 9
5 4 5 4 2 6 6 6 3 1 6 9 4 5 9 10 5 7 6 8
4 6 7 1 5 3 2 1 10 5 8 8 6 2 9 5 6 8 1 8
10 6 2 6 8 1 8 10 5 10 8 4 2 9 10 4 5 9 8 5
9 1 7 9 4 9 6 10 10 5 7 2 10 4 1 5 9 8 6 4
4 9 8 9 4 9 6 8 2 3 4 2 8 5 10 4 5 5 5 4
4 2 6 2 2 8 10 8 10 5 9 5 8 9 4 3 5 4 7 7
3 3 1 3 6 2 5 5 9 8 4 8 9 6 6 6 9 4 3 4
4 4 7 1 2 9 7 10 6 3 8 7 10 4 2 6 6 10 1 2
5 7 9 6 8 2 3 1 7 6 5 5 2 3 3 7 4 9 10 5
0 7 16 24 22 33 38 40 37 33 16 17 12 2
7 0 11 21 17 28 33 37 34 30 14 17 16 7
16 11 0 15 7 19 24 37 34 31 20 23 26 17
24 21 15 0 14 25 29 50 48 44 33 36 34 23
22 17 7 14 0 14 19 38 36 33 25 28 31 22
33 28 19 25 14 0 6 36 34 32 31 35 41 34
38 33 24 29 19 6 0 37 36 34 35 39 46 38
40 37 37 50 38 36 37 0 5 9 26 26 39 41
37 34 34 48 36 34 36 5 0 6 23 23 36 38
33 30 31 44 33 32 34 9 6 0 19 19 32 34
16 14 20 33 25 31 35 26 23 19 0 5 15 17
17 17 23 36 28 35 39 26 23 19 5 0 14 18
12 16 26 34 31 41 46 39 36 32 15 14 0 12
2 7 17 23 22 34 38 41 38 34 17 18 12 0
