12
20
3 6 8 4 2 1 4 2 3 2 1 8 9 8 4 10 8 9 2 7
3 1 1 10 10 2 1 8 10 4 7 4 9 2 1 1 8 4 8 5
1 2 9 7 3 3 6 4 3 5 10 2 10 8 2 2 4 7 4 8
9 10 10 3 6 2 9 8 1 1 7 3 8 8 10 7 1 8 3 5
1 1 6 1 7 4 1 10 9 8 9 4 9 2 2 5 3 1 7 7
3 2 5 1 7 8 3 7 9 4 8 6 2 8 4 2 1 9 1 1
8 10 3 5 9 5 5 2 1 1 1 7 3 2 3 9 7 8 9 3
5 7 3 1 9 7 5 1 7 8 5 9 2 7 8 10 3 2 8 6
5 8 8 7 8 9 3 9 9 4 10 1 5 10 3 5 1 5 8 5
1 5 5 1 5 3 6 8 6 9 1 7 10 3 5 4 3 9 8 8
2 10 5 8 6 2 3 2 8 6 1 9 4 1 4 2 10 10 4 4
4 9 7 1 10 7 7 7 7 2 5 9 7 8 4 8 4 7 1 9
0 7 12 12 14 25 23 22 21 33 33 40 29 16
7 0 7 8 13 25 24 25 24 35 37 45 35 22
12 7 0 11 18 30 29 31 30 41 43 50 39 27
12 8 11 0 9 21 20 23 23 33 36 47 39 26
14 13 18 9 0 13 13 16 16 25 28 41 38 25
25 25 30 21 13 0 4 12 13 16 22 40 43 31
23 24 29 20 13 4 0 9 11 15 20 37 40 29
22 25 31 23 16 12 9 0 3 12 14 29 33 23
21 24 30 23 16 13 11 3 0 13 15 28 31 21
33 35 41 33 25 16 15 12 13 0 9 28 39 32
33 37 43 36 28 22 20 14 15 9 0 21 34 29
40 45 50 47 41 40 37 29 28 28 21 0 24 27
29 35 39 39 38 43 40 33 31 39 34 24 0 15
16 22 27 26 25 31 29 23 21 32 29 27 15 0
