12
30
9 8 10 1 8 3 8 8 2 9 7 8 10 5 1 4 4 6 3 2 1 6 1 5 9 1 10 2 3 10
1 5 10 6 3 6 4 6 3 6 4 3 7 3 9 5 1 9 4 5 10 7 1 3 5 4 2 4 3 1
7 6 4 7 9 2 5 10 3 7 9 4 8 2 9 7 9 5 7 9 1 3 7 8 3 10 6 7 5 9
5 9 7 1 3 10 9 7 4 3 4 4 3 5 5 3 6 5 9 9 7 10 10 7 1 5 6 1 9 10
5 1 3 4 2 3 3 9 7 5 9 4 1 6 7 3 6 5 1 8 3 1 1 1 3 3 8 1 5 2
10 6 2 9 9 3 9 2 4 9 8 4 10 1 10 5 6 9 9 3 2 7 5 4 9 2 9 2 1 3
9 7 8 4 10 10 8 6 2 1 1 6 10 6 9 5 2 8 10 1 2 9 8 2 2 3 6 8 10 2
4 10 1 7 4 7 9 6 7 10 1 5 7 9 9 4 3 9 5 8 8 2 2 7 7 6 4 9 7 10
6 9 1 2 4 3 1 6 8 2 4 6 10 7 7 8 3 9 1 8 4 8 9 9 5 8 7 10 3 1
6 4 1 5 9 4 10 1 8 2 2 2 1 4 1 9 8 4 5 4 3 6 6 7 2 2 6 10 9 6
10 5 7 8 7 5 8 10 8 7 5 8 3 8 2 2 6 1 4 2 10 10 5 3 7 7 1 10 5 5
4 6 8 7 2 5 4 6 6 2 4 2 8 1 5 6 1 3 10 1 8 9 9 3 5 2 10 8 4 1
0 19 30 34 38 35 31 23 34 24 24 14 17 14
19 0 21 18 21 18 16 13 27 23 32 28 33 30
30 21 0 14 30 31 31 32 45 42 49 42 46 42
34 18 14 0 19 21 23 28 39 39 49 45 49 46
38 21 30 19 0 7 11 21 26 32 44 45 50 48
35 18 31 21 7 0 6 16 21 27 39 41 46 44
31 16 31 23 11 6 0 12 18 23 35 37 42 40
23 13 32 28 21 16 12 0 15 13 25 26 32 30
34 27 45 39 26 21 18 15 0 14 26 33 39 38
24 23 42 39 32 27 23 13 14 0 14 21 26 25
24 32 49 49 44 39 35 25 26 14 0 14 17 18
14 28 42 45 45 41 37 26 33 21 14 0 7 6
17 33 46 49 50 46 42 32 39 26 17 7 0 5
14 30 42 46 48 44 40 30 38 25 18 6 5 0
