12
20
8 6 4 3 6 7 9 5 2 2 6 8 10 9 9 6 1 4 3 8
1 1 9 10 5 10 3 7 1 1 3 5 2 7 2 2 8 4 7 1
3 2 8 4 3 9 7 10 7 6 10 6 7 10 3 7 3 5 1 7
7 7 2 8 10 9 1 1 9 4 3 7 1 4 4 3 5 7 10 3
4 1 2 5 3 10 4 2 6 2 7 6 6 4 2 9 3 8 6 3
5 8 10 10 4 10 7 3 8 8 2 6 3 7 4 3 4 10 1 9
5 1 1 5 3 5 9 6 1 4 6 5 2 9 5 10 5 1 10 3
6 10 5 7 5 7 5 6 5 6 2 3 10 7 1 7 6 1 1 1
3 9 5 10 1 4 2 7 4 5 8 10 3 1 3 4 4 4 5 2
10 10 10 5 6 9 3 1 9 4 7 1 8 10 9 7 8 9 8 3
10 9 10 3 5 4 1 10 10 7 1 5 1 3 2 1 3 9 8 1
7 9 3 9 8 7 10 9 1 5 10 7 1 9 10 7 6 5 8 2
0 6 15 11 14 32 37 50 45 33 32 27 23 16
6 0 11 9 13 30 34 50 45 33 35 30 27 20
15 11 0 8 11 24 27 45 41 30 36 31 31 27
11 9 8 0 6 22 27 43 38 26 31 26 25 21
14 13 11 6 0 19 25 39 34 22 26 21 21 20
32 30 24 22 19 0 9 24 20 13 29 26 31 34
37 34 27 27 25 9 0 24 23 19 36 33 38 41
50 50 45 43 39 24 24 0 7 19 32 33 41 48
45 45 41 38 34 20 23 7 0 14 27 27 35 42
33 33 30 26 22 13 19 19 14 0 19 17 24 31
32 35 36 31 26 29 36 32 27 19 0 7 12 22
27 30 31 26 21 26 33 33 27 17 7 0 10 18
23 27 31 25 21 31 38 41 35 24 12 10 0 11
16 20 27 21 20 34 41 48 42 31 22 18 11 0
