12
20
1 2 4 7 1 2 8 7 8 6 7 3 1 1 7 2 10 6 10 1
7 8 4 1 6 2 8 2 8 9 8 2 5 10 9 1 1 1 6 10
2 8 4 7 5 8 6 4 2 3 10 6 8 10 9 6 5 7 9 8
1 5 4 9 2 7 2 4 5 5 9 5 7 1 10 8 9 9 4 2
4 3 8 5 6 3 3 4 3 4 10 6 1 7 5 8 2 10 2 4
8 1 2 8 1 2 4 6 3 3 6 4 10 2 4 10 5 2 10 3
5 4 1 10 4 2 7 5 1 5 6 10 6 7 3 5 9 4 1 9
4 2 6 6 2 1 1 1 3 4 7 1 4 5 6 4 1 6 6 3
5 6 8 1 5 1 6 8 3 7 3 9 4 2 8 3 2 9 10 5
4 5 1 1 4 2 10 6 8 1 10 3 5 7 1 3 1 4 6 1
3 3 4 5 10 4 6 7 8 8 6 8 5 9 2 9 8 4 9 9
8 10 10 3 2 8 2 2 6 10 8 6 9 3 3 9 1 4 7 3
0 14 18 19 19 39 36 33 34 44 28 29 31 23
14 0 20 19 19 36 33 32 38 50 38 40 42 35
18 20 0 4 4 23 19 16 20 33 25 29 32 27
19 19 4 0 2 22 19 16 22 35 27 31 34 29
19 19 4 2 0 22 18 15 22 35 28 32 35 29
39 36 23 22 22 0 6 11 24 37 40 45 49 46
36 33 19 19 18 6 0 6 20 34 36 41 44 41
33 32 16 16 15 11 6 0 15 30 31 36 39 37
34 38 20 22 22 24 20 15 0 16 21 26 29 29
44 50 33 35 35 37 34 30 16 0 20 24 26 30
28 38 25 27 28 40 36 31 21 20 0 7 10 11
29 40 29 31 32 45 41 36 26 24 7 0 5 8
31 42 32 34 35 49 44 39 29 26 10 5 0 9
23 35 27 29 29 46 41 37 29 30 11 8 9 0
