12
10
3 7 6 9 9 5 6 6 9 5
5 7 2 10 9 10 7 9 8 4
3 4 7 10 9 3 3 10 3 6
9 5 1 6 7 3 6 10 5 5
10 10 5 8 10 8 1 6 8 9
7 1 6 9 4 2 10 2 6 10
1 4 2 10 8 9 2 2 9 4
8 3 2 7 5 4 1 2 8 9
5 7 8 2 5 4 6 1 5 4
6 4 2 5 9 4 6 5 6 6
4 6 3 3 8 4 4 4 7 6
5 10 9 8 4 7 8 5 8 9
0 7 7 12 18 41 50 25 31 30 33 15 15 14
7 0 3 7 13 36 46 21 28 27 32 14 14 14
7 3 0 7 12 36 46 22 30 28 34 15 16 16
12 7 7 0 8 31 41 17 26 25 32 15 16 17
18 13 12 8 0 26 37 18 29 28 36 20 22 23
41 36 36 31 26 0 16 24 32 33 44 37 39 40
50 46 46 41 37 16 0 29 31 33 43 42 44 46
25 21 22 17 18 24 29 0 12 12 23 15 17 18
31 28 30 26 29 32 31 12 0 4 14 18 19 20
30 27 28 25 28 33 33 12 4 0 12 16 18 18
33 32 34 32 36 44 43 23 14 12 0 20 20 20
15 14 15 15 20 37 42 15 18 16 20 0 4 5
15 14 16 16 22 39 44 17 19 18 20 4 0 3
14 14 16 17 23 40 46 18 20 18 20 5 3 0
