12
20
1 4 2 10 6 1 4 10 9 10 8 4 10 7 9 2 10 9 10 9
5 2 1 3 4 9 9 6 6 8 8 10 3 5 8 3 4 3 6 3
5 6 9 9 4 1 7 9 10 1 9 8 8 8 2 4 10 6 4 9
7 4 9 7 3 1 6 9 2 4 2 2 1 3 4 9 10 9 1 8
2 10 7 7 5 10 7 3 9 8 9 3 7 3 8 7 6 1 8 8
6 3 4 5 3 8 8 7 5 4 7 7 9 1 5 5 7 6 2 1
7 7 3 3 8 5 10 2 7 7 5 4 9 8 5 10 1 2 2 8
5 10 9 3 9 5 3 6 7 2 5 10 8 6 6 1 3 1 6 10
10 3 6 8 2 6 7 3 1 9 10 1 10 8 3 7 9 9 2 2
2 1 6 3 8 7 3 7 2 9 6 1 3 10 1 9 3 5 10 9
5 6 10 3 9 10 10 3 3 10 10 1 1 3 1 3 7 7 6 4
7 4 10 9 2 10 10 9 10 9 9 4 6 4 5 8 5 1 9 1
0 10 19 24 22 26 38 34 28 40 29 27 17 17
10 0 12 16 14 18 32 28 24 41 31 30 23 24
19 12 0 11 13 15 32 31 31 50 40 40 33 34
24 16 11 0 6 6 23 23 25 48 39 40 36 37
22 14 13 6 0 6 20 19 20 43 34 36 32 33
26 18 15 6 6 0 19 19 23 46 37 40 36 37
38 32 32 23 20 19 0 9 19 41 36 41 43 44
34 28 31 23 19 19 9 0 12 33 29 34 36 38
28 24 31 25 20 23 19 12 0 25 19 23 27 28
40 41 50 48 43 46 41 33 25 0 12 17 28 29
29 31 40 39 34 37 36 29 19 12 0 8 18 19
27 30 40 40 36 40 41 34 23 17 8 0 13 14
17 23 33 36 32 36 43 36 27 28 18 13 0 3
17 24 34 37 33 37 44 38 28 29 19 14 3 0
