12
30
2 5 1 4 3 10 4 3 4 1 9 5 6 3 7 5 2 6 7 3 1 6 3 10 3 9 7 1 4 1
10 7 9 5 7 1 10 6 4 8 5 9 2 1 5 2 4 5 9 1 2 10 7 5 2 6 9 2 9 2
1 9 6 10 7 6 6 4 8 7 8 7 4 1 3 8 1 7 7 5 1 10 4 6 2 6 2 1 6 1
1 6 7 8 2 5 2 6 2 3 10 4 9 4 2 5 6 2 4 2 7 4 8 1 1 3 8 8 2 8
1 5 8 9 8 10 9 3 2 8 7 7 2 9 1 7 6 5 5 8 10 8 3 6 5 3 6 6 7 1
8 6 3 1 9 4 1 9 6 1 6 2 4 1 9 8 2 6 6 8 4 9 9 5 9 6 8 8 9 7
9 1 6 7 3 1 3 4 1 5 2 6 10 3 5 3 1 1 6 6 9 7 4 3 1 7 1 6 1 1
5 7 5 5 7 8 8 8 8 4 10 7 4 5 8 7 1 10 8 5 8 5 4 9 3 8 4 7 9 1
5 4 7 4 5 7 4 2 8 10 5 7 9 10 8 4 1 6 10 1 7 6 4 2 10 7 5 9 5 10
9 7 8 2 4 10 1 2 7 9 7 9 8 1 5 4 5 10 7 7 2 9 8 8 2 10 6 4 4 4
10 5 4 3 2 8 3 2 10 8 2 8 4 9 7 1 6 10 2 3 9 1 9 2 8 2 5 1 5 7
10 5 8 3 9 4 4 9 5 1 1 3 3 1 6 6 4 6 5 4 7 7 1 5 10 7 10 5 7 6
0 27 25 36 38 46 50 48 49 36 37 41 35 32
27 0 12 20 17 22 27 25 27 18 27 31 27 27
25 12 0 13 15 30 35 34 37 28 37 41 37 36
36 20 13 0 10 32 37 36 40 35 45 49 46 46
38 17 15 10 0 24 29 28 32 29 40 43 41 41
46 22 30 32 24 0 7 6 11 17 27 29 30 33
50 27 35 37 29 7 0 5 8 19 27 28 31 34
48 25 34 36 28 6 5 0 6 16 24 25 28 31
49 27 37 40 32 11 8 6 0 15 21 22 26 29
36 18 28 35 29 17 19 16 15 0 12 16 15 17
37 27 37 45 40 27 27 24 21 12 0 6 6 10
41 31 41 49 43 29 28 25 22 16 6 0 8 12
35 27 37 46 41 30 31 28 26 15 6 8 0 6
32 27 36 46 41 33 34 31 29 17 10 12 6 0
