12
10
6 1 1 9 2 7 4 6 2 10
8 5 1 1 9 6 8 10 5 3
10 2 7 3 10 1 1 10 3 6
5 9 3 3 2 4 6 7 4 1
7 10 6 2 8 10 4 10 4 8
6 6 10 10 10 8 2 7 10 8
2 8 4 5 5 1 7 4 7 5
7 4 10 3 4 5 2 10 5 6
9 7 8 7 2 3 6 10 2 9
5 7 10 2 9 1 6 5 4 2
6 6 9 10 9 7 4 3 5 5
1 4 10 10 4 6 2 9 8 7
0 10 44 46 43 43 46 28 39 43 40 25 20 21
10 0 36 38 34 35 40 23 37 41 39 27 23 21
44 36 0 9 8 11 25 29 43 47 48 50 49 42
46 38 9 0 5 5 18 27 38 42 44 48 47 40
43 34 8 5 0 4 18 24 36 40 42 46 44 37
43 35 11 5 4 0 16 23 34 38 40 45 44 37
46 40 25 18 18 16 0 20 24 27 30 40 41 34
28 23 29 27 24 23 20 0 18 22 22 23 23 16
39 37 43 38 36 34 24 18 0 6 7 23 25 20
43 41 47 42 40 38 27 22 6 0 6 24 27 23
40 39 48 44 42 40 30 22 7 6 0 20 23 20
25 27 50 48 46 45 40 23 23 24 20 0 6 10
20 23 49 47 44 44 41 23 25 27 23 6 0 9
21 21 42 40 37 37 34 16 20 23 20 10 9 0
