12
20
10 4 10 9 6 1 9 6 2 8 2 4 6 4 4 6 5 1 3 2
5 10 7 10 5 8 9 1 10 1 7 10 3 9 4 1 4 9 10 8
2 4 6 1 7 10 3 4 2 2 1 2 5 7 6 5 5 6 5 5
3 5 7 8 9 10 3 10 5 4 8 9 2 9 9 9 2 9 2 10
8 8 6 5 6 2 6 1 10 10 7 8 6 8 4 5 4 7 10 7
9 6 6 4 8 1 2 5 1 2 4 1 7 7 6 6 1 3 2 8
7 6 2 10 10 6 2 2 4 7 5 8 2 3 7 7 8 6 3 4
7 3 5 5 5 5 3 4 7 6 7 9 8 7 1 2 8 2 9 8
5 2 6 9 3 7 2 10 9 7 2 9 9 9 2 5 7 9 3 3
4 8 7 9 2 10 7 1 5 2 1 10 2 3 7 2 1 9 1 6
9 4 8 6 7 9 10 2 1 1 2 7 10 5 8 2 5 2 6 4
6 4 5 3 9 1 3 6 8 8 9 9 1 3 3 6 1 8 2 1
0 12 17 35 36 46 22 25 24 21 15 11 15 8
12 0 12 30 30 41 22 29 29 28 20 18 26 18
17 12 0 21 21 32 13 21 21 22 15 14 25 17
35 30 21 0 3 13 20 27 29 33 29 31 41 35
36 30 21 3 0 13 21 28 30 34 29 31 42 35
46 41 32 13 13 0 29 34 36 41 38 40 50 45
22 22 13 20 21 29 0 11 11 15 11 14 23 18
25 29 21 27 28 34 11 0 3 9 11 15 20 19
24 29 21 29 30 36 11 3 0 7 11 14 19 18
21 28 22 33 34 41 15 9 7 0 9 12 13 14
15 20 15 29 29 38 11 11 11 9 0 5 14 10
11 18 14 31 31 40 14 15 14 12 5 0 13 6
15 26 25 41 42 50 23 20 19 13 14 13 0 10
8 18 17 35 35 45 18 19 18 14 10 6 10 0
