12
30
8 7 2 2 6 9 5 5 8 7 8 10 7 9 4 9 5 10 6 9 9 7 8 3 2 6 10 5 1 4
1 7 10 4 6 9 1 9 3 4 6 10 7 3 3 2 6 10 3 2 1 10 10 10 4 2 4 10 8 1
6 8 2 10 9 10 4 3 6 3 2 6 8 1 9 2 7 9 1 5 1 3 7 2 8 6 3 3 5 5
7 8 8 9 5 1 9 6 7 4 7 6 1 9 6 2 7 2 5 1 4 7 9 8 9 2 4 3 5 6
3 6 5 1 3 1 9 3 6 7 7 6 6 5 6 2 6 2 8 8 1 8 3 6 9 5 6 3 1 2
9 6 7 4 2 6 4 8 3 5 8 5 7 1 6 3 5 2 4 2 9 1 9 3 7 4 8 10 5 2
4 2 3 5 3 9 1 10 3 10 2 5 8 7 7 6 7 5 6 8 5 4 4 10 4 4 1 10 3 4
7 9 9 7 8 4 5 4 7 9 9 8 6 1 7 1 8 2 2 3 2 7 8 10 6 2 2 8 2 1
6 8 9 4 5 1 8 10 3 5 6 1 3 8 4 7 1 3 10 6 5 4 10 5 9 7 2 10 6 2
1 3 5 4 3 10 7 2 9 5 8 4 10 9 9 5 1 3 4 7 9 4 8 9 5 1 6 3 3 5
8 1 10 6 9 3 10 8 2 2 8 10 8 6 1 2 6 4 5 4 7 4 4 3 1 1 1 4 6 1
2 9 5 4 10 7 4 6 7 10 6 8 7 1 4 9 1 7 6 5 10 9 3 4 5 9 1 2 8 10
0 16 11 20 32 28 27 24 26 27 31 24 17 6
16 0 17 30 37 39 42 39 40 42 46 36 30 15
11 17 0 14 23 24 29 27 29 30 35 33 26 15
20 30 14 0 16 11 21 21 24 24 29 36 30 25
32 37 23 16 0 20 33 34 38 37 41 50 44 37
28 39 24 11 20 0 16 17 21 20 24 38 33 32
27 42 29 21 33 16 0 5 8 6 10 27 25 30
24 39 27 21 34 17 5 0 5 5 10 24 21 27
26 40 29 24 38 21 8 5 0 3 7 21 20 28
27 42 30 24 37 20 6 5 3 0 6 23 22 29
31 46 35 29 41 24 10 10 7 6 0 24 25 34
24 36 33 36 50 38 27 24 21 23 24 0 9 23
17 30 26 30 44 33 25 21 20 22 25 9 0 16
6 15 15 25 37 32 30 27 28 29 34 23 16 0
