12
30
5 1 3 5 4 3 5 3 8 8 2 8 10 7 1 8 5 5 6 5 8 9 5 1 5 6 6 10 6 3
1 1 2 4 3 9 5 7 8 3 4 7 4 3 4 6 6 6 8 1 10 1 9 8 9 5 3 3 1 4
9 1 1 9 10 2 4 9 7 3 9 2 2 9 5 6 3 1 9 10 4 3 2 2 6 2 4 5 5 7
6 1 6 10 5 5 10 2 5 4 6 9 9 6 10 8 6 3 7 4 1 6 4 10 3 10 5 4 6 3
3 2 10 1 10 10 4 2 8 9 7 3 8 5 6 8 10 4 2 6 2 7 4 9 8 2 2 9 4 2
9 5 2 1 4 5 7 6 7 8 7 9 5 1 5 4 8 10 3 2 9 5 2 8 8 8 5 3 6 5
10 6 9 9 1 5 1 5 9 5 9 4 5 5 3 7 5 7 8 9 10 7 3 7 6 6 5 4 6 2
10 7 2 6 6 2 5 2 9 3 1 2 8 5 3 3 2 7 9 1 3 2 10 5 2 2 1 7 1 10
3 1 8 4 3 10 3 7 10 4 8 10 1 3 6 6 9 8 1 4 6 7 1 5 7 8 9 6 8 8
4 7 2 6 1 9 8 6 2 6 5 6 7 2 7 8 4 8 3 7 3 7 9 1 5 4 8 5 4 1
4 9 3 1 1 4 6 10 1 8 6 6 10 9 5 6 7 9 3 7 8 8 3 5 2 2 2 6 9 1
8 7 10 3 1 9 9 5 3 6 1 8 2 10 6 1 10 9 5 3 8 5 3 2 3 7 3 6 8 8
0 4 10 17 26 32 38 43 48 32 35 34 25 17
4 0 7 15 24 29 35 41 45 30 34 34 24 15
10 7 0 10 18 24 30 35 41 27 35 36 24 14
17 15 10 0 11 16 22 28 33 20 31 34 22 10
26 24 18 11 0 8 13 19 27 21 37 40 28 18
32 29 24 16 8 0 7 13 22 19 37 42 30 22
38 35 30 22 13 7 0 7 18 22 40 45 34 27
43 41 35 28 19 13 7 0 19 26 45 50 40 33
48 45 41 33 27 22 18 19 0 20 36 42 35 33
32 30 27 20 21 19 22 26 20 0 20 26 17 17
35 34 35 31 37 37 40 45 36 20 0 8 12 23
34 34 36 34 40 42 45 50 42 26 8 0 14 25
25 24 24 22 28 30 34 40 35 17 12 14 0 13
17 15 14 10 18 22 27 33 33 17 23 25 13 0
