12
20
8 10 5 8 8 9 4 3 10 2 9 10 6 8 4 6 7 4 9 10
5 9 6 9 5 5 6 4 2 5 7 8 3 10 1 7 5 10 5 7
6 7 7 2 4 7 2 7 4 10 9 1 5 7 9 4 2 10 10 10
6 4 4 5 8 10 7 4 7 8 3 5 9 10 3 10 5 4 1 9
5 3 5 7 1 8 9 7 3 7 2 8 5 4 4 9 10 2 3 7
7 4 2 8 4 3 2 5 1 7 4 5 4 4 10 10 10 5 8 7
6 6 9 6 3 7 9 8 2 5 3 10 2 8 8 8 8 1 5 6
4 8 1 4 1 8 7 1 8 7 1 7 6 5 2 6 6 3 2 7
9 9 10 7 1 10 9 10 8 9 9 3 6 5 6 3 6 6 5 9
10 6 4 9 10 6 3 5 9 2 4 3 8 3 4 3 4 6 2 6
5 4 4 6 9 1 10 9 7 5 5 7 6 5 2 7 5 5 2 1
2 3 6 10 9 9 10 9 2 8 6 4 6 7 9 6 5 4 10 8
0 9 18 37 21 16 27 29 33 36 25 15 21 14
9 0 11 30 16 11 26 29 33 37 28 19 27 21
18 11 0 24 15 14 30 34 37 44 36 28 37 29
37 30 24 0 17 23 30 34 34 44 43 38 50 49
21 16 15 17 0 7 19 23 25 33 29 23 35 33
16 11 14 23 7 0 18 22 25 32 26 18 30 28
27 26 30 30 19 18 0 6 8 16 16 17 28 35
29 29 34 34 23 22 6 0 6 12 14 17 27 36
33 33 37 34 25 25 8 6 0 12 18 22 32 41
36 37 44 44 33 32 16 12 12 0 14 22 28 41
25 28 36 43 29 26 16 14 18 14 0 11 16 28
15 19 28 38 23 18 17 17 22 22 11 0 14 21
21 27 37 50 35 30 28 27 32 28 16 14 0 17
14 21 29 49 33 28 35 36 41 41 28 21 17 0
