12
10
5 6 9 8 10 3 1 10 7 5
2 8 1 9 9 3 7 8 5 7
8 2 2 10 9 4 10 10 2 9
8 8 3 5 5 9 10 2 8 7
6 2 8 7 3 8 3 2 8 8
9 9 3 6 8 3 2 5 3 7
9 5 10 10 3 6 9 8 1 3
4 6 9 9 8 8 4 2 4 7
1 10 8 3 8 4 5 2 7 1
8 9 7 5 8 6 6 5 1 3
8 1 9 8 7 9 8 8 6 3
5 9 5 1 8 10 5 1 8 3
0 19 18 14 21 32 50 46 40 44 39 45 42 24
19 0 6 14 26 30 40 40 37 43 40 49 50 33
18 6 0 10 21 25 37 36 33 38 35 44 45 28
14 14 10 0 13 20 38 33 28 33 29 37 37 20
21 26 21 13 0 13 36 27 21 24 19 26 26 10
32 30 25 20 13 0 25 16 10 15 13 22 27 19
50 40 37 38 36 25 0 14 21 25 30 36 46 42
46 40 36 33 27 16 14 0 9 13 17 24 34 32
40 37 33 28 21 10 21 9 0 8 11 19 27 25
44 43 38 33 24 15 25 13 8 0 8 12 23 26
39 40 35 29 19 13 30 17 11 8 0 10 18 20
45 49 44 37 26 22 36 24 19 12 10 0 13 24
42 50 45 37 26 27 46 34 27 23 18 13 0 19
24 33 28 20 10 19 42 32 25 26 20 24 19 0
