12
10
9 3 4 3 7 6 6 3 2 6
3 1 6 6 8 5 2 1 1 5
7 7 1 4 6 10 2 7 4 6
3 9 2 1 7 2 10 4 3 7
9 2 7 3 2 7 8 2 3 1
1 5 1 2 5 3 2 1 4 9
10 2 6 10 7 2 8 4 8 3
3 2 4 6 10 3 5 6 8 10
9 2 5 3 3 4 8 2 8 3
1 7 1 1 9 9 2 8 10 7
7 7 1 3 8 6 3 4 4 1
5 10 10 6 1 5 5 4 7 3
0 12 31 50 49 44 48 31 32 32 25 14 12 5
12 0 24 47 48 46 50 35 34 31 25 14 19 14
31 24 0 27 33 36 43 34 27 22 21 20 32 31
50 47 27 0 13 24 30 34 26 23 28 38 46 48
49 48 33 13 0 14 19 27 20 19 26 37 43 46
44 46 36 24 14 0 8 17 14 17 22 34 36 41
48 50 43 30 19 8 0 18 18 23 27 38 39 44
31 35 34 34 27 17 18 0 10 15 15 24 22 27
32 34 27 26 20 14 18 10 0 7 10 22 25 29
32 31 22 23 19 17 23 15 7 0 8 20 25 29
25 25 21 28 26 22 27 15 10 8 0 13 19 22
14 14 20 38 37 34 38 24 22 20 13 0 13 12
12 19 32 46 43 36 39 22 25 25 19 13 0 8
5 14 31 48 46 41 44 27 29 29 22 12 8 0
