12
20
8 5 4 7 1 7 4 6 6 3 9 2 2 9 1 6 5 4 4 6
6 5 7 4 8 2 5 10 3 9 6 10 7 7 2 5 10 3 1 8
4 3 8 7 2 9 5 3 6 10 9 6 10 9 6 8 2 5 10 4
6 3 4 4 3 5 3 10 4 4 4 3 9 2 4 7 4 1 9 2
1 1 2 8 1 10 7 9 10 1 3 4 3 10 5 2 6 3 6 2
5 3 3 6 10 3 4 7 5 7 4 1 10 1 1 8 1 10 7 2
7 5 5 7 6 6 10 2 8 2 2 6 3 5 6 5 4 4 9 7
1 10 5 7 2 9 10 10 4 3 1 1 3 6 3 3 9 6 8 7
7 1 8 6 2 2 10 7 1 4 10 1 2 9 8 7 6 4 7 6
8 7 8 10 5 4 7 10 1 5 7 8 6 5 6 1 3 8 6 4
7 6 4 9 10 2 6 7 6 4 10 3 4 6 2 7 4 8 10 10
5 8 3 4 8 4 5 8 7 10 7 1 4 1 1 8 9 2 10 2
0 9 20 29 35 33 40 40 50 37 29 28 20 20
9 0 15 23 34 33 40 41 50 43 35 34 26 23
20 15 0 11 23 23 30 30 40 42 35 35 30 20
29 23 11 0 25 26 32 32 41 50 43 44 39 28
35 34 23 25 0 5 9 9 18 35 30 32 32 20
33 33 23 26 5 0 9 10 19 31 26 28 28 17
40 40 30 32 9 9 0 2 12 32 29 32 33 23
40 41 30 32 9 10 2 0 11 33 30 33 34 23
50 50 40 41 18 19 12 11 0 36 35 38 41 32
37 43 42 50 35 31 32 33 36 0 9 11 19 24
29 35 35 43 30 26 29 30 35 9 0 5 12 16
28 34 35 44 32 28 32 33 38 11 5 0 9 17
20 26 30 39 32 28 33 34 41 19 12 9 0 14
20 23 20 28 20 17 23 23 32 24 16 17 14 0
