12
10
1 1 1 10 8 6 9 2 1 9
3 9 2 4 5 5 1 8 10 3
10 1 3 2 7 10 5 8 5 7
2 10 6 4 7 9 5 4 10 7
8 6 6 8 5 5 10 1 6 8
2 1 9 9 4 5 2 9 6 1
1 6 9 6 5 7 6 3 8 8
1 8 5 8 8 6 4 10 4 5
5 6 9 5 4 4 5 7 7 7
5 9 5 2 5 6 4 4 10 2
5 3 2 9 9 1 9 6 7 9
6 3 9 7 5 9 6 9 7 2
0 11 11 20 25 31 39 26 25 28 35 31 17 17
11 0 8 12 23 25 30 17 16 19 26 23 21 23
11 8 0 10 17 21 30 18 17 21 31 28 26 26
20 12 10 0 17 15 22 10 10 14 27 25 32 33
25 23 17 17 0 14 31 23 24 28 42 40 40 40
31 25 21 15 14 0 19 17 18 21 35 35 45 46
39 30 30 22 31 19 0 15 16 15 24 25 48 50
26 17 18 10 23 17 15 0 3 6 21 19 35 37
25 16 17 10 24 18 16 3 0 6 20 18 34 36
28 19 21 14 28 21 15 6 6 0 16 15 35 38
35 26 31 27 42 35 24 21 20 16 0 5 35 39
31 23 28 25 40 35 25 19 18 15 5 0 31 35
17 21 26 32 40 45 48 35 34 35 35 31 0 6
17 23 26 33 40 46 50 37 36 38 39 35 6 0
