12
10
6 8 4 6 6 1 8 4 10 3
3 1 3 9 7 4 7 1 4 1
3 1 1 8 4 1 9 3 9 1
3 9 3 6 2 5 8 6 6 1
3 6 2 10 1 4 8 9 3 5
4 4 3 10 6 2 6 10 1 6
4 4 2 2 6 1 4 7 1 5
5 1 2 6 4 8 2 5 9 7
10 7 1 6 6 9 6 10 3 2
6 1 4 2 10 1 10 1 5 2
9 1 2 7 1 3 1 9 4 5
6 5 2 1 8 3 2 6 9 6
0 5 16 29 20 29 28 15 24 27 26 18 24 9
5 0 13 27 21 30 30 18 27 31 30 19 22 8
16 13 0 25 26 36 37 28 37 42 41 26 19 15
29 27 25 0 17 22 26 29 36 46 49 45 43 34
20 21 26 17 0 12 13 14 20 31 34 36 41 27
29 30 36 22 12 0 6 19 20 33 38 44 50 37
28 30 37 26 13 6 0 16 16 29 34 43 50 36
15 18 28 29 14 19 16 0 11 19 22 28 38 23
24 27 37 36 20 20 16 11 0 14 20 34 46 31
27 31 42 46 31 33 29 19 14 0 8 30 45 31
26 30 41 49 34 38 34 22 20 8 0 25 42 29
18 19 26 45 36 44 43 28 34 30 25 0 19 12
24 22 19 43 41 50 50 38 46 45 42 19 0 17
9 8 15 34 27 37 36 23 31 31 29 12 17 0
