12
20
1 7 3 10 5 10 6 1 1 5 5 7 6 3 3 6 3 6 1 3
1 1 9 2 6 5 9 10 7 1 3 2 4 2 10 7 5 5 8 10
9 8 1 2 2 9 4 10 3 3 8 7 9 8 7 2 3 2 5 9
9 3 3 8 3 8 4 5 5 9 7 5 5 6 8 1 2 10 6 3
6 8 10 7 8 8 8 1 8 5 2 7 4 6 1 7 5 4 10 4
4 3 5 6 7 8 7 1 5 7 6 6 9 6 1 4 8 4 6 5
10 2 8 8 9 4 8 10 8 2 10 5 7 10 7 1 3 2 1 10
1 9 10 6 9 1 9 5 9 10 2 3 7 1 9 6 10 2 1 8
7 2 1 8 7 10 8 3 7 4 6 5 4 1 2 10 4 8 3 6
5 7 9 4 4 6 8 2 6 7 8 5 4 6 10 9 1 2 6 7
6 3 2 10 7 7 3 5 6 2 8 7 10 6 9 6 5 7 1 7
1 5 5 10 6 6 9 10 9 8 4 7 5 1 8 1 4 6 10 1
0 9 18 36 28 32 25 27 34 35 28 20 20 14
9 0 12 41 34 39 32 34 41 41 35 27 25 15
18 12 0 42 38 44 39 41 48 50 44 36 35 25
36 41 42 0 12 18 23 27 27 40 37 33 43 47
28 34 38 12 0 10 13 17 18 30 26 22 33 38
32 39 44 18 10 0 10 12 10 23 21 20 32 40
25 32 39 23 13 10 0 6 11 19 15 12 23 32
27 34 41 27 17 12 6 0 9 15 11 11 22 32
34 41 48 27 18 10 11 9 0 15 15 18 29 39
35 41 50 40 30 23 19 15 15 0 8 16 22 35
28 35 44 37 26 21 15 11 15 8 0 9 16 29
20 27 36 33 22 20 12 11 18 16 9 0 13 23
20 25 35 43 33 32 23 22 29 22 16 13 0 15
14 15 25 47 38 40 32 32 39 35 29 23 15 0
