12
20
9 2 5 5 1 9 9 4 1 1 4 10 6 3 9 10 6 8 1 8
9 6 5 3 1 4 3 6 1 2 4 4 1 4 1 1 10 3 9 3
5 2 4 10 9 8 2 3 3 6 5 9 7 2 7 9 9 2 8 10
5 1 8 4 6 6 5 4 6 9 2 5 9 10 4 4 2 10 2 6
9 8 10 4 5 3 6 7 4 4 1 4 3 6 9 1 6 1 8 7
10 6 2 3 8 2 1 3 2 2 1 6 4 6 9 5 4 6 3 2
3 9 3 4 1 4 4 8 8 3 4 4 3 4 3 9 5 9 10 1
4 10 10 3 6 10 3 8 10 9 2 2 7 10 10 3 3 5 1 7
4 9 10 2 8 10 2 7 7 4 8 6 1 3 8 7 5 5 3 5
4 7 5 1 9 5 6 1 7 3 4 5 6 9 10 10 1 1 10 7
9 2 10 8 3 4 5 2 4 7 3 6 10 2 8 1 2 5 5 1
10 6 3 7 10 5 9 7 9 6 7 6 3 2 4 6 2 3 9 10
0 5 10 11 12 23 26 47 43 36 35 31 48 9
5 0 10 10 12 23 26 45 40 33 32 29 45 8
10 10 0 2 4 15 18 38 35 28 28 24 45 16
11 10 2 0 3 14 17 37 35 28 28 24 45 17
12 12 4 3 0 13 16 37 35 29 28 24 46 18
23 23 15 14 13 0 6 30 33 29 29 25 50 29
26 26 18 17 16 6 0 26 30 27 26 23 49 32
47 45 38 37 37 30 26 0 17 22 22 23 43 50
43 40 35 35 35 33 30 17 0 10 10 14 28 45
36 33 28 28 29 29 27 22 10 0 2 6 25 37
35 32 28 28 28 29 26 22 10 2 0 5 25 36
31 29 24 24 24 25 23 23 14 6 5 0 27 33
48 45 45 45 46 50 49 43 28 25 25 27 0 46
9 8 16 17 18 29 32 50 45 37 36 33 46 0
