12
20
8 9 10 10 5 9 2 2 2 7 5 9 9 4 2 1 10 7 2 2
8 9 1 8 4 7 5 2 8 8 6 8 3 2 7 8 5 3 4 9
1 7 8 4 7 8 4 1 9 3 3 9 3 8 3 7 2 5 8 1
3 4 3 5 1 6 3 1 6 8 4 6 1 1 5 5 2 5 4 9
3 6 4 1 3 8 1 9 7 3 4 5 3 10 2 4 4 1 5 2
8 10 3 8 4 8 7 1 9 2 8 1 4 1 9 3 7 7 4 10
5 10 8 6 4 3 1 6 6 9 8 3 4 6 7 9 4 7 4 2
4 10 5 8 1 4 7 1 1 1 10 6 10 8 1 2 10 5 3 4
8 7 7 2 7 8 1 4 5 10 10 1 3 8 3 10 8 2 3 8
4 1 8 1 10 9 3 1 4 3 7 8 2 1 7 6 7 1 10 2
2 3 3 1 9 4 4 6 8 9 2 3 5 3 1 7 1 3 5 7
4 4 1 6 3 1 3 10 2 10 2 4 9 3 10 1 7 5 2 6
0 8 14 26 29 21 32 39 39 31 22 16 18 2
8 0 14 27 29 16 26 32 32 25 16 20 22 8
14 14 0 15 16 15 24 36 38 31 26 29 30 15
26 27 15 0 7 25 32 47 49 43 39 39 40 26
29 29 16 7 0 24 28 44 46 41 39 43 44 29
21 16 15 25 24 0 12 23 25 19 19 35 37 22
32 26 24 32 28 12 0 18 21 18 24 45 47 32
39 32 36 47 44 23 18 0 5 9 22 48 50 39
39 32 38 49 46 25 21 5 0 9 21 47 50 39
31 25 31 43 41 19 18 9 9 0 14 40 43 32
22 16 26 39 39 19 24 22 21 14 0 28 31 22
16 20 29 39 43 35 45 48 47 40 28 0 4 15
18 22 30 40 44 37 47 50 50 43 31 4 0 17
2 8 15 26 29 22 32 39 39 32 22 15 17 0
