12
20
4 3 5 6 3 6 10 2 2 2 7 6 6 3 10 2 7 9 1 2
5 1 6 5 3 4 1 5 7 10 10 6 8 1 3 9 7 1 2 6
10 3 6 3 6 1 1 7 5 10 1 5 3 10 6 10 1 8 9 2
7 1 7 1 4 7 5 3 1 8 3 9 4 1 3 10 3 8 3 2
6 5 3 2 6 4 1 2 9 1 4 8 8 6 2 10 6 3 7 9
10 5 9 3 1 5 4 2 4 4 6 1 3 3 1 8 8 3 2 1
4 1 1 3 4 7 9 4 8 10 5 7 3 4 10 2 3 2 3 8
4 6 8 8 1 2 8 5 7 10 2 1 1 1 6 8 4 5 4 2
8 7 4 2 5 7 3 1 1 4 2 10 8 6 5 4 9 4 3 3
4 8 2 2 2 10 8 4 10 9 6 7 3 2 2 10 7 6 4 8
9 4 3 3 3 9 5 8 6 9 1 2 9 3 8 2 3 6 10 2
1 2 8 6 9 1 2 3 2 1 1 2 5 6 4 1 4 10 9 7
0 16 23 16 10 9 24 22 20 20 29 20 9 7
16 0 14 15 15 18 37 35 34 34 42 30 18 18
23 14 0 12 18 22 39 40 40 41 50 41 29 28
16 15 12 0 9 12 29 30 30 32 42 35 23 22
10 15 18 9 0 5 24 24 24 25 35 28 17 15
9 18 22 12 5 0 20 20 20 21 31 26 17 14
24 37 39 29 24 20 0 8 11 15 24 31 29 26
22 35 40 30 24 20 8 0 4 9 18 25 25 23
20 34 40 30 24 20 11 4 0 6 16 22 23 21
20 34 41 32 25 21 15 9 6 0 12 18 21 19
29 42 50 42 35 31 24 18 16 12 0 18 27 26
20 30 41 35 28 26 31 25 22 18 18 0 14 15
9 18 29 23 17 17 29 25 23 21 27 14 0 4
7 18 28 22 15 14 26 23 21 19 26 15 4 0
