12
30
3 4 39 102 15 33 5 78 63 98 51 109 7 33 102 122 99 125 41 57 92 74 43 102 106 86 119 23 12 19
78 38 36 110 57 109 14 64 13 2 52 26 67 72 2 4 66 86 103 113 31 76 16 11 83 123 40 96 34 16
103 1 30 95 95 54 79 53 37 2 17 58 16 83 3 59 72 79 112 105 5 13 55 114 111 2 50 54 21 111
51 88 109 45 56 94 110 109 49 111 60 31 45 13 32 125 108 72 116 76 43 70 110 104 46 72 86 93 99 116
56 4 110 119 49 76 38 101 102 1 4 104 82 8 90 85 100 27 16 120 123 22 79 27 104 99 28 76 110 109
13 80 109 36 61 6 124 61 75 15 94 117 73 66 84 16 99 68 118 120 57 117 118 91 68 87 115 71 44 9
35 35 80 41 92 67 100 120 87 18 70 94 116 50 101 33 42 124 30 55 48 28 13 31 65 101 115 39 86 117
26 85 54 67 15 90 59 123 8 51 4 93 94 23 22 3 37 53 111 59 108 43 46 41 22 43 124 50 31 117
14 68 87 73 54 106 82 4 69 101 10 2 46 40 94 72 73 29 114 25 32 7 29 122 34 82 36 51 22 40
123 11 39 23 104 39 11 54 4 17 73 62 71 16 1 43 26 13 103 35 80 99 113 32 18 113 76 86 69 30
90 108 98 13 26 121 2 12 46 85 47 97 100 31 85 23 118 109 25 29 46 101 81 123 16 87 59 66 40 77
86 12 30 67 5 58 65 65 58 114 91 114 105 20 76 110 119 59 109 78 94 14 85 26 108 75 125 122 123 13
0 8 7 9 10 6 7 12 18 20 18 18 9 5
8 0 2 6 7 7 9 11 16 20 20 22 15 11
7 2 0 5 6 6 9 10 15 19 19 22 15 11
9 6 5 0 3 6 8 7 12 16 17 20 17 13
10 7 6 3 0 6 8 6 11 15 16 20 18 14
6 7 6 6 6 0 4 7 13 16 15 17 13 9
7 9 9 8 8 4 0 6 12 15 13 14 13 10
12 11 10 7 6 7 6 0 7 11 11 16 18 15
18 16 15 12 11 13 12 7 0 6 12 18 24 20
20 20 19 16 15 16 15 11 6 0 9 16 25 23
18 20 19 17 16 15 13 11 12 9 0 9 21 19
18 22 22 20 20 17 14 16 18 16 9 0 18 17
9 15 15 17 18 13 13 18 24 25 21 18 0 5
5 11 11 13 14 9 10 15 20 23 19 17 5 0
