12
30
53 84 115 72 116 57 82 67 8 3 6 20 59 70 62 26 41 21 15 4 46 10 115 3 2 102 117 107 111 96
33 80 89 27 116 44 3 50 34 118 39 14 10 110 50 80 45 24 14 45 29 99 97 61 117 29 124 12 84 121
4 65 119 64 76 10 5 99 93 26 56 20 103 106 57 65 68 36 41 47 41 30 36 71 112 43 81 48 27 11
37 38 122 68 58 10 116 116 23 72 51 79 70 121 37 23 99 55 123 15 2 110 54 62 17 92 63 113 46 42
107 52 116 34 48 76 4 72 88 6 18 95 61 38 78 107 24 66 60 80 80 75 102 109 63 92 9 92 63 91
79 35 106 27 36 111 114 69 21 77 45 73 106 8 79 42 23 22 37 101 55 118 90 54 74 40 28 36 42 51
91 15 113 125 105 105 9 15 6 118 120 66 121 103 11 82 106 120 119 44 44 61 56 102 37 122 92 109 81 13
96 22 34 117 69 67 29 39 61 81 80 16 21 71 12 56 34 104 75 55 94 115 43 106 66 6 28 79 48 96
14 101 32 9 3 2 75 13 31 83 12 16 17 54 16 81 123 110 115 89 123 34 12 67 72 52 121 13 71 37
68 31 48 55 60 92 10 3 118 73 79 116 67 78 108 119 60 76 114 64 54 50 43 105 115 82 117 33 100 25
21 123 30 119 14 22 55 11 82 17 51 22 60 72 27 103 80 13 6 66 125 112 5 27 104 59 93 9 17 31
45 75 26 81 61 57 39 83 64 81 45 99 6 95 100 44 103 25 118 11 79 14 77 31 19 87 58 19 61 65
0 8 13 13 10 7 12 16 15 15 12 9 11 8
8 0 10 11 10 10 16 20 21 21 18 14 12 10
13 10 0 4 7 10 13 18 21 22 23 20 20 18
13 11 4 0 6 10 12 16 20 21 24 20 22 19
10 10 7 6 0 5 8 13 16 17 19 16 19 16
7 10 10 10 5 0 7 12 13 14 15 12 17 13
12 16 13 12 8 7 0 6 10 11 18 15 22 19
16 20 18 16 13 12 6 0 9 10 19 18 25 22
15 21 21 20 16 13 10 9 0 3 13 13 22 20
15 21 22 21 17 14 11 10 3 0 13 13 22 20
12 18 23 24 19 15 18 19 13 13 0 5 13 12
9 14 20 20 16 12 15 18 13 13 5 0 11 9
11 12 20 22 19 17 22 25 22 22 13 11 0 5
8 10 18 19 16 13 19 22 20 20 12 9 5 0
