12
20
52 70 65 23 101 40 97 32 110 98 47 79 116 95 18 118 19 27 105 4
62 50 11 96 62 40 64 5 124 92 122 59 99 105 59 68 7 101 4 80
92 60 14 5 23 125 53 14 37 62 69 92 120 80 78 60 107 67 90 105
85 89 107 9 74 56 68 10 116 5 11 93 6 63 56 93 97 26 31 123
116 102 116 22 69 45 7 27 120 2 3 14 67 57 32 82 70 63 61 23
85 68 123 59 43 82 35 31 9 63 5 109 116 24 67 43 102 112 78 37
29 87 94 13 122 92 38 36 34 38 40 19 102 10 64 13 4 86 47 56
6 39 43 66 98 67 114 76 44 7 119 118 114 122 88 12 38 55 82 16
108 13 19 13 63 26 42 124 78 73 22 6 114 5 107 62 90 13 24 19
41 121 33 121 118 47 11 112 71 39 46 64 53 75 39 125 69 103 57 74
49 32 69 37 86 54 62 18 101 22 48 64 41 82 62 48 97 68 83 121
84 83 108 91 125 48 87 77 120 121 36 38 82 109 32 120 6 23 101 45
0 10 10 13 14 13 16 17 14 10 11 11 12 14
10 0 12 15 21 20 23 25 23 19 20 19 18 19
10 12 0 4 11 12 14 17 18 16 19 18 21 23
13 15 4 0 10 11 12 16 19 17 20 20 23 25
14 21 11 10 0 4 4 8 14 13 17 18 22 25
13 20 12 11 4 0 5 6 11 10 15 15 20 22
16 23 14 12 4 5 0 6 13 13 18 18 23 25
17 25 17 16 8 6 6 0 10 11 15 16 21 24
14 23 18 19 14 11 13 10 0 5 8 9 14 16
10 19 16 17 13 10 13 11 5 0 6 7 12 14
11 20 19 20 17 15 18 15 8 6 0 3 8 10
11 19 18 20 18 15 18 16 9 7 3 0 7 9
12 18 21 23 22 20 23 21 14 12 8 7 0 4
14 19 23 25 25 22 25 24 16 14 10 9 4 0
