12
20
64 18 11 99 37 27 29 3 124 8 58 43 19 123 37 96 75 101 80 14
72 119 102 30 3 23 85 119 95 33 34 36 118 21 109 30 108 108 74 12
77 37 113 37 113 80 78 9 102 106 98 56 41 42 32 55 26 113 83 77
123 50 57 54 70 85 118 25 81 33 67 44 24 53 26 27 48 101 50 43
42 56 47 123 123 4 2 56 121 11 7 108 90 109 75 84 59 21 111 104
74 53 80 14 43 53 49 86 18 105 70 84 124 67 66 78 74 50 61 65
88 66 15 102 96 40 10 19 5 113 108 109 112 3 16 54 112 27 117 110
125 29 97 114 57 108 37 25 71 68 63 110 60 125 44 89 53 81 5 74
70 43 28 4 36 34 27 4 2 17 41 43 41 66 63 105 108 97 113 15
76 78 116 28 35 111 111 111 107 24 33 75 11 57 91 86 123 65 56 50
75 24 91 61 9 109 65 19 66 57 100 36 110 112 91 41 51 123 119 40
8 71 11 54 97 100 70 39 17 48 123 52 21 6 29 79 69 65 11 12
0 10 14 20 24 21 15 15 14 9 6 9 8 5
10 0 6 15 19 19 17 17 16 14 11 17 17 14
14 6 0 11 15 16 15 15 16 15 13 18 19 17
20 15 11 0 6 8 13 13 14 17 17 21 22 21
24 19 15 6 0 8 15 15 16 20 20 24 25 25
21 19 16 8 8 0 9 10 11 15 17 19 21 22
15 17 15 13 15 9 0 2 3 8 10 11 14 15
15 17 15 13 15 10 2 0 3 7 10 11 13 14
14 16 16 14 16 11 3 3 0 6 9 10 12 13
9 14 15 17 20 15 8 7 6 0 5 6 8 8
6 11 13 17 20 17 10 10 9 5 0 7 7 6
9 17 18 21 24 19 11 11 10 6 7 0 4 7
8 17 19 22 25 21 14 13 12 8 7 4 0 5
5 14 17 21 25 22 15 14 13 8 6 7 5 0
