12
30
3 41 88 45 13 50 114 42 19 84 55 20 58 59 9 44 115 42 57 125 40 97 78 99 119 47 99 52 64 36
10 6 94 48 56 55 39 53 87 105 111 41 123 89 5 27 53 48 17 52 77 26 107 113 35 38 90 75 4 51
75 41 49 26 19 19 67 104 118 65 26 85 95 68 14 110 3 44 20 77 97 39 32 38 87 71 33 100 47 78
73 72 26 72 4 27 52 12 75 88 34 15 37 102 68 76 114 93 97 9 49 10 73 112 22 115 124 54 63 125
26 63 70 111 41 23 95 92 121 42 34 54 23 86 57 20 32 16 110 7 2 56 114 103 60 57 43 61 94 41
1 19 91 16 41 67 33 18 75 33 82 113 78 3 12 74 93 40 3 4 84 1 97 58 66 25 50 113 121 3
114 111 102 26 112 103 80 82 75 5 98 7 116 119 50 83 29 105 9 60 1 87 77 21 49 28 14 66 52 41
114 3 18 86 76 42 75 20 12 115 114 26 115 70 115 49 32 101 76 72 103 22 18 56 1 5 125 57 34 88
17 14 20 118 75 2 72 67 63 20 94 77 8 106 94 108 83 108 17 117 43 87 35 112 2 105 46 64 122 27
112 33 75 25 119 68 77 1 66 95 46 116 101 44 60 32 72 110 33 87 116 100 92 43 13 73 17 97 65 90
64 103 88 24 61 115 71 66 67 118 21 11 31 92 117 70 70 1 83 47 65 5 71 52 111 35 30 30 28 29
39 10 118 99 57 12 77 79 4 72 101 90 9 79 68 44 109 39 77 11 20 25 80 10 90 54 38 89 34 67
0 8 12 14 22 15 17 24 20 16 15 8 6 5
8 0 6 8 16 11 15 21 21 17 15 10 8 6
12 6 0 4 13 12 17 23 24 21 19 15 12 11
14 8 4 0 12 13 18 23 25 23 20 17 14 13
22 16 13 12 0 12 16 17 24 23 20 20 19 19
15 11 12 13 12 0 7 12 14 13 10 11 11 11
17 15 17 18 16 7 0 8 9 9 6 12 12 14
24 21 23 23 17 12 8 0 12 14 12 19 19 20
20 21 24 25 24 14 9 12 0 6 7 14 16 17
16 17 21 23 23 13 9 14 6 0 5 10 12 13
15 15 19 20 20 10 6 12 7 5 0 9 11 12
8 10 15 17 20 11 12 19 14 10 9 0 4 6
6 8 12 14 19 11 12 19 16 12 11 4 0 3
5 6 11 13 19 11 14 20 17 13 12 6 3 0
