12
30
17 43 58 116 61 50 64 100 56 112 23 91 38 93 106 80 47 49 19 116 12 117 102 8 1 121 58 25 5 36
69 112 57 39 18 55 73 25 112 68 15 81 4 41 87 113 125 34 87 79 121 51 54 27 65 14 87 109 121 1
112 117 64 106 10 9 57 104 20 26 21 23 64 71 117 14 77 47 73 25 93 27 61 100 62 39 70 99 50 60
88 18 43 109 31 93 58 84 13 67 123 20 95 39 46 16 58 68 91 68 4 122 34 38 88 104 43 60 113 67
9 54 28 57 47 97 20 123 34 68 68 35 110 42 114 125 93 97 19 75 92 34 50 30 50 29 95 31 77 16
103 89 9 121 121 96 10 24 92 124 17 79 55 46 110 55 114 23 70 20 92 67 46 111 71 88 65 75 16 70
117 74 79 83 13 89 11 1 54 115 68 61 40 105 26 82 59 63 28 25 113 10 118 60 80 74 81 107 63 56
114 98 7 77 111 92 63 59 23 76 9 118 114 82 94 74 96 117 89 110 108 85 35 112 43 82 4 113 94 107
14 48 26 35 15 103 87 79 107 10 43 110 122 109 77 54 10 71 57 50 90 47 90 41 75 56 14 57 111 11
45 31 91 8 74 75 100 47 71 22 79 111 81 102 79 93 20 80 2 124 80 62 112 41 118 80 77 22 47 55
50 46 48 86 122 105 7 100 89 80 84 5 73 112 80 14 34 89 106 32 4 3 63 29 14 102 30 44 26 118
86 70 44 32 20 13 104 108 81 17 46 49 44 56 96 10 42 1 21 45 93 28 31 49 93 61 17 12 87 120
0 10 14 14 21 25 20 14 16 16 16 11 10 8
10 0 9 10 16 25 21 15 20 22 23 19 19 14
14 9 0 4 9 19 16 12 17 21 22 21 20 15
14 10 4 0 9 16 14 10 14 19 20 19 19 13
21 16 9 9 0 14 15 14 17 24 25 25 25 20
25 25 19 16 14 0 7 13 12 19 20 23 24 20
20 21 16 14 15 7 0 8 6 13 14 17 18 14
14 15 12 10 14 13 8 0 6 11 12 13 14 9
16 20 17 14 17 12 6 6 0 9 10 13 14 11
16 22 21 19 24 19 13 11 9 0 3 8 9 10
16 23 22 20 25 20 14 12 10 3 0 7 8 10
11 19 21 19 25 23 17 13 13 8 7 0 3 7
10 19 20 19 25 24 18 14 14 9 8 3 0 7
8 14 15 13 20 20 14 9 11 10 10 7 7 0
