12
30
59 64 71 125 81 67 77 68 2 69 74 62 66 124 106 54 44 53 66 115 14 43 57 65 1 38 52 33 24 35
85 14 125 69 89 45 112 102 1 38 75 4 93 105 32 1 48 86 45 3 103 21 16 105 101 38 46 43 43 47
32 123 12 30 58 81 50 4 64 113 90 67 86 82 122 93 99 47 88 22 21 108 82 90 119 84 96 88 39 16
42 59 10 73 93 93 111 110 27 51 46 90 107 3 49 81 90 46 99 16 27 21 28 80 24 82 52 86 117 76
116 113 118 25 41 69 120 63 31 56 118 66 102 46 114 125 28 107 121 12 4 93 65 104 125 59 89 62 27 116
22 13 97 1 81 92 29 57 49 34 51 48 44 20 88 3 34 75 58 54 41 15 37 30 79 100 20 102 87 94
102 4 93 37 96 90 4 28 109 117 41 24 76 118 90 89 4 5 31 106 69 81 117 4 98 106 65 20 30 35
14 40 106 7 42 65 17 32 68 111 93 63 108 104 1 93 62 57 119 9 9 113 115 10 111 104 93 50 50 116
44 52 78 112 32 120 111 4 75 104 38 68 14 53 105 12 31 16 72 40 2 28 113 112 90 29 47 50 124 84
106 58 63 38 89 118 41 99 124 10 94 47 90 102 63 102 41 10 101 87 34 28 32 125 63 89 45 95 87 9
46 98 61 119 102 88 32 88 93 63 58 103 59 14 17 108 119 61 79 25 54 75 116 43 88 23 56 91 125 2
120 94 71 78 110 91 98 5 15 86 121 36 35 7 20 121 75 49 54 123 89 120 44 95 69 22 40 86 82 123
0 10 18 18 21 15 18 14 14 18 15 10 9 5
10 0 11 12 17 14 20 18 19 23 21 18 17 13
18 11 0 4 10 11 19 19 21 24 23 24 24 21
18 12 4 0 8 10 17 18 20 23 22 24 24 22
21 17 10 8 0 8 14 16 19 20 20 24 25 25
15 14 11 10 8 0 9 10 12 15 14 17 19 19
18 20 19 17 14 9 0 7 8 9 9 16 18 21
14 18 19 18 16 10 7 0 4 7 6 11 13 16
14 19 21 20 19 12 8 4 0 6 3 9 12 16
18 23 24 23 20 15 9 7 6 0 5 13 16 20
15 21 23 22 20 14 9 6 3 5 0 9 12 17
10 18 24 24 24 17 16 11 9 13 9 0 5 10
9 17 24 24 25 19 18 13 12 16 12 5 0 7
5 13 21 22 25 19 21 16 16 20 17 10 7 0
