12
20
87 32 96 24 52 16 6 69 28 20 88 18 103 35 13 124 82 105 99 117
86 94 3 80 58 116 23 116 48 64 71 76 94 13 119 74 47 64 111 44
98 86 61 119 14 46 109 119 26 7 29 44 14 110 96 74 24 34 68 57
103 35 38 39 9 25 36 82 43 76 39 46 44 29 47 40 112 84 2 109
100 46 114 87 11 80 21 41 48 42 34 50 104 20 13 21 73 38 20 56
113 12 63 32 91 37 92 64 73 2 91 62 6 47 11 2 12 107 56 62
27 109 46 25 55 36 33 68 97 88 56 30 101 78 44 24 31 9 21 18
13 104 41 27 119 85 84 10 48 31 79 99 30 4 32 82 20 93 44 57
28 51 3 83 10 11 11 90 50 49 8 38 60 52 40 91 10 61 22 110
98 22 49 35 12 13 32 9 73 68 10 71 116 57 90 91 47 13 39 34
9 3 121 75 72 27 57 14 17 55 19 122 8 2 5 9 44 41 48 3
63 84 64 16 7 40 64 43 13 11 61 15 47 58 36 10 12 56 64 82
0 2 5 10 16 13 13 13 15 13 10 13 8 4
2 0 5 10 15 12 13 13 14 13 10 13 8 4
5 5 0 7 13 9 11 11 16 15 14 16 11 7
10 10 7 0 9 7 10 11 19 19 18 21 16 12
16 15 13 9 0 5 7 8 19 21 23 25 22 18
13 12 9 7 5 0 5 5 15 17 19 22 19 15
13 13 11 10 7 5 0 2 13 15 18 21 19 15
13 13 11 11 8 5 2 0 12 14 18 20 19 15
15 14 16 19 19 15 13 12 0 5 12 14 17 15
13 13 15 19 21 17 15 14 5 0 9 10 14 14
10 10 14 18 23 19 18 18 12 9 0 4 7 9
13 13 16 21 25 22 21 20 14 10 4 0 9 11
8 8 11 16 22 19 19 19 17 14 7 9 0 5
4 4 7 12 18 15 15 15 15 14 9 11 5 0
