12
20
66 13 18 25 66 14 54 60 25 113 88 60 115 112 92 49 25 14 37 87
107 22 42 91 41 42 11 7 25 29 3 45 56 23 64 91 28 77 18 95
67 81 62 39 103 51 88 10 88 117 12 57 14 68 123 77 20 44 118 118
13 7 101 38 114 18 42 77 96 52 123 51 67 50 28 57 118 49 114 93
102 76 104 118 92 26 77 124 107 77 62 106 59 40 25 116 100 124 30 64
70 89 42 96 17 44 13 73 108 64 108 42 30 73 62 77 25 109 104 79
87 78 110 102 15 123 32 69 105 60 33 53 30 31 15 120 70 101 118 83
10 20 55 5 118 100 2 92 80 108 30 41 75 71 84 49 49 8 121 115
46 115 79 79 103 40 37 49 104 33 47 115 38 98 86 44 6 54 29 16
106 27 19 68 125 108 56 97 42 122 82 49 108 117 77 51 103 76 24 74
36 1 46 14 85 41 102 70 30 84 21 56 35 122 5 6 121 24 125 60
101 64 97 110 86 84 12 44 7 84 117 23 33 7 90 85 77 26 77 71
0 4 11 19 10 11 19 13 12 11 7 6 6 9
4 0 10 18 8 9 16 10 9 8 4 4 5 9
11 10 0 10 5 7 18 14 14 11 11 12 13 18
19 18 10 0 11 12 21 19 19 16 18 20 21 25
10 8 5 11 0 3 15 11 10 8 8 10 11 16
11 9 7 12 3 0 13 9 9 6 7 10 11 15
19 16 18 21 15 13 0 8 8 10 13 15 15 18
13 10 14 19 11 9 8 0 2 5 7 9 8 12
12 9 14 19 10 9 8 2 0 4 7 8 8 12
11 8 11 16 8 6 10 5 4 0 5 8 8 13
7 4 11 18 8 7 13 7 7 5 0 4 5 10
6 4 12 20 10 10 15 9 8 8 4 0 3 7
6 5 13 21 11 11 15 8 8 8 5 3 0 6
9 9 18 25 16 15 18 12 12 13 10 7 6 0
