12
20
4 7 94 102 1 11 109 108 49 75 42 40 13 60 48 111 85 69 63 16
17 59 30 9 84 56 54 90 60 34 47 67 105 118 71 25 74 67 51 121
32 25 47 30 15 3 99 114 103 100 50 23 105 85 37 4 21 89 122 92
79 31 82 102 2 25 17 117 49 109 90 49 125 10 75 44 18 42 20 79
14 97 112 102 84 73 123 97 87 82 40 47 93 77 30 78 58 125 23 67
90 102 12 99 103 117 25 22 76 13 20 67 41 53 120 42 15 125 23 96
32 109 86 114 25 102 107 121 45 53 112 32 17 88 13 42 20 95 9 118
50 11 4 91 43 41 11 25 36 7 110 89 21 38 3 3 58 60 81 40
14 48 25 84 124 116 33 37 107 44 90 58 15 27 102 58 97 122 14 110
24 1 110 81 103 6 9 92 37 115 104 37 28 58 84 120 43 94 3 76
71 70 35 25 7 109 121 123 53 114 82 84 2 38 86 88 121 103 68 35
7 51 123 54 59 57 51 74 47 70 109 26 125 54 8 38 107 73 4 96
0 10 14 16 14 25 24 24 14 13 15 14 9 5
10 0 6 9 7 18 17 19 11 11 16 15 9 8
14 6 0 4 7 17 17 20 14 15 20 19 13 12
16 9 4 0 7 15 16 19 14 15 21 21 15 15
14 7 7 7 0 13 12 15 9 10 15 15 10 11
25 18 17 15 13 0 6 11 15 17 22 22 20 23
24 17 17 16 12 6 0 7 12 14 18 18 17 21
24 19 20 19 15 11 7 0 11 12 15 16 17 21
14 11 14 14 9 15 12 11 0 3 9 9 7 11
13 11 15 15 10 17 14 12 3 0 7 7 6 11
15 16 20 21 15 22 18 15 9 7 0 2 8 13
14 15 19 21 15 22 18 16 9 7 2 0 8 12
9 9 13 15 10 20 17 17 7 6 8 8 0 6
5 8 12 15 11 23 21 21 11 11 13 12 6 0
