12
20
74 54 124 106 49 52 117 93 88 117 11 100 79 109 37 6 105 125 104 33
4 90 81 96 113 99 6 59 103 64 37 124 20 89 38 46 39 93 59 105
73 122 46 119 16 93 67 4 108 5 123 7 115 24 114 66 106 25 102 108
27 99 10 36 83 26 70 32 121 107 116 104 76 22 11 73 38 66 109 20
35 29 85 47 61 72 77 25 16 46 56 105 30 72 112 65 22 47 119 45
57 80 70 101 36 72 40 97 32 85 117 56 77 71 51 115 64 20 36 75
1 56 67 50 66 110 33 57 95 84 92 59 8 83 77 49 114 90 34 63
33 82 44 102 70 86 114 88 51 70 24 19 46 28 69 77 41 10 90 99
67 110 56 94 120 15 115 124 15 103 20 58 92 84 73 18 76 45 87 101
4 2 76 93 43 78 103 74 82 32 110 74 62 96 101 77 98 25 66 42
69 16 28 63 56 80 97 16 25 28 40 85 80 38 87 120 78 57 90 113
52 61 43 27 38 11 7 73 108 71 104 3 92 123 1 83 56 107 40 34
0 3 8 11 14 14 14 22 19 22 15 16 16 6
3 0 7 10 13 13 13 21 18 21 14 15 15 6
8 7 0 6 9 9 7 15 13 16 12 15 17 9
11 10 6 0 5 5 7 15 14 18 17 20 22 13
14 13 9 5 0 2 6 14 14 17 18 22 25 16
14 13 9 5 2 0 6 13 13 17 18 22 24 16
14 13 7 7 6 6 0 10 9 13 14 18 21 14
22 21 15 15 14 13 10 0 6 7 16 22 25 21
19 18 13 14 14 13 9 6 0 5 12 17 21 18
22 21 16 18 17 17 13 7 5 0 12 18 22 20
15 14 12 17 18 18 14 16 12 12 0 7 11 11
16 15 15 20 22 22 18 22 17 18 7 0 6 11
16 15 17 22 25 24 21 25 21 22 11 6 0 11
6 6 9 13 16 16 14 21 18 20 11 11 11 0
