12
30
46 120 121 105 48 64 96 114 77 90 113 4 104 100 68 103 106 28 94 18 91 14 26 59 81 87 53 102 11 87
112 104 54 14 82 55 120 104 35 106 61 52 49 3 23 84 107 50 90 97 59 25 49 5 110 35 97 79 80 111
86 96 19 58 122 102 17 55 37 32 105 81 19 20 43 123 19 94 108 109 106 48 26 83 108 14 40 118 60 113
110 51 112 58 2 31 45 105 13 13 49 74 69 98 17 68 39 20 10 54 49 15 119 36 30 27 62 38 97 74
62 64 121 38 32 125 6 83 121 94 59 44 89 33 27 85 9 69 62 11 115 57 55 31 54 109 36 116 53 30
41 47 2 5 22 21 115 22 17 106 33 27 61 89 94 52 112 33 2 19 54 85 11 43 40 1 35 27 71 31
20 74 64 31 115 85 106 90 66 45 55 115 107 24 77 14 97 22 61 17 117 64 113 51 74 24 9 102 66 29
90 3 7 2 26 89 69 113 99 125 26 72 27 107 12 48 103 93 80 123 28 22 88 102 74 114 56 7 20 21
12 121 9 90 80 21 31 63 116 5 96 25 77 1 99 105 107 114 78 59 27 90 30 33 48 96 93 97 25 21
59 12 42 109 96 2 77 35 91 102 115 68 58 55 121 122 21 74 12 105 64 125 104 56 102 34 91 42 76 49
43 45 87 73 95 25 21 64 110 39 58 105 43 59 19 84 70 125 4 116 23 66 53 37 11 13 102 116 74 74
12 91 82 65 57 101 59 42 56 60 74 40 39 94 9 56 58 58 117 38 40 32 24 48 117 78 47 16 92 63
0 12 9 13 16 14 15 14 9 8 12 14 14 4
12 0 14 22 25 24 25 25 20 18 23 24 19 13
9 14 0 10 14 13 14 15 13 13 16 20 22 12
13 22 10 0 5 4 6 8 10 11 12 17 23 15
16 25 14 5 0 3 4 7 11 13 12 17 24 18
14 24 13 4 3 0 3 5 10 11 10 15 23 16
15 25 14 6 4 3 0 5 10 11 10 15 23 17
14 25 15 8 7 5 5 0 8 10 7 12 20 15
9 20 13 10 11 10 10 8 0 3 5 9 14 9
8 18 13 11 13 11 11 10 3 0 6 9 13 7
12 23 16 12 12 10 10 7 5 6 0 6 15 12
14 24 20 17 17 15 15 12 9 9 6 0 13 13
14 19 22 23 24 23 23 20 14 13 15 13 0 11
4 13 12 15 18 16 17 15 9 7 12 13 11 0
