12
10
93 19 61 70 102 121 14 20 47 66
102 61 63 1 47 96 98 94 10 14
103 74 117 76 20 57 73 53 15 51
37 28 45 32 18 81 105 69 28 118
5 16 47 63 13 25 80 89 8 40
124 125 91 104 89 47 33 94 4 60
76 116 108 76 7 125 28 109 25 80
12 15 111 47 120 23 9 81 13 57
37 69 19 19 47 115 30 110 93 27
61 86 111 33 28 3 42 107 59 15
49 65 31 40 59 11 1 114 7 117
23 36 55 23 27 4 46 40 53 41
0 6 8 8 14 11 9 15 16 15 16 13 9 7
6 0 6 11 17 14 13 18 19 18 17 14 10 10
8 6 0 9 16 14 15 20 22 21 21 18 14 13
8 11 9 0 9 7 12 17 20 20 22 20 15 14
14 17 16 9 0 5 13 15 19 21 25 23 19 17
11 14 14 7 5 0 10 13 17 19 22 20 16 14
9 13 15 12 13 10 0 7 9 10 15 12 9 7
15 18 20 17 15 13 7 0 6 9 16 15 13 12
16 19 22 20 19 17 9 6 0 6 12 12 12 11
15 18 21 20 21 19 10 9 6 0 8 8 9 10
16 17 21 22 25 22 15 16 12 8 0 5 9 10
13 14 18 20 23 20 12 15 12 8 5 0 6 8
9 10 14 15 19 16 9 13 12 9 9 6 0 4
7 10 13 14 17 14 7 12 11 10 10 8 4 0
