12
20
62 38 11 30 32 9 12 77 6 88 46 16 113 91 10 85 23 118 45 53
18 29 14 44 96 113 40 125 91 67 97 8 121 78 51 98 22 125 43 80
12 79 64 5 55 14 60 38 106 122 63 104 82 48 79 115 19 90 101 108
67 6 94 51 87 107 79 80 63 81 51 83 115 1 33 28 43 31 66 2
55 86 24 72 94 81 111 67 52 8 16 33 31 17 59 9 103 38 86 68
56 119 71 14 66 73 98 14 13 30 1 6 10 78 18 38 122 73 64 117
8 94 105 91 27 114 10 115 57 14 118 27 82 112 77 57 60 27 95 79
63 77 111 28 64 102 80 34 121 7 112 54 108 59 4 58 83 125 110 56
33 6 59 124 75 100 2 54 24 112 32 41 9 27 101 85 34 52 92 122
76 28 108 44 51 34 76 101 98 13 67 29 96 103 71 13 96 123 16 23
116 76 51 28 90 116 21 50 23 91 5 9 92 22 86 50 5 76 20 55
79 32 90 56 122 97 118 110 113 55 2 124 78 107 26 18 14 52 12 37
0 8 14 14 18 23 22 17 17 16 13 13 10 7
8 0 11 12 20 25 25 21 22 21 18 19 16 12
14 11 0 3 15 21 21 19 22 21 19 24 22 13
14 12 3 0 14 20 20 19 21 21 19 24 22 13
18 20 15 14 0 7 7 8 12 12 13 21 20 13
23 25 21 20 7 0 3 9 12 13 15 23 23 17
22 25 21 20 7 3 0 8 11 12 14 22 22 16
17 21 19 19 8 9 8 0 5 6 8 16 16 11
17 22 22 21 12 12 11 5 0 3 6 14 14 12
16 21 21 21 12 13 12 6 3 0 4 12 12 11
13 18 19 19 13 15 14 8 6 4 0 10 10 8
13 19 24 24 21 23 22 16 14 12 10 0 4 13
10 16 22 22 20 23 22 16 14 12 10 4 0 11
7 12 13 13 13 17 16 11 12 11 8 13 11 0
