12
30
47 3 117 3 4 15 32 68 34 116 10 19 86 29 16 70 86 66 96 98 18 73 99 119 98 108 116 79 122 59
65 67 15 73 17 19 110 43 46 35 75 92 120 44 70 35 68 71 4 62 104 87 80 65 69 117 30 48 49 75
100 53 59 79 78 67 63 98 73 91 66 24 7 94 93 61 118 79 4 108 124 114 48 43 36 25 116 76 8 3
119 2 108 25 11 16 67 101 82 3 101 86 112 121 66 114 62 89 66 43 41 11 94 88 86 6 34 90 98 31
117 85 73 38 96 93 43 45 35 97 46 75 33 85 2 13 66 91 67 76 25 84 98 46 69 34 34 112 76 28
118 67 6 74 83 88 71 21 73 88 19 42 80 7 100 77 105 125 50 30 125 112 50 12 108 62 96 113 72 108
60 117 125 21 17 32 17 90 77 79 116 11 9 39 78 17 69 95 108 106 56 118 77 70 14 57 118 119 29 111
70 92 122 73 35 61 5 97 20 97 53 39 7 50 30 40 16 32 9 50 33 16 103 94 53 92 1 114 77 62
9 85 74 1 122 56 108 80 26 57 111 4 21 87 6 47 3 35 93 93 98 75 60 3 120 109 17 81 122 63
122 102 55 113 82 57 47 116 17 63 86 32 59 52 27 18 81 44 26 102 47 37 108 41 31 58 109 109 68 30
57 85 107 45 50 96 84 63 15 73 40 92 56 43 104 16 113 11 27 30 31 100 49 21 115 61 22 56 92 115
76 116 2 48 66 123 9 9 34 76 78 35 13 111 96 39 76 20 64 60 82 33 28 11 7 62 28 68 95 18
0 6 17 22 22 20 19 20 16 14 11 14 7 4
6 0 16 22 23 21 20 22 19 18 16 19 12 8
17 16 0 8 9 8 8 13 13 19 19 23 19 19
22 22 8 0 2 4 6 11 13 20 21 25 24 25
22 23 9 2 0 3 6 10 12 20 21 25 23 25
20 21 8 4 3 0 4 9 11 18 19 23 22 23
19 20 8 6 6 4 0 7 8 16 17 21 20 21
20 22 13 11 10 9 7 0 5 13 15 18 19 22
16 19 13 13 12 11 8 5 0 10 11 15 15 18
14 18 19 20 20 18 16 13 10 0 5 7 10 14
11 16 19 21 21 19 17 15 11 5 0 6 7 11
14 19 23 25 25 23 21 18 15 7 6 0 9 14
7 12 19 24 23 22 20 19 15 10 7 9 0 6
4 8 19 25 25 23 21 22 18 14 11 14 6 0
