12
30
82 46 13 124 16 8 79 95 38 1 110 49 124 59 66 102 88 6 56 23 70 66 23 27 64 63 113 11 64 22
42 82 48 30 4 77 7 99 15 4 66 37 2 37 31 80 103 98 92 47 39 5 121 24 34 62 31 115 78 64
11 53 75 3 50 10 116 87 91 100 5 33 5 94 32 6 15 65 15 115 119 93 108 11 110 37 121 21 8 107
45 113 9 107 122 19 8 87 42 94 86 39 34 72 60 41 36 77 63 3 81 72 99 70 106 58 83 53 91 85
40 121 124 37 114 122 83 95 4 70 58 59 53 99 43 27 38 90 103 97 6 107 84 74 24 105 36 57 87 77
82 70 96 79 2 1 51 103 120 29 111 86 32 74 87 62 42 79 78 104 94 3 108 122 91 50 18 88 28 14
17 45 98 104 121 29 21 110 80 118 10 7 46 62 23 119 16 57 88 99 119 39 39 42 115 17 19 79 89 89
73 46 45 32 12 64 58 51 85 30 43 5 49 77 76 37 86 78 65 52 78 109 69 38 36 5 104 14 30 107
66 98 62 33 50 124 54 83 36 92 9 67 102 73 80 74 81 17 61 22 35 109 106 102 99 94 23 88 71 107
25 47 17 85 62 93 114 81 38 2 78 106 3 13 52 59 90 98 55 55 2 48 100 16 97 53 51 38 48 109
90 113 43 40 87 123 67 105 23 96 112 47 24 76 28 15 6 26 84 70 77 73 54 108 80 55 93 118 71 117
31 37 106 119 92 79 41 22 18 109 9 114 118 115 60 116 3 103 111 93 100 78 55 17 46 10 119 15 55 44
0 8 9 9 9 11 14 19 18 11 10 17 9 6
8 0 5 8 10 14 20 25 24 17 16 20 14 10
9 5 0 4 7 11 17 25 24 17 17 23 16 12
9 8 4 0 5 9 16 25 24 17 17 24 17 13
9 10 7 5 0 6 13 23 22 15 16 24 16 13
11 14 11 9 6 0 9 20 20 13 15 25 17 15
14 20 17 16 13 9 0 15 15 10 13 25 17 17
19 25 25 25 23 20 15 0 3 10 11 18 15 18
18 24 24 24 22 20 15 3 0 9 10 17 13 16
11 17 17 17 15 13 10 10 9 0 5 16 9 10
10 16 17 17 16 15 13 11 10 5 0 13 6 8
17 20 23 24 24 25 25 18 17 16 13 0 10 12
9 14 16 17 16 17 17 15 13 9 6 10 0 5
6 10 12 13 13 15 17 18 16 10 8 12 5 0
