12
20
78 101 67 118 123 31 26 79 115 8 12 43 118 88 53 84 119 111 84 82
71 117 69 114 125 53 101 10 71 102 10 124 54 10 42 69 93 26 55 34
53 51 18 89 42 73 24 85 69 118 106 48 28 60 72 110 122 51 76 58
72 87 50 76 125 122 116 66 63 95 5 27 13 112 9 115 57 123 85 31
22 90 6 72 99 13 27 99 34 97 43 1 9 113 20 98 118 51 19 101
74 100 21 16 27 69 56 81 35 6 85 77 13 19 24 24 75 21 45 35
104 98 107 12 39 57 90 21 6 60 112 45 65 24 50 88 71 37 72 76
4 17 64 37 3 88 113 117 65 94 57 89 69 109 37 73 24 57 27 108
65 106 14 115 62 101 63 87 54 32 84 76 103 49 29 24 49 67 35 89
60 19 20 4 52 109 60 33 49 40 97 19 48 23 118 116 77 119 104 73
60 119 29 101 73 74 88 87 76 56 28 8 114 108 123 28 51 20 32 60
71 23 39 108 91 119 103 63 80 17 58 48 52 24 125 67 31 4 59 77
0 6 7 11 11 7 18 16 13 8 7 6 9 2
6 0 2 7 7 8 20 19 16 12 11 10 11 7
7 2 0 6 7 8 20 20 16 12 12 11 11 7
11 7 6 0 4 11 21 23 19 16 16 15 15 12
11 7 7 4 0 9 18 20 17 15 15 15 16 11
7 8 8 11 9 0 13 13 10 8 8 10 15 7
18 20 20 21 18 13 0 9 10 14 15 19 25 18
16 19 20 23 20 13 9 0 5 10 11 15 22 15
13 16 16 19 17 10 10 5 0 6 7 11 19 12
8 12 12 16 15 8 14 10 6 0 2 7 14 7
7 11 12 16 15 8 15 11 7 2 0 6 13 7
6 10 11 15 15 10 19 15 11 7 6 0 9 5
9 11 11 15 16 15 25 22 19 14 13 9 0 9
2 7 7 12 11 7 18 15 12 7 7 5 9 0
