12
10
74 39 23 93 5 50 112 43 110 115
73 120 95 27 24 91 38 91 38 85
41 109 97 44 21 31 68 40 17 80
66 10 49 92 11 61 90 26 3 72
57 2 84 70 71 52 81 94 37 117
20 107 68 48 22 51 32 53 106 45
16 54 124 68 46 28 124 112 78 46
60 89 40 43 70 50 49 100 92 17
6 116 33 65 49 84 15 11 50 125
55 16 15 64 5 106 54 56 5 38
103 63 62 4 113 49 81 41 66 47
8 78 93 106 48 5 44 12 9 116
0 9 9 15 19 19 12 12 10 6 6 11 4 3
9 0 2 15 18 25 18 16 15 12 12 18 10 9
9 2 0 15 18 25 18 17 15 12 13 18 10 9
15 15 15 0 6 18 11 10 9 11 12 21 17 15
19 18 18 6 0 20 15 14 13 16 16 25 22 20
19 25 25 18 20 0 9 10 12 15 15 17 21 20
12 18 18 11 15 9 0 3 5 8 8 14 15 14
12 16 17 10 14 10 3 0 3 7 7 14 14 13
10 15 15 9 13 12 5 3 0 5 5 14 13 11
6 12 12 11 16 15 8 7 5 0 2 11 9 8
6 12 13 12 16 15 8 7 5 2 0 11 9 7
11 18 18 21 25 17 14 14 14 11 11 0 10 11
4 10 10 17 22 21 15 14 13 9 9 10 0 3
3 9 9 15 20 20 14 13 11 8 7 11 3 0
