12
10
29 65 66 110 81 14 63 26 84 107
28 91 22 92 54 9 61 47 70 14
68 112 94 102 68 75 7 27 54 82
124 79 102 41 29 112 31 94 22 89
65 35 115 22 116 83 65 31 13 51
6 50 72 40 112 2 62 73 15 31
53 55 45 24 74 71 121 14 109 58
77 89 46 84 111 64 41 7 47 67
104 54 87 80 116 110 31 96 4 119
92 59 43 40 19 120 17 65 28 89
37 44 57 25 103 52 99 46 45 69
51 29 86 37 67 78 96 98 66 118
0 8 15 16 13 14 14 12 12 15 18 16 6 6
8 0 10 11 11 12 13 13 14 16 19 20 12 10
15 10 0 2 10 11 12 15 17 18 19 25 19 17
16 11 2 0 11 12 13 15 17 18 19 25 20 18
13 11 10 11 0 3 3 6 8 9 10 17 15 12
14 12 11 12 3 0 2 6 8 8 9 16 15 13
14 13 12 13 3 2 0 5 8 7 8 16 16 13
12 13 15 15 6 6 5 0 4 5 7 12 13 10
12 14 17 17 8 8 8 4 0 4 7 10 12 9
15 16 18 18 9 8 7 5 4 0 5 10 14 12
18 19 19 19 10 9 8 7 7 5 0 12 17 15
16 20 25 25 17 16 16 12 10 10 12 0 12 12
6 12 19 20 15 15 16 13 12 14 17 12 0 5
6 10 17 18 12 13 13 10 9 12 15 12 5 0
