12
10
73 83 47 119 125 64 51 49 58 85
63 117 69 112 125 106 41 35 34 53
103 104 25 12 34 19 105 1 122 55
83 101 38 27 42 87 15 103 95 81
23 8 72 15 96 108 93 108 25 24
43 91 40 15 53 93 54 16 61 124
52 48 99 100 98 57 116 84 90 52
45 22 22 95 112 35 15 61 40 40
13 106 38 27 38 57 125 102 22 89
106 74 34 103 26 62 46 65 119 59
20 56 87 76 111 20 78 81 7 68
21 76 66 124 33 14 46 13 90 115
0 14 17 20 24 17 13 13 14 13 8 6 5 3
14 0 9 11 18 15 12 17 18 19 16 18 18 16
17 9 0 4 10 9 9 13 14 17 16 19 20 19
20 11 4 0 9 10 11 16 16 19 19 22 23 21
24 18 10 9 0 9 13 15 15 18 21 24 25 25
17 15 9 10 9 0 6 8 8 11 13 16 19 18
13 12 9 11 13 6 0 6 7 9 10 13 14 14
13 17 13 16 15 8 6 0 3 5 8 11 13 14
14 18 14 16 15 8 7 3 0 4 9 12 14 15
13 19 17 19 18 11 9 5 4 0 7 10 13 14
8 16 16 19 21 13 10 8 9 7 0 5 7 8
6 18 19 22 24 16 13 11 12 10 5 0 4 6
5 18 20 23 25 19 14 13 14 13 7 4 0 4
3 16 19 21 25 18 14 14 15 14 8 6 4 0
