12
10
110 79 46 32 68 42 122 37 30 95
82 79 119 83 86 32 75 32 87 62
57 6 7 110 72 114 90 29 90 21
94 67 56 13 103 91 3 70 63 112
66 84 99 9 7 68 13 114 4 64
19 19 108 57 8 42 78 9 9 103
100 98 92 37 69 101 92 1 34 104
66 30 54 123 1 24 61 73 30 87
101 116 62 54 80 24 112 103 46 107
47 84 76 107 14 42 49 106 100 62
37 77 79 49 111 39 97 110 16 37
104 68 79 8 83 57 110 111 85 108
0 7 9 9 13 16 25 22 14 17 11 8 7 7
7 0 4 6 10 12 24 21 14 20 14 11 10 10
9 4 0 4 8 9 22 19 13 20 15 12 10 10
9 6 4 0 6 9 19 16 11 17 13 10 9 9
13 10 8 6 0 7 15 13 9 17 14 11 11 11
16 12 9 9 7 0 18 16 15 23 19 16 16 16
25 24 22 19 15 18 0 6 15 19 21 20 21 21
22 21 19 16 13 16 6 0 10 15 17 16 17 18
14 14 13 11 9 15 15 10 0 9 8 8 8 9
17 20 20 17 17 23 19 15 9 0 8 10 12 12
11 14 15 13 14 19 21 17 8 8 0 5 6 6
8 11 12 10 11 16 20 16 8 10 5 0 3 3
7 10 10 9 11 16 21 17 8 12 6 3 0 2
7 10 10 9 11 16 21 18 9 12 6 3 2 0
