12
10
108 59 34 32 14 125 60 75 17 82
42 69 125 47 72 50 116 102 39 111
39 125 92 19 73 110 7 55 46 54
82 118 24 112 79 57 73 115 114 108
82 16 59 55 26 104 92 26 93 18
13 52 57 60 62 38 99 13 103 88
124 38 24 29 48 114 98 75 74 19
74 50 92 41 31 21 93 7 112 86
72 93 84 36 4 120 57 108 32 33
66 60 125 9 71 22 58 65 35 89
62 81 95 57 53 48 94 60 95 86
106 122 102 56 57 27 90 11 105 71
0 12 12 9 13 12 9 8 7 15 8 12 10 8
12 0 2 6 17 20 16 16 17 25 16 18 14 13
12 2 0 7 18 21 17 17 18 25 17 19 15 14
9 6 7 0 13 16 12 12 14 22 15 17 14 13
13 17 18 13 0 8 7 8 13 20 20 23 21 20
12 20 21 16 8 0 5 6 9 15 17 20 20 18
9 16 17 12 7 5 0 3 7 15 15 18 17 16
8 16 17 12 8 6 3 0 6 14 13 16 16 14
7 17 18 14 13 9 7 6 0 10 10 13 13 12
15 25 25 22 20 15 15 14 10 0 12 13 16 15
8 16 17 15 20 17 15 13 10 12 0 5 6 5
12 18 19 17 23 20 18 16 13 13 5 0 6 6
10 14 15 14 21 20 17 16 13 16 6 6 0 3
8 13 14 13 20 18 16 14 12 15 5 6 3 0
