12
20
63 62 87 91 40 9 69 40 76 14 13 96 118 107 27 52 99 45 69 3
94 94 62 72 74 83 112 118 51 100 112 80 109 93 81 26 38 39 125 120
36 115 24 82 5 104 111 97 70 122 115 116 121 2 16 115 55 35 71 68
11 104 101 65 23 74 108 46 90 49 28 23 32 16 96 120 48 97 73 44
14 112 89 61 37 19 113 55 122 92 69 58 2 42 59 119 105 53 13 31
1 111 66 104 81 39 5 105 39 119 109 95 60 60 83 86 62 87 81 120
72 25 121 41 66 116 17 66 120 59 113 32 68 92 13 75 111 123 118 72
14 34 70 28 79 49 103 32 114 2 9 65 11 115 11 58 27 120 27 3
41 110 44 7 26 104 13 71 26 71 92 21 12 64 36 26 113 72 100 26
119 25 30 44 28 104 86 92 55 124 60 104 61 49 17 37 87 70 55 32
91 6 58 47 112 89 68 52 116 99 91 26 32 1 39 10 51 5 89 28
23 57 46 110 2 83 117 98 34 113 81 118 54 62 123 116 50 36 110 69
0 6 8 11 11 15 18 23 18 24 24 18 14 4
6 0 7 10 10 14 17 22 18 25 25 20 15 9
8 7 0 4 4 9 12 16 12 19 20 15 10 9
11 10 4 0 2 6 9 14 10 17 19 14 10 12
11 10 4 2 0 6 9 14 10 17 19 14 9 12
15 14 9 6 6 0 5 10 8 15 18 14 10 16
18 17 12 9 9 5 0 6 7 12 16 13 11 19
23 22 16 14 14 10 6 0 9 10 17 15 14 23
18 18 12 10 10 8 7 9 0 9 12 8 7 17
24 25 19 17 17 15 12 10 9 0 8 10 12 23
24 25 20 19 19 18 16 17 12 8 0 7 12 22
18 20 15 14 14 14 13 15 8 10 7 0 6 17
14 15 10 10 9 10 11 14 7 12 12 6 0 13
4 9 9 12 12 16 19 23 17 23 22 17 13 0
