12
20
37 46 40 7 65 115 35 125 45 91 28 80 78 54 90 125 48 27 75 113
102 11 23 69 24 66 106 106 114 13 17 29 3 120 107 100 30 105 59 111
107 22 45 84 8 99 117 100 2 77 7 96 14 122 67 71 68 103 106 71
60 80 107 45 19 98 89 65 66 64 49 97 83 111 102 53 62 2 30 95
2 90 75 104 47 32 1 30 87 43 105 12 114 33 90 42 48 40 108 45
89 28 44 51 100 4 107 60 94 105 52 41 6 8 7 26 47 70 63 56
106 100 66 6 5 26 120 60 31 75 17 27 76 62 28 42 3 74 7 72
19 93 29 7 58 56 9 28 107 80 7 59 121 44 56 82 13 117 70 44
27 80 31 5 40 123 52 80 107 41 25 8 90 80 52 59 34 71 20 38
5 28 31 81 45 16 99 116 92 19 121 23 74 51 94 54 74 26 110 79
1 74 55 51 105 44 37 8 62 2 122 71 100 116 47 56 4 59 3 4
40 59 108 77 26 22 125 28 44 121 81 1 90 70 54 49 26 84 17 60
0 3 8 12 14 20 12 10 14 19 16 9 8 4
3 0 7 10 13 20 12 11 16 20 17 11 9 5
8 7 0 7 7 14 8 10 13 18 16 15 13 10
12 10 7 0 9 15 13 16 19 23 22 19 18 14
14 13 7 9 0 9 8 12 14 18 18 19 18 15
20 20 14 15 9 0 12 17 17 20 21 25 24 22
12 12 8 13 8 12 0 7 8 12 12 15 14 13
10 11 10 16 12 17 7 0 6 10 8 11 10 10
14 16 13 19 14 17 8 6 0 6 6 14 14 14
19 20 18 23 18 20 12 10 6 0 5 17 17 18
16 17 16 22 18 21 12 8 6 5 0 13 13 15
9 11 15 19 19 25 15 11 14 17 13 0 3 7
8 9 13 18 18 24 14 10 14 17 13 3 0 6
4 5 10 14 15 22 13 10 14 18 15 7 6 0
