12
30
51 45 125 96 8 32 50 120 76 32 17 31 53 125 118 40 14 25 95 46 7 41 62 17 24 61 29 115 85 53
73 89 118 69 85 83 9 45 47 60 103 19 97 76 104 109 121 115 65 28 80 66 66 97 97 47 26 41 106 102
22 115 45 31 50 67 70 82 85 24 49 67 101 54 93 51 16 16 2 122 116 2 92 42 6 33 91 53 41 5
110 115 125 23 23 42 9 59 82 60 82 79 86 114 25 41 41 55 79 80 27 46 38 66 116 115 2 10 19 123
66 22 2 91 109 33 107 27 66 102 108 34 4 56 86 12 69 49 7 40 23 99 41 54 106 75 65 23 23 100
69 73 63 114 106 94 97 83 47 62 78 13 28 39 76 64 81 26 85 122 54 111 14 19 85 53 117 27 6 116
51 28 6 61 60 29 76 49 29 67 14 59 113 36 92 5 90 2 87 83 1 60 46 15 123 76 61 87 34 85
71 119 31 12 8 8 74 24 87 55 45 69 29 59 37 2 115 43 76 8 39 15 95 50 84 44 88 26 6 87
107 39 82 107 40 108 15 91 86 8 45 10 25 69 41 52 69 31 98 76 76 24 32 90 50 14 11 60 42 60
7 116 5 17 72 75 91 118 60 14 77 32 9 45 112 100 112 33 98 97 2 20 24 54 1 106 107 71 55 14
93 52 23 124 101 79 31 59 90 80 2 36 112 109 34 41 121 73 112 18 24 107 19 67 57 108 46 72 108 68
115 77 23 98 91 29 109 7 24 27 12 24 9 95 18 9 29 77 35 34 100 16 11 97 52 65 97 15 109 107
0 6 8 17 17 15 19 13 13 11 8 7 9 7
6 0 6 14 14 10 15 10 10 9 6 9 13 11
8 6 0 10 11 9 14 14 13 12 9 13 16 14
17 14 10 0 6 11 13 21 21 20 17 22 25 23
17 14 11 6 0 7 9 18 18 18 16 21 25 23
15 10 9 11 7 0 6 13 13 13 11 17 21 19
19 15 14 13 9 6 0 14 15 15 15 21 25 24
13 10 14 21 18 13 14 0 2 4 7 12 16 15
13 10 13 21 18 13 15 2 0 3 6 11 15 14
11 9 12 20 18 13 15 4 3 0 5 9 14 12
8 6 9 17 16 11 15 7 6 5 0 8 13 11
7 9 13 22 21 17 21 12 11 9 8 0 6 4
9 13 16 25 25 21 25 16 15 14 13 6 0 4
7 11 14 23 23 19 24 15 14 12 11 4 4 0
