12
30
46 115 85 41 27 64 37 98 65 118 31 27 8 123 85 102 68 48 16 60 64 26 81 84 110 37 13 122 26 104
23 86 1 50 116 47 57 123 18 40 105 44 67 69 91 2 79 47 22 95 80 78 46 1 34 52 13 23 102 44
56 94 62 66 122 5 32 77 4 13 57 27 59 48 59 32 95 30 79 86 123 18 95 73 26 43 20 18 110 44
24 109 1 103 42 100 112 108 124 72 23 76 45 50 45 84 27 13 80 17 116 103 65 79 83 3 66 14 33 96
56 50 30 16 72 125 101 88 20 100 28 115 119 78 68 111 94 22 70 88 93 42 29 112 113 47 108 12 7 125
64 37 67 90 42 118 125 16 120 81 124 11 12 105 115 16 89 122 81 125 98 29 87 12 91 14 19 110 35 95
56 74 47 72 62 57 113 13 72 93 9 122 14 89 32 82 12 90 84 38 74 86 61 22 108 89 27 117 78 109
82 46 85 4 11 110 34 76 95 70 59 31 64 56 64 33 33 33 97 65 29 75 34 17 26 73 71 45 80 31
50 102 62 52 121 109 49 54 63 61 55 4 66 90 122 91 97 59 119 72 81 10 51 59 50 49 49 6 38 3
55 94 80 10 110 113 61 107 11 105 4 71 32 80 56 104 33 66 120 84 11 118 113 61 121 49 14 3 42 60
55 25 33 1 97 58 8 91 14 87 78 37 3 28 10 50 94 3 40 6 113 66 7 109 18 41 17 82 89 2
115 98 74 107 2 17 67 30 40 47 71 80 114 107 96 40 111 25 123 84 23 56 63 123 44 117 97 60 94 78
0 9 10 13 14 21 17 11 11 10 8 6 8 3
9 0 3 6 8 16 17 12 10 9 10 10 15 10
10 3 0 6 6 15 16 12 10 8 10 10 16 10
13 6 6 0 8 17 20 16 14 12 14 14 19 13
14 8 6 8 0 11 15 12 11 9 12 13 20 15
21 16 15 17 11 0 12 14 14 13 16 19 25 21
17 17 16 20 15 12 0 7 8 9 11 13 19 16
11 12 12 16 12 14 7 0 3 5 5 7 13 11
11 10 10 14 11 14 8 3 0 3 4 7 14 10
10 9 8 12 9 13 9 5 3 0 5 7 14 10
8 10 10 14 12 16 11 5 4 5 0 4 11 7
6 10 10 14 13 19 13 7 7 7 4 0 8 5
8 15 16 19 20 25 19 13 14 14 11 8 0 7
3 10 10 13 15 21 16 11 10 10 7 5 7 0
