12
30
87 63 91 1 42 96 27 50 92 38 59 39 124 61 17 48 22 61 124 112 88 81 90 44 86 99 11 74 52 103
93 2 14 84 120 16 68 40 53 77 65 65 110 40 95 13 63 60 121 87 67 54 61 71 19 12 104 121 37 84
80 32 98 40 84 42 95 2 77 24 99 91 73 112 119 51 15 68 100 44 100 34 71 109 108 58 9 88 103 29
12 58 99 76 25 95 15 31 91 41 6 75 5 58 23 94 56 14 98 38 98 95 30 70 121 85 76 11 59 1
42 95 110 42 49 86 15 87 114 34 99 51 117 53 35 31 34 92 31 101 125 2 54 54 110 117 22 37 27 11
37 52 44 123 106 110 35 83 20 53 4 57 3 57 35 110 103 5 76 35 34 38 107 45 90 73 92 16 124 18
101 7 14 112 5 66 100 27 60 42 93 65 68 44 89 67 77 5 52 64 60 119 41 21 60 108 51 33 124 104
83 17 36 6 69 32 72 61 76 12 58 85 9 57 4 53 85 54 54 76 90 23 91 6 63 70 96 83 102 83
81 47 29 3 4 1 72 110 19 59 67 11 46 57 104 68 33 101 77 75 80 71 35 120 100 125 84 89 106 62
87 90 38 53 76 2 100 116 114 122 112 70 13 97 123 76 43 35 71 92 56 13 43 20 89 103 116 10 63 36
48 49 113 59 57 103 32 37 115 48 73 4 39 52 13 73 47 100 64 46 101 52 4 52 98 72 62 122 69 60
80 54 36 8 77 21 118 62 106 87 93 111 120 41 114 70 115 51 78 54 24 57 116 79 125 66 115 28 51 114
0 7 13 12 10 12 13 11 18 20 20 15 12 6
7 0 8 8 6 10 13 13 18 21 23 18 16 10
13 8 0 5 7 11 15 16 20 23 25 22 21 16
12 8 5 0 5 8 11 13 17 19 22 19 18 16
10 6 7 5 0 6 9 10 15 17 20 17 15 14
12 10 11 8 6 0 5 7 10 13 16 14 13 16
13 13 15 11 9 5 0 4 7 10 12 11 11 17
11 13 16 13 10 7 4 0 8 10 11 8 8 15
18 18 20 17 15 10 7 8 0 4 8 9 12 21
20 21 23 19 17 13 10 10 4 0 6 10 13 23
20 23 25 22 20 16 12 11 8 6 0 8 12 23
15 18 22 19 17 14 11 8 9 10 8 0 5 17
12 16 21 18 15 13 11 8 12 13 12 5 0 13
6 10 16 16 14 16 17 15 21 23 23 17 13 0
