12
20
25 17 103 60 26 55 61 75 49 98 18 64 27 10 73 93 75 119 9 43
86 73 124 80 108 86 23 91 69 108 103 60 59 65 63 34 112 25 43 55
54 10 70 105 109 67 6 67 55 94 10 35 27 40 108 24 30 12 48 67
23 123 79 72 93 5 20 44 38 99 54 18 11 15 88 47 105 39 32 106
2 88 49 75 11 118 109 96 74 113 57 76 43 42 97 84 76 74 87 114
32 58 49 68 26 107 28 4 87 77 63 115 63 61 43 26 102 93 72 89
105 65 13 46 115 71 56 9 60 58 82 108 28 60 96 74 113 14 110 120
1 117 97 50 98 97 92 41 1 26 101 79 122 58 63 25 50 48 72 74
47 123 46 65 14 25 66 73 112 51 8 54 45 71 114 100 104 33 52 120
63 59 99 113 86 14 57 2 5 4 90 85 96 49 9 77 94 19 37 120
104 41 10 5 70 11 53 10 6 96 125 115 110 65 48 53 12 123 114 61
124 33 23 20 16 11 100 107 7 125 102 38 33 90 66 96 118 41 25 57
0 8 8 10 16 15 14 13 15 19 20 16 19 18
8 0 3 5 12 9 8 7 9 12 14 12 17 16
8 3 0 4 11 9 9 9 11 13 15 13 19 18
10 5 4 0 9 6 8 8 10 12 14 14 20 19
16 12 11 9 0 4 11 12 13 12 16 18 25 25
15 9 9 6 4 0 9 10 11 11 14 16 23 23
14 8 9 8 11 9 0 3 4 6 8 9 17 17
13 7 9 8 12 10 3 0 4 7 8 8 15 15
15 9 11 10 13 11 4 4 0 6 6 7 15 15
19 12 13 12 12 11 6 7 6 0 6 11 18 19
20 14 15 14 16 14 8 8 6 6 0 8 15 16
16 12 13 14 18 16 9 8 7 11 8 0 9 10
19 17 19 20 25 23 17 15 15 18 15 9 0 4
18 16 18 19 25 23 17 15 15 19 16 10 4 0
