12
20
9 31 21 95 28 114 114 95 31 6 26 10 98 24 78 13 118 43 100 78
101 46 2 125 48 8 101 121 69 94 3 106 99 12 123 88 54 5 111 46
93 106 9 57 122 106 26 15 49 54 79 111 63 112 75 4 68 71 26 23
30 68 92 9 117 95 10 105 51 8 124 42 44 95 87 98 71 121 81 76
65 120 95 24 61 49 111 76 105 121 8 78 107 95 23 2 67 37 107 38
101 14 57 91 119 47 58 42 94 55 88 59 51 89 101 125 77 16 57 100
88 54 124 27 14 99 60 44 49 30 124 67 124 76 2 26 74 16 45 51
20 22 96 36 59 89 94 104 24 85 66 47 29 68 25 78 62 3 107 4
26 28 5 96 26 42 23 30 23 34 90 100 5 6 74 71 19 120 34 67
96 61 120 104 21 35 53 39 123 71 73 21 82 112 51 23 82 123 90 98
112 58 105 47 38 30 82 14 100 31 90 35 52 51 76 19 102 34 75 125
82 27 121 96 33 12 10 39 123 46 75 6 46 23 54 64 117 52 58 69
0 9 10 8 13 17 17 21 16 14 11 4 4 4
9 0 8 10 14 20 20 25 21 21 17 10 11 12
10 8 0 6 7 13 14 20 16 18 13 9 11 12
8 10 6 0 7 11 12 17 12 14 9 6 8 10
13 14 7 7 0 8 8 16 12 17 13 12 13 15
17 20 13 11 8 0 2 9 7 16 12 15 16 18
17 20 14 12 8 2 0 9 7 15 12 15 16 18
21 25 20 17 16 9 9 0 6 14 13 19 19 21
16 21 16 12 12 7 7 6 0 10 8 14 14 16
14 21 18 14 17 16 15 14 10 0 6 13 12 12
11 17 13 9 13 12 12 13 8 6 0 9 9 10
4 10 9 6 12 15 15 19 14 13 9 0 3 5
4 11 11 8 13 16 16 19 14 12 9 3 0 3
4 12 12 10 15 18 18 21 16 12 10 5 3 0
