12
20
79 42 83 112 28 115 26 105 13 5 106 40 76 120 11 40 103 17 85 90
38 66 83 110 19 103 5 60 55 1 11 42 34 73 52 87 44 40 52 95
83 56 110 47 78 95 115 82 22 33 109 4 120 71 114 23 74 65 37 114
89 42 26 101 118 105 20 8 105 51 7 20 117 112 61 24 88 38 17 67
42 3 78 73 1 91 72 16 92 9 92 116 67 53 105 69 43 117 21 35
112 54 19 3 32 113 17 30 27 77 125 21 122 100 4 29 55 115 4 20
29 58 109 56 23 35 111 108 89 115 99 71 28 103 33 63 43 109 34 16
36 116 39 5 106 102 97 108 11 61 93 36 66 113 85 79 67 7 98 71
102 65 113 91 55 90 18 29 49 97 54 71 23 83 51 104 121 103 22 110
109 69 49 31 122 28 50 107 96 44 4 54 21 4 66 86 79 94 7 82
24 39 27 21 68 65 1 53 93 92 12 6 8 32 70 108 89 117 7 68
77 110 87 23 73 84 75 16 42 38 35 79 33 3 90 2 88 8 76 102
0 9 11 13 14 15 21 22 17 20 14 9 8 7
9 0 4 5 6 8 17 18 18 22 18 14 12 9
11 4 0 3 4 6 17 18 19 23 20 16 14 10
13 5 3 0 3 6 18 19 20 24 21 17 15 12
14 6 4 3 0 6 18 20 21 25 22 19 17 13
15 8 6 6 6 0 14 15 19 23 21 18 16 12
21 17 17 18 18 14 0 3 12 14 17 18 17 15
22 18 18 19 20 15 3 0 11 13 17 19 17 16
17 18 19 20 21 19 12 11 0 6 7 11 11 12
20 22 23 24 25 23 14 13 6 0 9 14 14 16
14 18 20 21 22 21 17 17 7 9 0 7 8 11
9 14 16 17 19 18 18 19 11 14 7 0 3 7
8 12 14 15 17 16 17 17 11 14 8 3 0 5
7 9 10 12 13 12 15 16 12 16 11 7 5 0
