4
30
147 67 159 49 152 140 43 93 56 117 155 67 123 68 76 121 153 79 28 71 3 63 45 110 88 132 142 141 99 18
136 130 87 144 131 113 112 113 119 133 121 127 13 91 30 1 98 126 33 20 91 96 19 109 124 59 57 119 93 123
147 70 45 135 132 148 25 58 101 121 55 126 79 141 74 145 141 135 146 57 51 74 95 33 29 39 82 121 44 112
114 151 115 90 27 66 43 139 135 92 21 34 154 22 17 94 25 25 84 94 125 124 110 77 84 14 61 91 79 113
0 18 16 19 19 22
18 0 20 21 19 25
16 20 0 19 20 24
19 21 19 0 15 20
19 19 20 15 0 17
22 25 24 20 17 0
