5
28
12 53 2 7 154 127 30 96 30 160 65 26 105 2 69 56 152 83 65 66 159 23 31 33 31 71 68 117
61 128 107 141 102 84 124 45 124 2 84 46 113 30 52 65 157 117 35 126 120 150 66 111 67 138 34 110
60 39 158 51 150 35 100 32 121 151 87 120 75 71 7 97 72 88 69 52 95 92 120 73 138 133 133 21
68 137 7 69 111 160 9 36 30 45 118 75 159 94 158 111 83 39 151 140 75 72 138 98 1 11 101 132
55 104 130 91 141 24 32 46 143 35 160 98 49 133 5 70 155 33 45 13 129 84 57 135 30 80 77 88
0 19 18 16 19 20 22
19 0 15 19 22 17 20
18 15 0 23 21 25 25
16 19 23 0 17 20 24
19 22 21 17 0 21 25
20 17 25 20 21 0 24
22 20 25 24 25 24 0
