5
28
57 7 74 45 33 58 3 66 70 57 24 74 70 64 39 44 55 23 2 39 26 12 53 31 57 47 1 18
23 44 36 5 22 62 48 53 50 18 66 31 18 65 62 66 14 63 25 15 67 26 59 59 60 20 72 21
56 15 63 50 7 14 13 32 72 23 53 54 17 38 15 70 69 6 76 6 25 41 29 3 38 50 11 50
59 49 62 26 63 43 6 15 71 14 12 12 78 44 33 38 75 43 49 77 40 56 21 9 35 51 42 35
20 9 46 65 77 34 69 16 77 68 76 26 51 4 30 77 61 57 62 2 55 75 5 63 36 3 45 28
0 25 24 18 22 15 15
25 0 20 23 18 16 25
24 20 0 15 23 24 25
18 23 15 0 17 18 18
22 18 23 17 0 18 20
15 16 24 18 18 0 24
15 25 25 18 20 24 0
