5
30
29 81 116 81 92 34 120 70 91 74 64 3 28 36 18 11 31 67 1 45 115 70 102 38 91 113 116 30 61 71
115 35 5 92 40 53 72 116 41 32 43 4 52 9 88 85 74 4 63 49 96 103 27 56 57 99 113 36 49 41
100 54 87 98 31 44 64 50 37 40 67 115 77 33 97 31 88 81 39 81 52 100 52 15 119 71 1 49 44 117
50 79 20 85 53 104 72 108 58 6 90 110 69 89 39 118 24 47 119 100 74 38 116 103 85 32 68 120 112 49
56 93 12 24 23 31 24 53 19 90 11 84 72 108 91 110 10 60 91 25 120 88 41 93 71 85 89 26 43 40
0 19 22 23 15 16 24
19 0 22 23 19 23 17
22 22 0 24 21 24 24
23 23 24 0 25 21 19
15 19 21 25 0 21 24
16 23 24 21 21 0 23
24 17 24 19 24 23 0
