5
30
37 2 12 24 9 13 22 25 29 30 6 25 15 15 13 27 32 4 17 10 39 30 2 16 7 27 8 12 29 7
14 36 40 23 29 20 39 27 6 29 24 28 5 36 9 28 4 10 23 24 6 4 32 19 1 5 7 11 35 31
24 11 19 14 39 25 13 40 31 5 12 3 24 35 36 4 4 2 26 1 2 7 34 1 21 1 23 30 18 12
12 26 2 19 34 21 35 27 8 15 19 34 2 12 24 18 12 24 36 40 17 29 24 40 29 23 34 32 32 5
19 1 35 39 10 17 8 37 7 3 9 33 11 25 20 9 5 10 32 10 7 37 29 14 19 16 31 17 5 22
0 24 15 19 18 22 16
24 0 24 23 19 21 24
15 24 0 18 24 23 15
19 23 18 0 23 21 25
18 19 24 23 0 15 22
22 21 23 21 15 0 25
16 24 15 25 22 25 0
