5
28
4 15 47 31 16 14 62 53 62 64 65 14 28 25 34 45 4 46 35 57 77 38 73 37 78 4 16 57
18 1 1 64 20 31 64 9 27 45 28 25 37 22 38 17 2 5 71 4 67 30 17 14 45 8 60 31
59 10 74 69 16 4 3 48 39 19 15 11 30 12 16 66 56 31 51 56 66 16 60 13 8 36 3 20
73 47 38 78 77 77 6 13 79 4 35 62 33 47 63 57 55 59 6 53 73 34 61 20 73 58 63 63
68 70 20 21 40 48 35 61 11 41 14 46 8 26 64 34 29 17 12 6 40 39 17 73 2 12 61 24
0 24 20 19 25 18 19
24 0 23 23 18 24 24
20 23 0 17 17 23 17
19 23 17 0 20 20 22
25 18 17 20 0 25 17
18 24 23 20 25 0 22
19 24 17 22 17 22 0
