5
30
70 70 43 5 44 34 57 77 67 63 11 70 40 73 20 50 71 74 8 50 3 36 41 45 68 21 44 53 5 3
11 8 51 56 45 77 80 20 5 5 17 8 54 39 79 44 59 72 15 1 60 79 46 70 5 69 15 14 69 20
51 41 45 62 16 65 53 37 7 64 16 72 23 53 28 40 28 51 75 41 25 16 3 64 68 36 20 41 47 77
79 57 8 76 41 16 29 14 10 14 22 28 12 72 75 22 61 38 59 20 59 58 55 79 46 66 48 3 32 40
40 36 40 25 16 65 68 55 5 40 65 71 33 60 50 76 69 1 70 22 17 32 24 48 62 29 74 70 8 66
0 25 17 23 22 21 16
25 0 18 22 22 22 21
17 18 0 15 16 15 18
23 22 15 0 15 22 18
22 22 16 15 0 17 24
21 22 15 22 17 0 16
16 21 18 18 24 16 0
