5
30
73 78 11 78 15 64 66 77 26 51 48 44 73 28 63 8 21 2 32 12 62 20 70 38 69 38 11 34 68 67
49 4 57 55 23 17 42 64 22 52 31 21 23 73 47 23 33 36 6 36 47 79 12 61 74 38 80 61 22 28
59 80 44 50 33 23 41 62 19 31 25 46 60 5 29 7 39 6 78 9 53 24 50 32 53 63 12 72 72 40
42 44 1 32 7 30 19 48 28 66 27 8 37 62 21 31 13 15 62 26 67 25 65 14 72 59 67 51 9 17
14 15 15 58 63 31 15 9 57 78 21 9 66 52 51 46 37 50 17 79 38 5 31 5 46 12 69 22 25 11
0 20 24 23 17 17 20
20 0 17 25 16 25 25
24 17 0 20 25 19 16
23 25 20 0 22 20 15
17 16 25 22 0 17 23
17 25 19 20 17 0 19
20 25 16 15 23 19 0
