5
30
157 8 135 12 64 138 40 72 6 145 30 7 77 159 29 55 3 151 63 23 42 142 128 30 103 55 160 155 156 53
89 5 108 116 37 110 103 26 2 156 82 21 94 80 108 63 76 42 136 57 23 152 114 63 60 7 133 49 51 152
154 139 158 89 78 120 129 5 11 50 91 15 141 20 57 40 152 20 122 7 38 143 50 103 111 121 42 99 62 40
32 33 94 126 52 67 140 160 61 49 19 105 65 130 45 106 151 158 105 114 152 33 20 75 130 112 50 124 160 109
116 146 152 8 25 123 132 134 27 109 86 160 109 128 141 108 129 65 35 23 144 36 106 93 50 157 44 128 57 103
0 16 18 24 19 19 16
16 0 20 22 19 17 18
18 20 0 25 19 18 24
24 22 25 0 17 22 24
19 19 19 17 0 17 23
19 17 18 22 17 0 17
16 18 24 24 23 17 0
