6
30
25 12 22 33 20 6 3 8 22 6 9 18 36 3 37 38 27 2 23 9 30 28 22 39 39 22 36 32 36 16
8 6 27 7 24 1 33 27 26 24 30 23 6 2 18 30 20 8 17 30 6 5 17 22 9 25 9 9 39 39
9 16 12 25 31 14 23 30 4 7 31 34 21 17 16 33 28 15 4 4 14 37 18 19 12 3 20 22 16 34
27 38 18 23 31 35 39 4 12 8 27 8 29 5 32 30 35 36 34 13 10 35 1 12 14 25 24 18 27 35
12 25 3 1 19 39 38 30 2 25 28 29 27 22 3 1 26 19 39 33 30 22 7 17 18 1 4 37 39 9
11 12 28 2 13 8 40 5 35 26 11 25 10 32 35 1 9 39 4 21 32 5 31 4 2 2 14 38 28 11
0 17 23 17 21 17 23 18
17 0 20 18 23 23 25 17
23 20 0 22 20 25 19 23
17 18 22 0 21 23 24 22
21 23 20 21 0 25 17 18
17 23 25 23 25 0 22 25
23 25 19 24 17 22 0 18
18 17 23 22 18 25 18 0
