6
28
104 37 20 93 21 45 73 38 11 4 41 64 8 120 35 107 66 77 35 87 56 77 32 46 37 12 18 46
49 115 111 61 5 35 110 24 108 4 114 28 7 99 118 20 38 7 11 72 84 86 29 62 27 11 29 51
3 90 21 92 51 67 57 117 114 14 102 82 40 43 86 68 22 100 26 56 93 112 71 56 50 43 29 108
47 23 36 58 3 57 6 50 53 4 13 76 115 97 81 27 42 113 68 78 10 83 25 89 73 96 64 35
84 61 25 69 55 51 35 15 89 83 26 86 75 106 32 75 53 61 79 21 54 10 72 52 85 26 92 24
116 60 103 36 109 68 116 11 81 4 117 8 42 85 11 56 57 108 29 41 119 75 64 93 118 58 89 104
0 18 15 16 21 22 23 19
18 0 20 24 24 21 23 15
15 20 0 16 25 19 17 24
16 24 16 0 17 22 16 19
21 24 25 17 0 16 20 25
22 21 19 22 16 0 24 23
23 23 17 16 20 24 0 25
19 15 24 19 25 23 25 0
