6
30
146 102 30 142 3 156 21 142 67 63 116 25 59 27 151 85 146 88 36 160 88 148 81 40 4 85 14 105 145 119
152 5 136 5 131 39 69 30 2 136 12 97 143 148 59 24 41 128 133 33 157 45 44 61 105 105 36 126 75 136
138 154 158 132 6 25 44 148 1 133 24 45 135 108 102 22 82 23 23 93 104 46 32 159 59 59 2 49 19 121
73 156 127 48 2 102 8 21 155 89 119 148 10 53 59 26 27 5 105 93 159 46 130 62 117 132 1 89 116 33
24 74 15 86 146 116 8 24 114 82 82 66 135 150 14 40 58 101 49 51 42 115 91 77 110 103 87 128 16 13
117 90 79 120 125 101 45 57 149 144 125 60 9 76 112 78 20 157 144 10 101 160 29 7 9 21 159 87 107 68
0 23 18 25 25 15 18 20
23 0 15 21 18 20 18 25
18 15 0 24 15 19 17 21
25 21 24 0 21 24 16 23
25 18 15 21 0 20 17 24
15 20 19 24 20 0 25 21
18 18 17 16 17 25 0 23
20 25 21 23 24 21 23 0
