6
28
20 42 23 54 34 59 54 22 52 75 38 37 13 78 28 21 10 1 60 6 28 75 36 36 72 43 57 38
61 79 28 44 64 2 32 78 15 6 51 17 45 23 68 17 56 15 32 1 31 74 26 53 14 63 37 38
4 66 62 40 76 5 1 59 57 32 10 78 39 57 7 36 4 25 30 32 15 60 1 41 54 52 29 79
7 35 75 14 32 8 65 48 47 12 16 37 64 59 67 20 25 24 63 43 80 18 62 9 5 53 80 57
70 25 65 18 69 42 71 45 12 71 22 61 70 36 47 67 16 65 41 78 33 74 78 17 30 10 68 38
79 25 38 9 44 10 53 17 80 60 16 1 54 19 71 21 30 35 67 56 38 34 21 52 17 62 71 75
0 24 18 20 19 23 16 21
24 0 23 16 18 24 17 19
18 23 0 18 16 21 23 25
20 16 18 0 16 16 24 25
19 18 16 16 0 19 21 20
23 24 21 16 19 0 20 19
16 17 23 24 21 20 0 23
21 19 25 25 20 19 23 0
