6
30
14 20 15 9 1 38 35 38 11 26 13 37 39 33 22 30 2 24 18 22 31 17 16 9 32 14 35 27 33 5
33 8 1 20 25 4 22 9 20 37 2 5 19 26 8 36 11 32 5 20 38 18 31 33 14 36 4 26 9 19
1 33 39 29 27 7 34 29 21 3 11 9 19 18 25 2 38 22 29 24 11 22 17 26 9 9 26 13 11 20
12 35 14 10 1 40 40 32 21 11 7 34 12 1 38 26 23 11 16 32 39 7 4 27 36 18 9 9 17 35
18 17 3 21 18 18 27 36 7 10 22 19 21 14 39 30 8 30 32 30 34 1 5 7 23 19 4 2 18 40
20 15 4 36 16 2 21 16 27 26 6 38 33 20 3 21 39 25 9 36 35 29 34 28 33 29 31 19 6 10
0 24 15 23 23 15 21 23
24 0 21 23 18 19 23 22
15 21 0 21 22 16 25 22
23 23 21 0 17 23 20 25
23 18 22 17 0 23 25 19
15 19 16 23 23 0 23 24
21 23 25 20 25 23 0 23
23 22 22 25 19 24 23 0
