6
28
8 3 28 17 22 3 20 21 25 4 18 34 11 8 12 29 8 30 26 30 11 22 35 12 29 4 25 15
33 28 40 19 11 1 10 37 35 37 15 26 29 2 10 12 30 4 24 6 38 5 6 8 4 3 33 34
26 28 1 10 37 39 23 33 1 7 20 14 39 23 33 37 32 30 35 32 1 9 32 33 17 12 5 21
3 12 39 17 36 24 3 27 31 38 38 36 13 6 5 39 35 28 3 12 13 18 15 32 20 5 35 14
30 24 4 20 29 32 9 9 27 2 22 13 23 3 1 14 25 5 37 31 4 15 19 30 38 35 39 7
4 21 23 23 13 11 13 29 25 26 26 12 37 5 17 23 9 15 14 27 31 1 26 28 33 27 3 20
0 16 24 17 23 20 18 24
16 0 17 25 23 19 25 20
24 17 0 18 15 21 19 22
17 25 18 0 25 17 15 17
23 23 15 25 0 22 25 20
20 19 21 17 22 0 21 25
18 25 19 15 25 21 0 15
24 20 22 17 20 25 15 0
