6
28
52 35 37 48 51 63 3 13 28 6 43 76 1 33 44 40 78 8 73 6 36 63 66 2 36 40 43 55
72 80 74 3 59 10 22 52 59 38 40 42 13 8 10 42 6 2 19 39 68 72 27 68 28 32 13 51
62 32 34 4 8 48 17 41 52 3 74 33 64 21 67 79 12 78 76 50 20 44 21 62 19 40 64 28
42 72 54 61 40 33 46 9 64 4 41 56 38 72 46 80 5 60 3 69 57 53 8 27 33 32 18 43
80 23 69 66 41 45 57 5 30 71 7 13 48 41 27 61 38 58 51 23 61 29 14 22 43 67 67 25
14 22 31 37 58 69 31 39 74 54 11 34 19 11 66 76 38 5 53 12 24 76 16 72 80 15 54 75
0 17 23 21 18 15 16 20
17 0 25 19 17 25 15 25
23 25 0 18 18 22 15 23
21 19 18 0 21 16 25 22
18 17 18 21 0 24 22 22
15 25 22 16 24 0 20 23
16 15 15 25 22 20 0 18
20 25 23 22 22 23 18 0
