7
30
70 31 16 12 56 43 78 34 58 42 51 54 13 3 35 42 56 80 49 79 20 60 39 73 9 65 33 30 75 48
7 25 29 3 6 30 37 13 52 58 30 48 15 75 32 68 16 7 13 65 4 36 73 25 21 37 51 76 69 18
41 44 54 79 2 53 7 25 26 67 55 59 33 65 25 21 21 12 72 68 6 58 62 19 75 26 20 40 22 79
59 22 51 73 29 37 43 19 13 49 69 33 58 58 18 4 63 32 51 52 32 8 47 15 67 10 18 62 21 53
9 41 61 68 44 77 69 75 50 9 80 48 61 20 30 14 25 48 67 55 43 69 27 23 47 26 31 5 22 60
28 53 31 4 30 67 68 59 25 18 7 74 28 9 51 8 18 7 72 32 80 34 73 75 39 31 49 45 4 4
26 70 37 18 19 40 73 36 75 16 22 35 42 30 28 65 9 68 30 10 39 51 76 32 2 57 63 76 3 24
0 18 25 16 15 23 21 23 16
18 0 20 15 25 18 18 23 17
25 20 0 23 20 24 25 18 20
16 15 23 0 24 18 24 17 25
15 25 20 24 0 24 23 24 16
23 18 24 18 24 0 22 17 21
21 18 25 24 23 22 0 20 15
23 23 18 17 24 17 20 0 20
16 17 20 25 16 21 15 20 0
