7
28
151 112 12 156 130 97 30 7 13 79 53 47 30 20 116 47 105 36 107 67 47 103 47 123 75 25 27 80
134 58 146 3 41 14 102 132 40 118 134 94 13 64 29 53 158 105 33 28 71 1 100 129 15 76 16 114
33 45 29 104 102 61 60 49 67 148 85 112 26 30 86 101 32 74 42 151 57 105 160 151 100 46 89 46
122 78 125 143 140 62 24 134 18 60 112 44 55 160 43 87 81 86 79 86 118 32 91 84 127 99 81 16
125 45 140 76 130 129 116 34 150 47 148 157 116 17 13 40 1 28 83 108 127 10 143 89 17 137 144 153
41 41 78 1 120 59 26 32 76 63 54 53 71 27 116 82 122 36 101 108 155 155 156 151 43 88 38 66
156 153 75 63 67 6 135 49 155 155 34 57 77 108 72 142 14 148 1 152 51 103 64 67 64 156 53 70
0 20 19 21 16 23 23 22 21
20 0 19 21 22 19 20 18 24
19 19 0 21 23 18 17 15 15
21 21 21 0 21 22 20 25 18
16 22 23 21 0 23 18 23 21
23 19 18 22 23 0 22 21 15
23 20 17 20 18 22 0 23 25
22 18 15 25 23 21 23 0 23
21 24 15 18 21 15 25 23 0
