7
28
3 26 26 5 39 12 28 4 39 7 7 38 32 31 34 22 40 1 31 15 25 14 23 16 38 17 2 21
15 13 38 40 34 28 19 15 35 25 8 13 4 1 23 17 18 6 18 1 30 15 1 39 19 1 39 5
29 24 17 28 15 20 35 1 29 16 31 33 16 32 20 2 38 37 28 14 34 21 8 39 9 2 25 35
33 11 7 19 10 26 24 6 2 38 25 29 5 21 32 16 28 39 24 19 16 37 5 28 23 36 11 5
40 33 15 5 10 32 17 17 40 16 40 19 40 7 7 36 33 33 21 37 25 39 18 10 20 22 9 13
28 2 2 2 7 4 25 16 38 30 18 11 5 36 22 24 1 24 35 32 23 10 28 20 34 38 37 36
8 37 34 23 35 4 8 37 3 39 26 36 35 34 5 3 40 18 32 21 20 10 6 19 39 16 21 8
0 18 22 21 22 21 25 17 19
18 0 23 20 19 20 24 19 17
22 23 0 15 17 15 20 22 24
21 20 15 0 17 24 19 23 23
22 19 17 17 0 21 22 18 18
21 20 15 24 21 0 20 18 22
25 24 20 19 22 20 0 21 16
17 19 22 23 18 18 21 0 21
19 17 24 23 18 22 16 21 0
