7
30
44 40 74 25 6 118 79 23 46 8 79 81 30 1 35 108 116 45 90 89 115 86 64 20 72 108 88 50 50 47
12 29 115 53 21 71 9 34 15 2 23 19 35 14 46 77 45 102 89 73 35 20 95 18 99 40 99 25 67 114
98 80 88 19 115 40 117 34 51 109 34 82 64 113 9 120 3 90 56 9 71 120 62 24 62 10 22 110 19 12
34 21 50 93 99 119 79 27 76 20 26 90 83 26 16 35 115 67 30 92 32 6 15 18 42 45 88 91 34 104
118 114 30 31 114 69 24 42 97 15 43 63 78 7 60 68 84 109 3 80 13 33 120 47 65 56 77 119 29 19
25 65 98 103 72 12 2 86 69 17 14 98 53 76 119 117 34 114 79 47 84 119 50 120 83 60 47 22 86 41
21 37 85 93 20 57 89 32 87 103 23 85 104 35 73 70 13 20 73 101 61 101 49 77 48 82 39 102 114 120
0 22 22 25 23 19 25 19 23
22 0 24 21 15 18 16 19 15
22 24 0 15 15 24 15 25 17
25 21 15 0 25 17 21 19 16
23 15 15 25 0 22 18 15 17
19 18 24 17 22 0 23 19 15
25 16 15 21 18 23 0 20 24
19 19 25 19 15 19 20 0 18
23 15 17 16 17 15 24 18 0
