7
28
57 15 14 3 27 3 44 38 26 59 66 75 60 27 38 46 69 6 14 74 48 74 33 6 13 53 50 36
46 66 79 75 45 16 15 31 30 30 20 48 23 25 39 20 55 47 14 8 12 16 6 12 39 3 30 16
70 45 36 47 3 13 70 46 71 71 13 41 27 15 14 66 51 51 11 63 31 80 33 3 21 67 80 12
9 8 11 26 14 56 8 13 15 31 43 22 2 10 6 72 1 77 36 42 45 74 75 1 27 54 24 32
17 7 15 29 63 78 28 73 15 24 7 40 49 29 31 69 74 80 62 48 31 38 65 35 50 9 68 34
6 34 53 80 52 18 59 62 12 14 51 11 18 12 40 46 50 29 17 44 25 12 51 12 38 24 36 16
27 33 38 70 26 15 75 2 38 12 13 26 37 68 13 46 12 50 29 68 34 36 74 58 27 48 42 3
0 19 19 19 16 16 16 17 16
19 0 25 25 21 20 18 15 22
19 25 0 16 17 23 22 23 16
19 25 16 0 24 22 17 25 18
16 21 17 24 0 19 20 24 17
16 20 23 22 19 0 23 24 22
16 18 22 17 20 23 0 25 24
17 15 23 25 24 24 25 0 16
16 22 16 18 17 22 24 16 0
