7
28
51 63 33 112 8 16 8 120 84 45 103 33 109 113 19 17 34 15 11 120 36 38 39 24 66 91 54 41
77 22 12 82 73 10 92 68 64 73 104 38 68 19 120 78 97 4 34 117 114 113 80 50 88 13 25 69
96 45 106 99 18 113 95 94 10 72 97 95 109 117 19 120 101 56 76 24 77 66 117 21 27 116 85 75
2 76 58 52 55 25 10 107 49 46 50 116 2 83 10 29 22 66 17 33 7 24 35 94 27 6 120 5
106 99 95 58 23 97 12 66 96 49 42 75 86 64 55 97 34 76 88 19 22 58 86 52 63 98 66 107
93 23 38 39 82 55 34 110 17 91 50 112 86 97 67 79 111 39 40 111 10 99 34 93 8 81 98 113
104 34 67 61 7 15 115 5 82 39 80 46 71 60 23 29 31 52 63 22 14 40 61 90 12 105 28 51
0 16 24 24 15 20 19 22 21
16 0 17 22 23 21 19 24 17
24 17 0 18 25 16 21 18 19
24 22 18 0 16 15 24 19 21
15 23 25 16 0 22 25 22 20
20 21 16 15 22 0 18 20 17
19 19 21 24 25 18 0 18 18
22 24 18 19 22 20 18 0 25
21 17 19 21 20 17 18 25 0
