7
30
9 12 3 25 35 35 29 28 26 38 22 12 1 1 34 16 16 35 4 20 33 4 37 36 2 23 34 20 3 15
26 40 9 21 35 40 12 3 4 36 36 16 35 10 38 23 17 28 25 35 27 9 26 19 31 33 19 13 4 7
39 27 10 16 17 11 4 25 26 15 19 3 26 27 7 37 22 13 32 20 13 10 10 33 40 13 4 1 2 26
40 29 13 37 31 27 20 16 31 5 24 12 10 12 20 18 23 6 24 20 11 35 3 38 13 16 29 24 40 34
38 17 7 6 35 2 23 24 4 40 25 27 1 37 21 31 40 33 6 7 19 17 28 1 23 13 18 18 19 10
7 37 15 16 30 3 16 5 21 26 9 33 11 8 1 14 35 4 10 23 35 2 29 34 5 26 24 22 17 19
11 29 12 9 22 30 6 40 2 6 12 35 18 34 31 36 10 21 2 33 6 38 7 6 33 7 36 30 9 27
0 24 15 21 23 15 22 18 16
24 0 25 16 15 17 18 23 18
15 25 0 19 24 21 21 17 15
21 16 19 0 23 15 15 25 18
23 15 24 23 0 17 19 23 15
15 17 21 15 17 0 19 23 18
22 18 21 15 19 19 0 24 21
18 23 17 25 23 23 24 0 22
16 18 15 18 15 18 21 22 0
