7
28
35 31 6 113 109 85 31 65 96 150 73 54 150 18 29 76 77 14 107 17 148 64 33 87 38 56 2 20
59 72 143 53 131 50 84 13 156 41 4 121 38 103 78 96 132 49 109 123 102 139 99 122 93 123 123 90
34 96 158 43 35 134 91 60 159 158 107 136 11 59 116 103 3 105 156 119 7 103 72 73 146 91 50 124
84 131 11 129 17 52 113 7 37 64 127 61 108 11 42 89 97 123 8 38 152 72 112 136 126 124 108 34
155 118 39 132 101 150 160 76 58 55 125 66 117 46 33 19 109 89 150 101 87 22 73 39 5 45 113 44
128 100 117 91 64 142 30 75 145 110 109 49 103 16 6 17 97 132 48 38 149 87 137 24 58 72 76 36
79 150 45 83 149 139 137 37 90 157 84 30 142 59 160 129 136 66 44 105 74 74 144 78 117 57 153 159
0 23 22 21 24 19 19 25 22
23 0 24 21 21 21 15 19 22
22 24 0 24 19 20 24 23 16
21 21 24 0 19 16 25 19 25
24 21 19 19 0 23 24 25 17
19 21 20 16 23 0 20 23 19
19 15 24 25 24 20 0 22 18
25 19 23 19 25 23 22 0 20
22 22 16 25 17 19 18 20 0
