7
28
24 73 3 40 78 46 13 2 44 11 47 44 31 74 72 45 44 12 35 45 73 31 37 71 72 27 43 19
43 63 26 55 35 3 42 78 59 25 58 5 48 7 17 47 80 16 57 65 31 75 58 47 22 43 72 26
76 24 24 15 69 77 40 43 46 19 42 3 17 60 62 14 65 22 49 71 3 20 42 24 7 80 73 4
28 45 24 69 45 15 60 4 28 61 13 27 3 70 62 30 60 4 32 2 38 75 80 69 54 65 78 26
37 11 58 15 14 57 56 49 52 24 74 69 9 2 58 42 57 53 9 34 61 70 73 15 22 3 73 40
79 37 53 71 52 75 5 47 52 25 50 38 26 75 21 46 2 19 62 46 74 69 80 58 11 57 71 42
8 53 35 57 66 50 39 75 35 53 18 48 56 31 23 25 30 47 63 10 35 20 16 4 4 79 49 62
0 17 19 15 16 21 23 25 19
17 0 24 23 15 24 22 15 18
19 24 0 20 21 19 20 18 19
15 23 20 0 18 20 19 18 21
16 15 21 18 0 24 16 21 17
21 24 19 20 24 0 17 21 17
23 22 20 19 16 17 0 20 25
25 15 18 18 21 21 20 0 16
19 18 19 21 17 17 25 16 0
