7
30
51 68 89 23 93 26 63 43 39 17 3 7 69 27 91 98 32 30 23 80 68 4 96 112 24 48 113 98 66 104
56 35 82 31 1 102 44 40 42 107 32 103 47 116 86 33 83 25 44 23 114 49 21 113 3 108 16 18 102 41
111 47 8 56 65 62 10 39 111 52 11 68 73 51 109 79 76 66 54 30 111 13 108 71 63 30 89 90 46 17
30 28 27 1 18 98 77 79 61 55 19 83 112 34 34 91 96 26 16 114 108 87 15 105 10 17 68 49 25 63
51 23 40 48 93 71 19 89 120 2 79 83 42 59 7 49 20 101 48 7 25 70 6 40 47 11 104 13 119 106
22 87 14 30 16 11 14 62 109 4 93 42 64 24 105 101 67 57 105 106 77 49 11 64 81 95 89 42 113 31
45 38 29 57 77 79 10 84 118 78 71 95 107 76 72 44 67 53 10 78 104 46 3 97 87 7 3 97 119 116
0 16 23 24 25 25 16 21 18
16 0 22 23 18 24 16 17 17
23 22 0 17 22 16 17 17 16
24 23 17 0 18 16 21 19 16
25 18 22 18 0 15 22 17 18
25 24 16 16 15 0 23 24 25
16 16 17 21 22 23 0 20 23
21 17 17 19 17 24 20 0 20
18 17 16 16 18 25 23 20 0
