8
30
8 36 14 34 32 13 9 8 12 31 21 9 23 8 3 22 13 21 10 40 26 37 10 4 6 17 17 19 9 23
24 4 8 20 40 13 3 19 12 37 15 38 25 32 40 34 39 5 10 3 34 37 30 13 1 9 32 19 34 29
33 25 40 32 31 1 30 9 39 23 4 19 2 22 9 4 18 27 14 20 28 29 4 11 7 25 3 38 7 40
9 34 10 9 7 37 9 32 33 12 10 16 1 29 23 14 24 34 24 24 33 14 23 32 8 27 6 12 38 2
7 36 11 39 33 20 27 30 10 14 24 21 25 29 35 30 9 2 36 33 6 39 10 2 22 40 32 34 38 2
1 25 35 15 12 22 27 35 22 29 16 22 5 19 2 28 34 16 5 18 8 30 20 20 16 5 36 37 36 37
1 24 22 20 12 20 40 27 36 9 15 39 23 14 16 34 19 28 4 25 11 14 25 36 37 34 39 36 6 3
8 13 27 5 40 34 14 8 5 23 40 37 37 18 14 36 20 8 16 34 17 21 26 29 40 10 1 18 12 27
0 25 21 22 18 19 25 18 22 16
25 0 18 23 24 21 15 15 18 25
21 18 0 21 22 21 15 25 17 22
22 23 21 0 17 21 17 22 15 16
18 24 22 17 0 21 18 19 17 22
19 21 21 21 21 0 23 22 15 17
25 15 15 17 18 23 0 15 20 25
18 15 25 22 19 22 15 0 24 22
22 18 17 15 17 15 20 24 0 19
16 25 22 16 22 17 25 22 19 0
