8
28
40 23 24 22 3 19 13 19 6 21 1 5 12 37 7 31 39 19 10 30 31 35 17 16 1 18 16 7
25 6 27 11 22 11 38 7 19 23 38 21 8 18 24 17 7 32 16 4 9 33 32 8 7 22 15 40
19 31 21 22 4 6 10 6 13 11 29 17 26 5 6 35 4 26 14 37 7 22 9 11 9 23 30 6
36 14 21 38 39 30 40 24 29 37 24 35 14 23 7 30 19 33 4 30 14 2 21 30 19 7 29 28
38 3 3 21 21 26 40 15 39 29 35 11 12 36 22 3 3 18 38 5 12 33 40 17 3 20 4 27
39 11 26 5 11 39 24 31 31 34 35 28 33 3 14 33 9 9 7 9 22 4 11 3 7 3 35 32
2 26 16 40 15 15 4 26 30 1 36 13 39 28 11 29 40 19 40 2 35 27 10 14 36 2 4 20
9 32 22 2 11 10 8 8 27 31 31 35 33 40 20 27 9 9 35 39 4 26 8 37 31 36 23 17
0 25 25 24 16 21 19 18 23 24
25 0 17 24 21 21 21 22 17 16
25 17 0 16 19 20 15 22 18 15
24 24 16 0 20 21 20 22 19 23
16 21 19 20 0 24 24 22 18 24
21 21 20 21 24 0 22 23 24 24
19 21 15 20 24 22 0 18 18 19
18 22 22 22 22 23 18 0 17 24
23 17 18 19 18 24 18 17 0 19
24 16 15 23 24 24 19 24 19 0
