8
28
1 27 3 35 40 18 36 17 25 1 37 19 17 12 37 1 3 19 15 7 20 18 37 30 17 11 18 24
11 32 18 23 13 7 33 38 37 8 1 25 13 7 24 7 18 13 1 18 26 5 36 4 1 3 16 23
28 29 26 23 38 35 10 22 18 37 36 5 23 39 38 23 39 10 10 22 36 30 30 16 17 11 20 23
12 8 34 8 28 37 14 8 11 32 6 37 24 38 28 32 7 13 9 13 20 20 38 6 13 28 31 7
36 34 14 32 28 30 18 36 18 16 37 39 36 18 8 8 3 28 36 1 2 37 34 12 36 20 1 37
13 35 37 6 16 34 24 35 34 24 3 39 38 35 19 24 4 6 22 2 35 9 27 11 15 4 18 1
14 27 37 34 34 14 7 33 10 17 23 9 24 12 26 5 2 23 38 2 4 5 18 28 4 15 25 18
25 26 30 34 15 9 29 26 5 28 33 30 1 27 23 33 20 23 35 17 36 28 25 25 27 32 1 34
0 20 20 21 19 21 18 24 17 17
20 0 24 16 17 15 15 25 21 21
20 24 0 20 19 16 18 21 24 19
21 16 20 0 22 15 25 25 23 23
19 17 19 22 0 17 21 19 21 25
21 15 16 15 17 0 15 24 24 22
18 15 18 25 21 15 0 23 24 15
24 25 21 25 19 24 23 0 17 24
17 21 24 23 21 24 24 17 0 19
17 21 19 23 25 22 15 24 19 0
