8
30
55 39 60 63 24 70 26 3 43 9 80 65 63 72 15 53 53 50 8 27 19 12 36 66 41 49 8 26 42 54
29 70 12 7 7 52 66 53 9 6 20 23 33 64 35 42 42 22 20 60 8 51 68 73 79 13 69 41 27 13
65 62 41 40 29 64 38 31 60 69 62 11 61 18 73 59 38 9 77 6 6 18 80 14 37 48 56 35 57 38
55 50 36 35 62 66 30 19 59 50 16 61 25 17 27 3 2 23 80 7 62 45 76 58 27 71 24 76 52 74
19 57 2 35 17 36 21 66 33 25 44 8 52 72 51 20 4 71 10 39 2 58 22 2 75 58 43 19 39 9
18 41 59 60 46 41 13 38 52 16 80 53 31 34 32 76 11 26 1 72 3 42 75 77 76 72 10 73 22 28
67 27 37 80 71 23 61 79 45 71 5 75 48 40 23 9 9 42 78 53 31 7 50 58 44 75 23 74 5 13
44 70 20 70 56 80 59 2 18 68 14 19 21 53 5 72 39 42 50 42 68 15 4 6 26 52 66 22 50 66
0 16 24 24 23 18 24 23 22 20
16 0 21 22 15 22 20 20 15 18
24 21 0 20 20 15 19 21 22 16
24 22 20 0 18 21 17 18 17 15
23 15 20 18 0 19 21 24 15 18
18 22 15 21 19 0 21 19 21 19
24 20 19 17 21 21 0 20 24 17
23 20 21 18 24 19 20 0 17 16
22 15 22 17 15 21 24 17 0 22
20 18 16 15 18 19 17 16 22 0
