8
30
21 55 113 146 27 83 8 136 144 27 117 95 103 27 63 109 125 154 106 89 43 116 59 119 142 99 109 67 74 103
23 38 31 105 95 143 34 55 130 40 62 104 136 63 55 115 75 67 90 132 110 83 47 31 3 70 91 1 67 99
78 5 108 141 76 150 4 93 135 59 118 82 124 67 69 152 58 151 20 102 67 123 112 83 104 53 60 42 69 38
9 119 53 72 54 129 88 120 70 107 26 42 119 103 148 84 61 157 46 130 92 66 93 56 107 159 154 34 149 68
18 112 71 119 67 148 111 3 98 83 101 11 65 140 43 22 36 100 5 67 101 147 50 81 79 133 128 3 102 122
51 89 74 102 136 156 12 5 27 33 126 118 140 115 49 122 39 46 106 160 104 143 11 5 141 21 66 145 109 92
46 117 24 117 20 160 4 48 152 147 129 101 43 71 116 139 41 91 1 95 115 32 77 123 106 92 102 144 111 137
41 55 73 49 142 116 91 53 154 110 82 133 20 42 21 134 57 57 108 60 65 49 77 42 115 75 133 5 150 50
0 22 22 22 24 25 23 17 19 20
22 0 21 22 17 22 15 18 17 25
22 21 0 22 16 21 17 22 24 21
22 22 22 0 15 15 23 21 19 23
24 17 16 15 0 22 24 21 16 25
25 22 21 15 22 0 18 16 19 22
23 15 17 23 24 18 0 15 20 23
17 18 22 21 21 16 15 0 19 25
19 17 24 19 16 19 20 19 0 18
20 25 21 23 25 22 23 25 18 0
