8
30
140 158 133 61 154 86 6 129 92 33 4 52 35 59 2 119 67 42 158 91 5 33 105 105 69 61 135 86 128 136
7 4 137 48 151 153 109 6 89 106 41 38 36 157 127 46 127 42 41 127 59 92 79 19 115 125 152 44 129 99
51 120 9 20 105 84 121 74 55 101 153 7 157 11 106 70 16 124 103 71 151 130 102 11 124 47 29 120 23 118
91 97 123 41 43 122 47 79 122 68 34 113 108 111 60 148 82 6 85 142 87 75 158 135 145 57 59 87 144 40
72 42 29 110 68 92 73 117 138 20 110 45 110 49 93 49 3 99 89 117 36 81 141 110 59 143 142 44 35 99
75 131 13 95 38 114 108 26 102 65 68 119 61 34 144 126 81 121 77 5 2 122 19 81 8 33 115 114 55 91
11 146 72 125 143 81 125 125 117 66 108 7 77 133 100 83 42 147 84 66 52 46 2 89 57 53 62 33 7 81
72 109 31 42 30 33 126 29 3 21 122 95 102 125 53 93 61 110 63 85 126 155 84 96 57 86 58 50 47 97
0 25 23 24 21 18 15 17 20 19
25 0 19 25 17 22 25 21 19 24
23 19 0 15 23 16 23 18 25 18
24 25 15 0 25 16 17 23 19 20
21 17 23 25 0 25 15 20 15 15
18 22 16 16 25 0 16 24 19 21
15 25 23 17 15 16 0 24 25 18
17 21 18 23 20 24 24 0 23 15
20 19 25 19 15 19 25 23 0 20
19 24 18 20 15 21 18 15 20 0
