8
30
87 66 94 159 16 28 33 75 30 42 159 46 49 64 113 92 108 122 12 134 74 55 42 32 24 131 79 57 80 13
52 117 50 33 97 4 145 126 74 32 64 55 132 82 66 151 63 2 58 135 105 20 24 13 10 79 103 74 50 144
156 22 98 25 29 115 93 63 89 92 107 21 102 156 107 21 4 144 65 69 68 41 24 101 8 17 37 128 64 96
2 92 139 71 66 104 36 133 104 80 97 25 71 81 15 20 29 115 83 113 48 144 131 81 150 146 38 156 47 113
48 121 70 105 83 48 132 107 107 50 66 39 41 119 52 86 146 83 19 117 38 88 36 48 44 51 37 79 38 38
40 74 7 81 100 142 54 23 38 77 99 106 88 98 159 56 11 51 45 45 145 78 53 137 36 76 27 36 49 55
6 17 76 44 57 64 58 27 120 57 95 79 71 158 34 123 90 108 117 73 158 48 12 13 93 33 117 144 18 12
108 159 92 66 35 108 69 54 80 132 129 123 85 48 49 118 105 28 146 137 153 99 7 98 144 5 52 91 133 97
0 24 23 21 24 18 23 24 19 19
24 0 20 25 23 16 19 20 21 15
23 20 0 18 18 15 15 22 25 22
21 25 18 0 23 25 17 22 19 17
24 23 18 23 0 15 25 23 24 23
18 16 15 25 15 0 19 24 16 19
23 19 15 17 25 19 0 17 18 24
24 20 22 22 23 24 17 0 19 16
19 21 25 19 24 16 18 19 0 21
19 15 22 17 23 19 24 16 21 0
