8
28
25 34 26 34 18 19 35 39 7 1 8 24 33 30 36 3 10 8 34 8 37 3 32 8 1 22 11 15
18 27 35 31 5 6 14 35 29 8 39 13 29 1 24 28 30 9 33 9 34 39 6 33 4 23 10 4
21 4 20 17 17 15 34 32 15 8 35 36 28 8 36 7 31 17 38 29 33 30 29 1 6 7 10 19
23 30 6 12 34 12 10 31 35 33 10 31 6 16 20 5 34 19 40 34 37 18 34 27 3 12 6 7
30 28 8 18 37 7 20 23 11 11 35 30 19 26 19 25 29 37 37 1 33 9 12 24 21 5 26 36
20 26 6 32 13 30 11 31 37 9 10 27 9 29 1 8 26 11 6 28 18 8 26 3 2 37 5 20
3 34 26 29 37 40 19 13 31 11 16 30 2 6 17 18 20 12 1 9 35 10 16 22 27 23 16 28
22 4 7 11 27 20 4 17 11 5 25 27 26 29 17 19 10 14 30 16 1 2 12 3 14 27 12 23
0 25 23 22 19 17 23 24 18 23
25 0 17 21 23 16 22 25 20 20
23 17 0 25 21 19 22 20 23 18
22 21 25 0 21 19 18 21 18 25
19 23 21 21 0 15 25 15 18 17
17 16 19 19 15 0 19 18 25 25
23 22 22 18 25 19 0 19 25 20
24 25 20 21 15 18 19 0 23 22
18 20 23 18 18 25 25 23 0 19
23 20 18 25 17 25 20 22 19 0
