8
30
31 13 12 19 21 10 21 21 14 3 9 28 33 33 2 15 8 5 10 16 14 31 24 32 17 33 10 3 17 12
12 18 29 1 20 18 6 16 36 28 3 14 28 13 37 8 6 8 19 40 7 23 22 7 37 10 4 2 25 6
21 33 8 21 26 38 28 8 9 18 5 26 9 2 40 8 34 11 12 25 3 1 39 37 9 1 36 4 30 26
26 25 5 21 26 5 19 38 13 32 4 14 24 5 32 19 23 38 31 20 11 8 18 25 35 38 32 7 9 14
36 36 34 18 29 36 12 5 18 5 17 2 12 18 3 39 7 15 22 32 4 22 36 23 8 4 8 8 11 21
3 14 37 1 15 26 14 38 13 11 9 5 6 34 5 13 13 38 14 17 9 32 14 35 28 36 31 8 32 1
33 8 2 8 2 24 31 14 29 14 14 36 39 36 20 3 34 25 13 13 23 22 35 30 4 5 31 23 39 40
27 28 2 29 16 34 39 3 14 21 1 30 16 23 19 38 1 28 6 28 15 27 6 27 3 38 2 38 27 37
0 18 23 23 19 19 15 17 18 24
18 0 17 15 22 18 20 18 21 17
23 17 0 18 16 19 25 19 24 15
23 15 18 0 18 25 25 19 19 19
19 22 16 18 0 24 15 18 15 23
19 18 19 25 24 0 17 19 18 22
15 20 25 25 15 17 0 25 17 17
17 18 19 19 18 19 25 0 20 22
18 21 24 19 15 18 17 20 0 20
24 17 15 19 23 22 17 22 20 0
