8
30
5 36 7 6 39 4 1 18 11 14 7 31 8 3 7 20 39 30 10 32 30 37 24 13 4 19 31 24 12 36
29 7 26 23 12 33 20 4 16 37 21 36 30 13 11 32 14 27 30 11 12 34 38 5 13 36 24 1 17 24
37 30 40 40 39 20 1 37 13 26 29 40 7 21 29 14 37 11 35 33 16 36 8 32 21 8 14 30 26 1
35 36 12 5 37 34 18 20 16 23 24 27 2 11 23 13 7 14 26 39 23 14 4 25 8 15 11 6 23 34
3 17 5 32 24 7 35 31 22 16 23 17 38 6 5 2 14 20 33 33 31 24 24 39 39 39 27 29 13 27
24 14 26 15 12 26 15 36 9 39 28 32 25 21 11 18 18 25 32 39 2 22 9 5 33 30 14 17 9 32
10 35 6 21 15 15 40 34 8 12 33 37 26 18 22 12 23 22 19 1 16 19 22 36 27 11 2 29 34 2
7 14 10 20 2 16 25 15 8 25 37 25 6 14 12 36 6 16 39 33 7 34 26 14 26 24 11 35 11 2
0 17 24 22 23 22 20 19 25 25
17 0 25 18 19 25 21 24 19 24
24 25 0 16 25 23 16 25 18 24
22 18 16 0 23 23 22 25 25 19
23 19 25 23 0 16 22 23 15 15
22 25 23 23 16 0 19 25 15 18
20 21 16 22 22 19 0 19 21 24
19 24 25 25 23 25 19 0 24 24
25 19 18 25 15 15 21 24 0 21
25 24 24 19 15 18 24 24 21 0
