8
30
46 107 114 18 55 43 7 120 32 87 109 79 116 101 46 19 20 112 95 49 70 70 63 27 10 98 107 80 16 73
111 87 93 9 38 43 111 15 54 40 22 71 79 61 65 14 6 22 40 95 100 82 8 91 22 45 85 64 27 10
46 72 48 6 39 99 104 91 111 16 94 88 49 87 45 33 106 24 49 71 10 32 94 40 12 3 99 93 106 42
42 18 85 41 28 34 12 86 52 46 2 66 36 91 2 92 88 82 79 17 65 81 92 79 70 104 68 46 116 78
120 41 91 35 32 75 60 26 98 25 41 57 79 27 90 44 87 110 63 1 69 45 107 16 43 78 106 91 77 98
114 42 67 115 50 90 110 86 104 67 56 94 9 29 15 75 18 15 56 118 115 72 82 22 78 80 103 34 7 1
18 115 83 49 116 88 48 92 70 12 116 74 21 16 28 11 30 89 45 63 42 120 16 81 65 37 79 83 115 38
102 69 8 47 14 43 69 114 103 41 33 94 21 18 32 103 18 45 94 103 101 90 116 86 83 109 44 11 55 84
0 16 17 24 24 23 24 19 22 21
16 0 18 21 15 19 22 16 19 16
17 18 0 18 25 16 22 19 17 17
24 21 18 0 25 22 16 22 20 19
24 15 25 25 0 25 24 16 24 25
23 19 16 22 25 0 18 17 15 20
24 22 22 16 24 18 0 21 20 25
19 16 19 22 16 17 21 0 19 19
22 19 17 20 24 15 20 19 0 20
21 16 17 19 25 20 25 19 20 0
