8
30
68 6 112 18 72 80 24 109 92 11 102 12 50 40 103 37 89 113 95 66 12 83 88 46 60 51 95 68 87 22
26 45 27 59 108 48 88 56 98 106 96 70 108 67 45 65 1 64 42 78 34 92 75 52 64 88 89 98 1 72
103 85 78 116 100 7 107 50 16 98 85 81 16 24 4 15 53 8 55 86 78 37 4 59 44 72 26 103 119 91
71 113 14 43 85 85 74 103 11 55 87 120 98 4 34 22 102 11 78 86 11 105 77 53 117 45 50 22 9 46
5 6 14 87 117 46 49 103 57 93 3 100 8 65 87 113 8 105 43 21 59 46 77 33 111 7 46 46 115 86
5 26 55 98 84 2 58 68 92 73 100 62 18 11 25 85 81 106 25 81 95 47 108 46 1 20 76 74 106 49
91 18 72 52 36 112 66 15 68 46 88 35 19 73 85 15 80 9 110 46 116 85 65 26 91 104 51 17 118 70
72 15 117 29 78 117 38 75 50 46 14 52 86 87 79 101 32 20 44 41 72 73 41 38 59 68 83 9 7 31
0 15 20 15 19 25 15 15 15 16
15 0 24 17 22 19 21 25 21 18
20 24 0 18 21 22 24 18 15 17
15 17 18 0 24 25 17 18 24 19
19 22 21 24 0 18 25 22 20 24
25 19 22 25 18 0 17 17 20 20
15 21 24 17 25 17 0 17 25 22
15 25 18 18 22 17 17 0 19 19
15 21 15 24 20 20 25 19 0 25
16 18 17 19 24 20 22 19 25 0
