9
28
3 7 28 8 12 18 20 31 34 33 21 23 18 5 20 12 19 36 14 17 16 25 17 24 2 39 23 4
33 16 19 39 11 5 8 10 32 16 18 15 18 39 12 28 24 29 9 35 22 12 23 22 13 28 15 4
11 32 31 6 8 30 4 35 25 1 21 25 6 38 13 3 9 28 15 4 5 40 25 38 15 6 14 37
29 23 34 40 32 15 34 29 19 32 2 27 21 16 33 37 33 16 2 4 14 20 21 9 14 16 19 8
16 14 20 35 28 3 3 15 35 13 40 9 12 3 21 40 34 33 8 1 25 16 32 12 18 18 1 35
30 9 36 14 11 39 40 27 27 25 8 16 12 17 33 25 5 40 3 30 24 20 24 20 28 31 35 35
31 27 11 25 6 18 29 3 27 29 16 24 15 2 4 13 27 11 17 16 35 14 30 22 17 24 24 31
20 14 13 32 38 5 31 16 2 32 3 1 1 15 4 2 3 32 13 36 25 16 25 22 32 17 40 28
6 22 17 27 37 7 10 28 1 9 5 18 26 4 36 25 40 30 38 12 33 19 34 19 28 32 23 35
0 18 19 22 17 23 19 24 25 25 15
18 0 15 24 21 21 19 19 18 15 16
19 15 0 19 20 24 21 25 19 23 24
22 24 19 0 19 24 22 23 19 24 25
17 21 20 19 0 18 21 24 16 15 22
23 21 24 24 18 0 18 21 15 21 15
19 19 21 22 21 18 0 23 19 18 21
24 19 25 23 24 21 23 0 23 15 16
25 18 19 19 16 15 19 23 0 15 21
25 15 23 24 15 21 18 15 15 0 25
15 16 24 25 22 15 21 16 21 25 0
