9
28
138 150 131 122 7 115 154 90 18 21 5 114 5 70 39 124 18 65 55 41 129 65 122 81 34 46 75 25
107 27 100 21 100 124 76 5 78 124 50 82 34 147 98 6 134 100 89 131 74 50 131 127 23 103 117 99
123 103 5 77 33 63 33 109 70 76 83 94 60 130 60 157 121 63 20 9 158 87 102 79 89 7 74 109
72 148 151 44 142 141 47 72 120 110 7 16 75 58 78 91 41 94 32 50 108 113 101 158 23 71 149 13
23 155 41 46 76 39 76 83 7 74 132 152 109 116 86 6 159 95 44 143 18 134 23 54 54 61 6 126
141 117 137 106 114 3 12 75 12 146 124 23 151 10 64 94 87 67 56 146 91 154 123 130 50 28 105 33
117 17 86 136 92 37 8 80 32 84 130 154 154 27 28 20 104 102 65 96 103 84 41 79 77 109 7 85
57 77 14 119 29 132 136 32 139 84 79 32 153 90 35 91 145 6 149 13 83 72 149 27 149 102 158 132
30 135 118 73 110 71 139 24 46 31 28 132 92 38 46 15 44 54 122 2 48 72 7 18 64 17 22 17
0 25 24 24 16 19 21 15 22 23 25
25 0 19 17 23 25 23 22 24 15 25
24 19 0 21 24 23 21 24 20 18 18
24 17 21 0 19 17 15 17 23 18 18
16 23 24 19 0 18 20 15 16 20 16
19 25 23 17 18 0 25 22 23 15 25
21 23 21 15 20 25 0 17 17 18 23
15 22 24 17 15 22 17 0 19 17 16
22 24 20 23 16 23 17 19 0 19 25
23 15 18 18 20 15 18 17 19 0 15
25 25 18 18 16 25 23 16 25 15 0
