9
28
109 83 111 93 114 27 20 83 103 34 44 95 109 12 38 60 15 104 99 3 118 83 66 34 109 59 22 85
10 55 61 7 62 99 33 37 49 76 80 103 6 95 100 103 19 74 33 44 4 102 120 80 75 20 12 47
16 103 119 14 94 70 73 110 77 87 119 3 23 32 107 61 94 12 10 46 107 12 18 13 69 66 57 82
22 40 18 16 8 86 8 61 56 22 85 64 32 115 30 95 63 2 31 85 107 107 31 15 57 41 79 35
27 57 3 69 106 50 46 18 67 36 15 117 33 115 110 31 105 45 76 103 12 9 68 80 89 91 96 83
117 60 104 28 87 50 94 1 69 36 45 43 104 64 80 63 52 85 72 100 81 43 107 41 3 119 76 56
107 96 54 21 97 62 10 96 58 6 31 39 120 84 12 79 49 101 54 89 53 119 36 120 24 37 96 35
109 109 59 100 108 85 71 64 43 10 93 79 89 16 54 31 32 29 14 38 75 108 79 102 2 3 69 101
55 102 49 57 5 81 67 36 17 80 82 55 113 112 58 64 66 74 30 61 51 4 46 89 19 23 43 5
0 17 24 16 19 23 19 25 19 19 25
17 0 16 15 16 18 22 15 23 21 21
24 16 0 24 22 22 24 23 24 20 17
16 15 24 0 19 25 20 24 22 25 19
19 16 22 19 0 24 19 21 17 15 23
23 18 22 25 24 0 16 15 18 15 20
19 22 24 20 19 16 0 17 23 21 25
25 15 23 24 21 15 17 0 15 17 15
19 23 24 22 17 18 23 15 0 17 25
19 21 20 25 15 15 21 17 17 0 16
25 21 17 19 23 20 25 15 25 16 0
