9
28
3 36 14 6 10 4 39 10 4 32 19 1 17 34 18 8 18 33 9 21 19 1 28 17 32 37 35 36
34 20 23 10 25 12 10 18 25 35 29 40 29 24 8 4 2 26 28 34 1 29 1 21 6 40 7 14
27 25 31 38 34 4 19 25 38 4 15 7 26 3 31 12 18 11 12 15 37 9 32 38 9 14 22 35
3 27 29 14 38 16 39 29 13 39 40 35 37 4 26 33 22 28 9 15 37 4 2 39 27 34 33 37
1 1 37 10 19 17 11 13 18 6 17 31 4 2 34 21 21 36 30 27 28 34 37 22 9 34 16 6
1 27 13 9 3 40 39 3 15 7 19 29 15 16 27 20 20 37 40 32 34 3 22 4 17 24 40 29
22 3 26 16 17 20 13 40 25 26 31 9 33 39 16 15 40 3 26 39 12 14 15 11 16 22 7 35
10 13 33 33 32 8 22 40 1 17 10 15 21 9 29 19 7 18 33 4 1 6 28 20 16 4 29 7
22 33 11 31 37 22 3 37 6 19 10 24 39 1 19 37 32 15 26 15 28 29 15 9 20 26 14 39
0 20 21 20 20 21 23 19 16 20 15
20 0 19 16 20 15 25 23 15 20 19
21 19 0 22 18 20 18 24 21 17 17
20 16 22 0 16 19 25 18 20 16 16
20 20 18 16 0 22 15 16 22 22 25
21 15 20 19 22 0 22 17 16 15 20
23 25 18 25 15 22 0 16 19 23 15
19 23 24 18 16 17 16 0 15 20 22
16 15 21 20 22 16 19 15 0 21 17
20 20 17 16 22 15 23 20 21 0 25
15 19 17 16 25 20 15 22 17 25 0
