9
30
160 118 92 18 51 106 52 33 112 138 143 64 66 2 93 133 125 20 18 47 151 120 72 17 91 156 152 124 88 103
118 158 62 14 29 52 56 110 95 67 153 144 47 37 37 46 25 93 96 154 26 85 47 154 141 154 109 29 121 29
116 88 91 33 110 106 24 160 146 134 49 59 56 152 16 110 54 51 47 80 26 124 133 145 24 108 101 115 143 15
119 49 23 17 22 160 95 73 68 55 110 142 73 123 18 39 55 140 69 100 81 13 100 144 60 9 43 64 128 47
115 42 53 4 87 46 110 9 146 111 141 5 82 58 10 52 18 53 95 36 11 111 46 17 31 36 61 21 118 65
60 109 42 86 3 32 101 88 83 49 22 138 34 4 4 55 98 125 151 72 105 95 20 119 92 94 102 30 33 75
21 85 138 93 138 76 32 45 44 83 7 83 107 9 110 130 109 157 88 15 117 50 28 89 18 121 128 34 112 141
141 28 97 73 34 95 41 159 120 94 113 12 69 75 137 34 8 30 66 76 143 132 4 96 159 153 10 100 18 110
66 31 138 131 45 24 37 12 4 88 15 147 56 20 38 70 30 140 72 160 123 2 98 96 15 10 125 18 129 71
0 15 21 20 23 25 19 24 25 15 25
15 0 16 23 22 22 16 20 19 20 24
21 16 0 17 15 17 21 20 24 15 17
20 23 17 0 19 20 18 21 25 22 20
23 22 15 19 0 17 15 19 15 23 24
25 22 17 20 17 0 17 15 21 20 25
19 16 21 18 15 17 0 20 23 18 19
24 20 20 21 19 15 20 0 23 16 23
25 19 24 25 15 21 23 23 0 19 16
15 20 15 22 23 20 18 16 19 0 18
25 24 17 20 24 25 19 23 16 18 0
