9
30
77 30 60 5 66 4 14 118 116 15 97 91 97 117 86 16 21 72 62 25 11 31 45 104 81 24 58 76 86 114
106 5 25 66 118 47 12 85 19 1 57 80 32 74 70 17 2 85 15 45 27 90 71 7 68 59 93 48 110 75
13 120 22 26 27 112 4 3 11 41 46 110 58 68 85 1 36 99 24 4 91 73 39 38 61 25 33 63 55 77
59 28 119 101 102 71 3 113 6 83 73 95 120 62 30 33 28 5 73 19 39 74 46 1 13 114 71 12 3 61
38 84 113 33 44 30 14 68 79 118 56 102 32 95 95 62 20 90 44 58 69 76 12 119 72 68 48 63 7 105
15 111 85 110 63 107 88 21 108 37 4 105 88 106 26 25 10 27 91 42 56 102 11 15 34 53 60 28 61 104
30 100 116 108 100 93 21 31 95 56 58 79 72 52 45 99 43 91 72 107 5 76 48 68 66 71 9 54 108 12
23 75 112 119 14 32 28 10 94 108 37 15 6 10 20 38 88 36 27 4 50 40 4 65 30 91 53 59 19 53
30 71 38 12 114 59 74 67 24 59 63 49 88 72 119 68 60 67 13 116 108 87 92 33 101 106 97 73 52 113
0 15 15 21 18 18 24 18 21 19 25
15 0 23 17 22 16 22 21 20 21 19
15 23 0 17 23 16 15 21 21 16 20
21 17 17 0 19 22 18 18 22 18 20
18 22 23 19 0 23 20 19 24 24 19
18 16 16 22 23 0 15 19 24 22 24
24 22 15 18 20 15 0 22 20 24 18
18 21 21 18 19 19 22 0 23 23 17
21 20 21 22 24 24 20 23 0 21 15
19 21 16 18 24 22 24 23 21 0 19
25 19 20 20 19 24 18 17 15 19 0
