9
28
6 15 1 75 47 97 117 1 33 97 59 55 25 79 3 84 71 100 103 68 12 50 47 109 3 87 8 18
115 57 110 85 18 36 26 8 120 53 100 36 2 48 96 102 69 103 114 83 52 78 24 82 76 11 109 42
61 60 69 4 42 89 7 19 69 22 81 90 84 113 60 117 17 52 96 109 5 2 116 53 95 114 31 93
83 55 65 82 84 26 21 21 62 78 23 84 109 103 115 85 37 1 35 52 40 12 77 15 81 52 79 42
110 111 15 86 19 91 107 115 73 68 80 33 29 85 70 63 111 23 69 47 26 93 20 79 34 23 75 92
46 23 57 87 34 111 104 55 55 93 53 43 76 70 13 76 109 78 100 63 98 31 48 50 112 5 40 75
62 120 55 104 120 4 113 63 16 58 46 54 25 71 17 1 9 91 74 54 101 71 81 14 64 57 98 94
81 52 4 92 71 96 16 18 116 35 86 77 79 97 15 20 2 38 60 82 116 20 47 57 4 69 60 101
116 35 19 102 43 45 84 63 49 46 47 90 114 67 69 89 50 19 94 40 75 2 42 36 57 27 69 22
0 24 21 25 18 19 18 23 24 20 23
24 0 22 21 20 23 20 19 23 16 19
21 22 0 21 18 21 21 21 15 15 20
25 21 21 0 24 25 17 25 25 18 17
18 20 18 24 0 18 21 23 16 24 17
19 23 21 25 18 0 24 20 17 18 21
18 20 21 17 21 24 0 21 21 24 17
23 19 21 25 23 20 21 0 18 24 17
24 23 15 25 16 17 21 18 0 20 19
20 16 15 18 24 18 24 24 20 0 25
23 19 20 17 17 21 17 17 19 25 0
