9
30
48 9 6 56 74 13 8 52 2 78 21 49 55 30 10 47 11 57 19 67 43 71 58 13 48 36 13 39 67 19
63 5 76 23 65 53 32 77 43 19 23 62 39 71 20 28 3 9 31 76 33 17 27 54 57 24 68 64 61 21
65 35 71 80 50 54 12 32 37 67 29 17 52 25 70 67 11 12 19 6 45 19 75 57 37 11 52 24 73 33
37 22 54 68 29 18 61 23 64 11 70 18 41 31 64 78 48 75 79 37 36 56 20 30 27 2 78 10 25 66
20 71 63 73 28 36 69 77 36 41 77 26 65 70 29 21 2 4 53 79 1 63 57 70 26 19 1 6 36 39
9 48 10 32 26 3 8 66 55 44 26 32 32 21 46 64 75 31 68 21 51 1 32 13 76 35 28 50 64 77
28 36 35 71 40 48 3 46 8 69 8 20 75 19 27 27 34 15 69 24 38 80 39 33 80 68 64 16 20 52
79 51 58 68 63 67 79 77 59 41 15 39 50 9 43 55 11 14 74 70 2 76 53 51 45 77 18 71 46 16
13 1 21 21 41 10 63 5 22 38 54 60 78 28 61 12 59 71 32 62 29 37 12 48 28 11 30 71 5 58
0 25 17 18 20 17 24 20 25 24 15
25 0 20 22 22 19 25 25 15 21 16
17 20 0 23 22 24 24 19 19 19 24
18 22 23 0 25 21 23 17 24 15 17
20 22 22 25 0 21 18 16 21 18 25
17 19 24 21 21 0 15 19 19 17 15
24 25 24 23 18 15 0 21 21 16 18
20 25 19 17 16 19 21 0 15 22 24
25 15 19 24 21 19 21 15 0 23 16
24 21 19 15 18 17 16 22 23 0 19
15 16 24 17 25 15 18 24 16 19 0
