9
28
34 56 8 47 45 33 45 2 7 51 33 28 18 60 7 34 77 8 55 54 79 63 12 78 5 34 60 15
66 80 80 61 66 1 10 21 23 69 62 51 31 57 50 77 49 75 56 22 18 22 72 13 11 57 4 19
25 74 45 69 58 43 36 19 38 31 16 33 23 9 60 9 63 38 80 47 4 12 20 1 39 66 13 56
18 48 17 71 14 51 62 36 77 73 22 49 16 52 18 57 31 64 2 40 52 35 8 58 63 56 68 22
52 5 72 54 40 73 35 42 27 31 10 58 31 38 57 57 47 9 66 41 1 16 26 64 52 28 66 18
27 42 37 51 59 23 10 7 39 31 62 48 58 19 42 26 3 59 15 28 40 51 43 22 8 74 45 68
2 69 16 62 29 41 38 54 42 26 58 34 41 24 75 11 28 73 47 35 23 13 44 54 13 71 63 69
73 39 50 41 20 46 46 78 39 61 2 74 2 48 3 37 67 66 51 77 65 46 10 52 8 41 70 32
14 52 58 22 53 62 68 3 69 34 64 42 1 37 33 14 29 41 39 13 61 4 56 32 20 20 9 75
0 17 22 24 21 17 19 20 19 18 16
17 0 18 17 16 25 22 24 18 17 20
22 18 0 23 20 20 24 20 15 15 22
24 17 23 0 16 23 19 24 20 20 21
21 16 20 16 0 17 21 15 15 18 17
17 25 20 23 17 0 24 16 22 16 23
19 22 24 19 21 24 0 19 18 20 19
20 24 20 24 15 16 19 0 16 21 25
19 18 15 20 15 22 18 16 0 15 19
18 17 15 20 18 16 20 21 15 0 18
16 20 22 21 17 23 19 25 19 18 0
