9
30
13 11 8 18 34 18 40 26 5 34 2 31 9 31 38 14 6 1 24 37 39 38 15 11 16 5 6 22 17 6
36 30 18 28 29 1 8 7 3 16 13 40 1 25 36 4 22 37 3 27 27 25 37 29 8 29 17 9 10 9
33 32 2 5 16 35 30 10 33 28 20 33 22 9 9 13 2 7 6 17 33 10 14 19 40 8 12 14 19 8
21 19 31 17 38 22 8 1 15 27 34 3 11 21 3 16 16 8 40 5 25 14 10 31 20 17 22 9 2 14
17 22 40 32 28 38 8 34 16 29 25 10 30 34 1 21 19 9 3 6 25 25 16 25 40 29 8 27 1 37
6 35 21 26 14 34 18 5 37 3 37 9 2 33 33 32 16 30 7 38 5 28 34 12 31 13 19 23 9 14
15 16 26 19 1 4 40 26 22 36 10 17 26 34 7 12 27 15 29 15 21 6 15 21 33 30 27 20 36 11
36 8 16 10 21 21 21 24 11 5 17 2 24 37 33 7 19 14 7 1 39 34 13 16 21 32 37 22 5 18
34 1 14 13 1 37 18 22 4 7 29 18 20 24 39 31 22 17 33 9 11 7 37 23 28 31 25 8 18 26
0 23 18 23 24 23 20 16 19 17 20
23 0 15 24 25 20 17 24 20 15 18
18 15 0 24 21 21 21 18 19 16 19
23 24 24 0 24 16 20 19 21 23 24
24 25 21 24 0 16 22 21 25 16 21
23 20 21 16 16 0 24 21 18 21 25
20 17 21 20 22 24 0 15 22 20 24
16 24 18 19 21 21 15 0 23 18 16
19 20 19 21 25 18 22 23 0 22 18
17 15 16 23 16 21 20 18 22 0 15
20 18 19 24 21 25 24 16 18 15 0
