10
28
65 34 71 23 20 72 15 53 14 7 18 55 25 41 47 67 66 35 74 4 11 60 16 15 9 14 8 28
76 67 19 62 37 59 35 21 59 68 66 43 36 73 35 66 21 73 1 67 3 18 12 54 9 1 20 50
1 76 40 80 51 80 16 21 33 30 37 61 29 14 19 4 26 55 5 19 63 59 58 31 49 80 24 78
28 78 37 80 60 33 4 27 56 31 23 22 38 30 24 79 65 67 71 11 26 28 62 9 68 8 7 54
40 46 70 55 48 49 65 67 2 12 26 25 60 8 19 2 45 22 7 14 80 18 32 55 6 25 78 22
16 49 51 33 27 2 2 13 33 79 32 31 57 2 54 4 34 61 72 47 32 66 56 15 61 51 18 55
18 48 55 42 74 36 53 32 60 1 29 48 47 79 69 19 72 31 2 44 13 30 29 25 41 44 74 16
26 66 48 65 10 38 57 77 36 57 51 63 36 77 34 33 71 48 35 67 9 25 36 19 78 23 19 4
31 80 42 72 48 31 17 11 55 40 31 40 54 62 28 79 41 32 58 6 50 14 64 22 30 13 1 29
80 13 57 30 78 13 68 59 47 77 23 29 48 20 1 50 64 30 16 58 28 42 45 6 61 25 78 47
0 20 19 22 20 17 20 16 18 15 16 24
20 0 23 18 18 25 15 21 20 24 15 24
19 23 0 20 15 17 21 17 21 21 16 15
22 18 20 0 16 19 20 16 16 21 18 18
20 18 15 16 0 16 16 18 24 23 16 21
17 25 17 19 16 0 21 20 21 16 21 16
20 15 21 20 16 21 0 17 22 19 25 24
16 21 17 16 18 20 17 0 22 20 16 17
18 20 21 16 24 21 22 22 0 21 24 19
15 24 21 21 23 16 19 20 21 0 24 24
16 15 16 18 16 21 25 16 24 24 0 15
24 24 15 18 21 16 24 17 19 24 15 0
