10
30
36 27 22 39 31 9 15 2 3 5 24 4 16 27 18 5 20 24 13 19 29 36 16 8 1 6 11 18 26 8
32 1 33 31 13 40 38 15 21 27 8 27 37 5 22 14 13 9 27 22 6 2 39 32 25 26 32 23 33 29
37 13 33 14 27 31 34 35 31 37 40 4 32 18 22 7 40 35 37 39 3 5 25 29 6 3 30 36 25 21
9 30 1 30 23 33 10 2 22 8 1 26 39 26 15 30 33 9 14 20 16 28 36 7 11 22 16 23 39 29
13 31 5 33 2 18 1 10 9 16 12 26 14 28 16 13 8 23 15 35 40 40 39 27 21 38 17 24 38 38
9 8 30 33 37 17 5 20 20 4 14 18 29 9 29 6 12 33 9 2 28 32 13 24 15 23 5 11 15 39
27 17 24 5 26 36 24 16 4 14 20 7 39 39 12 14 18 30 32 2 40 32 40 12 36 37 34 37 14 1
4 37 18 5 11 13 19 24 28 33 21 7 29 6 34 23 40 29 10 3 7 26 14 8 25 33 33 8 21 40
39 2 7 7 8 12 18 29 23 31 9 13 9 36 32 32 21 14 16 5 22 6 36 9 26 6 17 24 9 30
12 16 6 33 28 6 25 15 26 40 35 32 38 15 2 19 12 20 22 37 13 23 31 1 32 20 1 20 23 19
0 24 19 22 25 20 23 21 25 17 24 25
24 0 16 21 23 21 17 25 16 22 24 21
19 16 0 16 17 21 18 24 17 19 21 22
22 21 16 0 21 17 18 19 24 20 17 19
25 23 17 21 0 15 17 18 18 17 15 15
20 21 21 17 15 0 22 15 20 21 20 25
23 17 18 18 17 22 0 16 17 24 15 20
21 25 24 19 18 15 16 0 22 21 22 17
25 16 17 24 18 20 17 22 0 20 17 23
17 22 19 20 17 21 24 21 20 0 16 23
24 24 21 17 15 20 15 22 17 16 0 19
25 21 22 19 15 25 20 17 23 23 19 0
