10
30
56 110 98 50 63 41 120 104 53 15 69 99 90 108 51 110 19 44 24 87 45 79 29 114 22 81 15 2 101 109
93 45 116 104 107 41 72 94 102 102 40 30 101 43 27 80 117 48 71 58 106 40 94 68 71 93 28 38 65 86
33 84 67 7 103 26 81 88 94 16 84 119 87 62 115 22 71 83 120 2 13 91 62 45 40 61 101 76 101 35
67 78 58 85 95 1 69 114 34 117 85 87 54 29 65 105 86 44 13 53 13 22 96 100 53 70 9 51 52 95
44 29 88 45 110 120 106 10 12 112 17 74 85 36 1 76 107 46 80 67 73 65 64 120 2 28 81 28 85 74
4 5 26 27 80 58 90 66 45 51 54 92 63 11 46 119 100 58 58 100 18 117 4 105 19 27 120 80 51 81
96 59 104 15 113 105 55 34 76 88 101 104 8 42 32 115 56 113 57 8 59 35 82 77 17 50 25 62 36 99
26 95 35 94 4 24 61 101 43 54 12 7 44 30 30 47 101 3 117 104 97 14 113 46 81 33 52 70 77 80
57 35 76 7 19 109 62 80 4 13 88 119 96 44 35 13 104 97 10 81 72 44 52 32 38 97 30 43 17 67
92 45 73 53 66 97 46 117 53 5 82 52 29 50 80 53 30 44 9 55 27 8 82 64 62 106 74 4 94 35
0 21 24 22 15 18 18 15 23 18 25 24
21 0 24 25 23 21 18 16 18 17 17 15
24 24 0 16 20 18 19 21 22 23 17 23
22 25 16 0 17 20 22 24 17 16 18 20
15 23 20 17 0 16 19 17 22 19 20 21
18 21 18 20 16 0 23 25 21 17 18 16
18 18 19 22 19 23 0 23 21 24 25 17
15 16 21 24 17 25 23 0 21 23 25 25
23 18 22 17 22 21 21 21 0 18 15 15
18 17 23 16 19 17 24 23 18 0 20 17
25 17 17 18 20 18 25 25 15 20 0 24
24 15 23 20 21 16 17 25 15 17 24 0
