10
28
18 132 136 23 88 156 17 88 16 143 141 117 129 124 90 11 94 7 80 152 96 122 1 80 37 123 44 53
71 52 38 112 50 131 77 4 42 48 92 88 86 91 108 27 160 16 68 97 108 140 136 103 106 48 87 93
47 26 24 94 20 18 62 122 41 10 94 6 28 15 58 91 35 95 2 130 135 36 103 88 122 53 149 22
49 147 111 58 118 159 98 48 53 133 155 38 51 121 26 64 42 98 45 16 115 56 137 129 85 33 32 36
28 18 154 15 93 100 158 135 159 2 116 87 3 41 133 102 5 50 3 69 91 102 147 85 5 58 140 16
99 80 36 22 96 116 136 75 153 107 150 25 74 58 59 80 82 89 41 20 27 100 31 148 11 156 16 88
129 138 100 110 114 11 156 88 26 68 147 73 112 64 147 17 159 115 46 27 82 18 140 15 45 38 106 67
157 100 51 46 152 45 26 50 113 113 93 147 53 97 61 75 134 133 20 10 53 106 62 132 112 73 84 141
106 112 101 109 131 48 156 88 42 137 93 87 26 66 83 38 51 134 25 41 96 66 115 56 8 106 75 123
50 58 144 23 138 59 139 55 72 16 33 132 6 39 25 66 54 51 113 17 5 30 98 45 14 133 102 104
0 25 22 24 15 21 23 16 19 23 23 16
25 0 22 17 22 17 19 15 21 19 16 21
22 22 0 19 24 16 19 17 25 24 21 23
24 17 19 0 24 23 17 23 22 22 17 15
15 22 24 24 0 18 19 21 16 19 17 24
21 17 16 23 18 0 23 17 16 25 18 16
23 19 19 17 19 23 0 16 21 22 17 21
16 15 17 23 21 17 16 0 21 18 15 24
19 21 25 22 16 16 21 21 0 25 15 15
23 19 24 22 19 25 22 18 25 0 22 22
23 16 21 17 17 18 17 15 15 22 0 15
16 21 23 15 24 16 21 24 15 22 15 0
