10
28
37 28 23 24 34 7 28 36 32 9 27 24 1 29 36 1 7 27 34 3 8 15 33 1 24 1 25 33
32 38 18 14 3 2 29 15 3 18 6 27 18 34 21 13 21 6 1 11 8 21 5 24 26 10 38 24
27 4 33 9 6 23 3 18 38 30 34 31 38 11 1 11 23 31 26 29 35 30 14 40 39 27 34 4
18 13 16 7 6 21 6 7 7 6 7 11 40 12 24 30 10 13 26 19 12 33 1 25 9 29 7 34
8 29 4 8 6 19 2 34 5 19 32 22 14 19 35 2 3 22 20 25 20 40 8 11 36 18 38 15
21 20 2 11 36 40 20 7 1 3 1 25 29 20 16 13 18 9 19 31 36 35 5 15 19 16 11 8
6 28 4 2 10 7 33 8 1 24 36 24 27 4 5 26 38 10 37 39 36 20 15 25 39 18 6 7
23 10 5 23 21 7 28 8 26 30 7 35 33 32 6 17 38 13 31 11 8 26 23 28 8 33 35 8
15 8 27 29 21 18 28 18 14 9 14 2 20 9 25 11 1 20 21 7 31 9 18 1 20 21 20 35
31 5 6 8 13 25 34 37 36 26 18 6 35 2 32 33 13 16 36 13 14 9 12 30 11 39 14 20
0 24 22 18 24 15 15 20 18 20 24 17
24 0 16 16 16 21 22 23 18 16 17 21
22 16 0 22 25 21 15 21 23 17 25 21
18 16 22 0 25 23 20 19 19 19 20 22
24 16 25 25 0 17 16 24 20 19 21 25
15 21 21 23 17 0 24 24 18 16 16 18
15 22 15 20 16 24 0 24 22 18 15 21
20 23 21 19 24 24 24 0 19 20 18 24
18 18 23 19 20 18 22 19 0 15 20 21
20 16 17 19 19 16 18 20 15 0 16 25
24 17 25 20 21 16 15 18 20 16 0 16
17 21 21 22 25 18 21 24 21 25 16 0
