10
30
6 10 11 11 34 1 29 21 19 32 24 21 32 7 28 15 36 22 16 40 35 10 35 38 2 20 20 3 14 18
2 11 10 20 34 13 17 12 18 37 2 6 6 5 19 2 16 7 3 31 3 33 7 28 7 30 30 37 16 37
27 31 32 4 38 26 7 1 10 23 21 2 11 21 22 35 7 8 14 2 13 9 6 14 10 40 28 36 26 9
40 2 12 31 3 19 35 5 21 9 12 14 39 14 30 21 6 8 10 17 23 25 11 18 9 16 7 18 39 34
38 6 10 18 21 34 8 23 35 12 21 18 31 15 11 24 12 4 17 4 34 32 34 28 25 24 20 20 6 28
19 16 24 34 1 20 32 20 29 39 40 25 17 27 34 17 13 7 11 30 21 3 14 18 22 34 12 32 21 7
6 4 17 34 25 7 13 32 2 3 22 38 40 20 5 22 16 20 5 39 9 11 38 13 30 38 10 40 12 25
9 40 27 36 4 1 24 32 6 20 35 18 25 8 27 23 28 8 36 26 37 24 18 21 17 19 29 12 3 2
7 26 11 22 31 33 16 35 36 22 22 28 36 19 28 22 4 17 25 24 20 14 34 17 10 1 4 23 9 37
28 38 34 22 8 14 12 40 17 32 16 26 15 9 6 22 7 24 14 18 24 13 28 31 15 28 33 11 38 38
0 22 20 21 19 15 17 15 22 18 18 16
22 0 18 18 20 15 16 16 17 16 17 17
20 18 0 22 15 19 24 19 25 15 17 25
21 18 22 0 24 19 18 15 18 20 20 24
19 20 15 24 0 18 17 17 17 20 17 21
15 15 19 19 18 0 16 19 16 22 20 22
17 16 24 18 17 16 0 25 25 15 17 23
15 16 19 15 17 19 25 0 16 23 20 23
22 17 25 18 17 16 25 16 0 20 22 20
18 16 15 20 20 22 15 23 20 0 19 15
18 17 17 20 17 20 17 20 22 19 0 17
16 17 25 24 21 22 23 23 20 15 17 0
