10
30
7 57 75 70 1 82 90 51 85 49 46 105 82 44 84 72 73 108 104 2 23 89 120 115 4 51 38 80 11 91
88 61 85 79 104 45 107 20 36 20 40 10 58 120 96 9 1 74 5 32 17 24 9 85 10 31 107 108 93 68
57 73 26 68 105 41 76 104 63 75 90 92 35 116 89 66 106 97 51 108 117 50 62 73 73 85 5 77 8 25
9 120 119 79 58 73 44 36 44 34 38 16 17 51 88 75 13 10 61 92 44 25 75 13 74 30 47 83 31 77
70 28 40 9 31 17 60 88 99 41 44 100 56 84 1 18 24 73 77 31 78 77 2 57 83 65 79 23 15 106
97 91 104 81 43 36 72 104 64 108 51 82 79 18 104 44 102 7 16 38 110 82 29 93 102 119 97 120 60 6
5 63 23 10 40 120 106 46 73 39 34 30 80 88 75 45 73 85 82 38 73 30 114 46 107 86 100 60 34 60
35 101 12 111 65 1 87 103 79 85 114 64 63 89 109 29 32 29 25 39 31 4 112 90 95 120 59 39 53 74
23 116 114 62 4 79 17 56 109 28 29 82 63 20 11 102 68 32 117 13 85 12 13 120 16 27 51 112 118 22
74 40 56 88 116 79 6 37 46 90 38 28 33 79 72 57 61 105 1 97 109 120 114 107 9 96 109 66 71 18
0 24 19 16 20 15 22 19 18 20 22 24
24 0 18 15 22 22 22 20 15 21 22 23
19 18 0 20 15 23 15 18 18 25 23 19
16 15 20 0 19 23 15 22 19 23 17 15
20 22 15 19 0 25 18 15 25 18 22 15
15 22 23 23 25 0 19 20 23 25 15 20
22 22 15 15 18 19 0 17 18 24 23 25
19 20 18 22 15 20 17 0 15 22 22 22
18 15 18 19 25 23 18 15 0 23 22 23
20 21 25 23 18 25 24 22 23 0 18 16
22 22 23 17 22 15 23 22 22 18 0 17
24 23 19 15 15 20 25 22 23 16 17 0
