10
30
12 22 20 40 20 3 31 26 28 6 24 7 15 12 7 23 18 15 25 6 31 17 34 12 22 35 19 22 19 33
33 35 4 35 7 18 14 30 34 29 31 2 35 39 31 29 7 6 23 18 29 12 13 1 30 36 10 10 32 28
19 21 39 15 29 24 6 33 29 39 34 18 11 34 10 6 22 4 39 1 23 14 22 9 12 13 9 26 5 20
22 20 6 11 40 26 22 32 2 32 8 10 9 18 1 19 36 25 13 38 25 8 37 20 3 40 1 21 19 15
34 14 7 5 13 15 7 7 19 33 34 15 9 13 39 20 4 7 14 23 17 28 17 38 12 16 26 12 14 18
19 4 6 38 24 37 26 4 36 16 9 25 5 3 6 12 14 33 29 19 34 7 30 23 7 32 37 6 3 9
19 19 7 7 13 2 6 23 21 6 17 20 33 40 26 9 7 28 29 37 18 22 19 32 6 30 12 29 27 13
16 39 7 36 16 11 29 33 36 1 1 30 5 14 1 16 16 17 23 25 7 30 21 21 18 38 37 28 35 7
7 34 38 14 33 13 7 33 19 11 31 1 25 11 4 13 23 36 36 20 40 37 1 5 12 7 4 38 20 39
30 4 29 35 40 15 25 27 20 34 37 19 6 14 9 12 36 11 4 28 2 13 8 7 32 12 11 26 31 1
0 23 19 23 17 24 23 22 18 24 17 18
23 0 15 23 19 15 25 18 16 17 16 24
19 15 0 22 16 18 16 15 19 15 19 15
23 23 22 0 16 15 24 19 16 18 18 18
17 19 16 16 0 21 16 22 16 15 15 20
24 15 18 15 21 0 23 20 22 24 25 25
23 25 16 24 16 23 0 22 22 23 16 25
22 18 15 19 22 20 22 0 23 18 21 20
18 16 19 16 16 22 22 23 0 25 24 15
24 17 15 18 15 24 23 18 25 0 24 22
17 16 19 18 15 25 16 21 24 24 0 22
18 24 15 18 20 25 25 20 15 22 22 0
