11
28
93 101 156 28 93 49 50 41 40 38 55 134 30 18 145 129 54 10 107 97 156 127 47 30 96 32 115 84
28 103 44 110 62 126 97 18 147 82 128 140 5 76 136 87 58 48 35 32 47 86 16 104 93 84 34 152
9 44 12 64 97 84 75 89 140 68 58 99 75 95 154 149 122 135 150 96 156 24 54 126 79 38 147 153
158 153 132 89 25 127 66 73 29 68 159 75 86 18 14 124 76 126 101 13 25 79 30 103 149 108 10 55
126 2 98 125 86 93 104 36 12 2 66 151 95 97 39 140 123 97 117 86 130 136 110 142 18 58 91 42
29 77 32 146 101 57 122 137 11 10 33 78 7 152 10 40 34 133 8 157 129 120 122 8 19 92 91 50
20 1 35 10 87 119 2 51 94 158 3 105 148 137 79 103 64 89 123 135 132 70 4 125 35 133 87 159
43 108 121 56 78 111 78 128 158 66 39 71 106 114 15 141 127 155 146 106 36 131 84 114 89 67 143 90
156 122 55 43 108 43 74 32 60 24 4 136 10 127 42 113 58 75 64 5 115 31 79 46 75 60 160 158
50 109 109 54 99 78 46 59 12 121 145 148 96 24 155 76 31 51 23 155 132 157 137 91 104 53 31 30
43 87 61 20 55 149 124 125 78 32 87 81 45 135 82 56 17 71 37 44 127 23 92 51 124 140 24 73
0 17 23 17 21 23 23 21 21 19 17 15 22
17 0 22 19 19 24 25 19 22 16 21 19 22
23 22 0 16 15 16 16 16 21 17 21 20 24
17 19 16 0 18 15 17 18 16 24 25 20 21
21 19 15 18 0 21 22 18 23 23 19 22 17
23 24 16 15 21 0 24 20 24 23 24 24 24
23 25 16 17 22 24 0 16 15 23 23 21 16
21 19 16 18 18 20 16 0 21 18 16 17 24
21 22 21 16 23 24 15 21 0 15 20 21 19
19 16 17 24 23 23 23 18 15 0 15 17 25
17 21 21 25 19 24 23 16 20 15 0 18 21
15 19 20 20 22 24 21 17 21 17 18 0 16
22 22 24 21 17 24 16 24 19 25 21 16 0
