11
28
58 30 5 40 81 78 46 114 23 110 102 117 70 54 23 96 47 3 114 2 82 99 101 72 76 97 83 115
12 112 35 112 81 105 76 57 51 18 70 117 76 30 48 87 17 99 113 5 81 115 56 23 81 49 99 50
70 116 43 1 6 51 111 45 84 25 70 67 70 12 9 76 16 17 80 83 74 19 24 90 21 87 8 3
12 12 55 92 77 47 30 27 105 32 22 3 37 7 57 12 11 118 80 43 39 80 18 104 117 61 72 93
25 43 89 12 69 18 4 37 97 110 1 10 105 76 59 99 52 111 78 76 46 23 107 42 30 19 34 10
23 61 45 105 120 82 120 30 5 116 57 67 115 31 24 1 74 71 36 56 73 68 65 59 55 65 118 41
11 115 34 72 46 55 94 35 12 45 29 58 31 31 117 79 113 107 74 7 49 53 79 13 27 70 105 82
42 56 68 78 22 104 60 37 15 4 5 23 45 103 18 91 105 53 33 67 75 57 42 120 120 17 100 13
70 116 38 94 104 98 7 118 63 77 47 59 95 45 27 3 106 86 2 49 34 16 9 91 29 109 60 51
109 71 107 17 90 100 71 115 41 89 116 99 86 110 17 87 89 104 20 4 98 27 42 21 92 109 66 115
79 106 32 4 24 9 100 15 77 97 94 79 8 69 27 51 55 12 88 109 77 44 113 24 32 110 24 29
0 23 24 19 23 16 16 24 24 16 23 23 21
23 0 24 24 25 24 25 18 23 24 19 18 18
24 24 0 24 25 24 18 18 16 25 24 16 18
19 24 24 0 23 23 15 20 19 19 17 18 16
23 25 25 23 0 15 23 22 25 19 16 20 22
16 24 24 23 15 0 22 20 25 24 19 22 24
16 25 18 15 23 22 0 20 24 17 15 15 15
24 18 18 20 22 20 20 0 15 18 24 22 24
24 23 16 19 25 25 24 15 0 15 23 20 20
16 24 25 19 19 24 17 18 15 0 21 16 22
23 19 24 17 16 19 15 24 23 21 0 15 25
23 18 16 18 20 22 15 22 20 16 15 0 20
21 18 18 16 22 24 15 24 20 22 25 20 0
