11
28
155 151 154 12 127 20 120 81 46 107 12 49 143 68 150 133 153 147 96 59 148 80 92 11 99 148 104 80
105 29 53 104 15 15 55 24 64 26 4 97 82 152 96 114 45 2 128 66 109 26 158 34 97 30 77 137
39 150 54 109 3 28 63 85 19 2 9 77 119 106 121 94 24 66 81 97 54 58 152 152 21 6 159 18
147 83 137 88 67 34 39 154 160 123 133 81 37 104 31 143 26 17 14 51 83 58 141 24 59 17 130 5
127 44 149 70 118 25 129 87 152 88 77 32 29 17 53 83 96 99 143 128 130 83 96 63 5 63 30 120
51 119 150 117 16 18 58 66 105 51 136 21 60 102 108 16 69 89 150 93 125 75 6 41 77 11 82 30
122 158 116 41 83 48 130 3 111 131 95 63 140 5 33 100 23 144 40 46 102 111 17 83 140 120 86 107
152 86 56 124 100 63 96 34 109 44 84 98 85 49 69 81 68 155 99 93 8 15 7 148 80 81 8 80
138 28 90 6 78 157 74 83 42 129 17 48 53 127 85 13 160 112 126 118 118 46 6 48 3 12 80 120
106 64 123 72 56 65 56 25 40 130 70 11 22 40 110 153 45 128 53 126 117 80 62 102 8 44 3 81
50 102 123 69 79 14 17 149 131 91 32 144 98 141 24 145 85 52 31 100 78 119 83 156 96 40 125 95
0 24 23 20 25 21 21 17 19 16 22 17 25
24 0 20 24 17 24 21 20 22 16 25 24 23
23 20 0 21 21 19 19 21 25 24 24 24 16
20 24 21 0 20 16 18 18 25 21 20 23 18
25 17 21 20 0 24 21 16 22 23 17 17 15
21 24 19 16 24 0 24 24 25 19 22 20 17
21 21 19 18 21 24 0 15 20 18 22 18 17
17 20 21 18 16 24 15 0 18 18 15 20 25
19 22 25 25 22 25 20 18 0 17 25 15 18
16 16 24 21 23 19 18 18 17 0 19 25 17
22 25 24 20 17 22 22 15 25 19 0 22 17
17 24 24 23 17 20 18 20 15 25 22 0 20
25 23 16 18 15 17 17 25 18 17 17 20 0
