11
28
109 106 34 110 120 30 63 36 40 107 111 24 25 7 105 97 64 113 100 110 77 16 94 24 94 72 60 7
8 57 41 66 80 71 22 52 64 77 68 56 19 49 76 110 24 92 59 21 17 13 4 4 21 22 112 118
69 101 87 81 79 38 68 33 61 96 93 73 14 49 55 111 79 90 104 58 69 109 51 108 96 101 100 93
60 102 12 86 98 24 52 60 32 75 8 80 86 56 111 69 72 41 49 8 35 32 63 46 117 91 73 80
76 92 102 82 9 30 44 33 18 63 6 77 16 107 1 52 19 44 14 92 55 29 112 5 17 117 13 97
24 64 79 99 26 27 97 97 60 57 51 31 116 92 97 30 21 73 20 27 50 35 17 110 29 58 10 107
100 48 85 100 57 44 97 41 57 25 45 116 102 70 33 48 72 17 10 14 56 26 104 18 102 48 41 1
65 120 106 62 34 1 38 84 16 20 101 111 31 117 88 28 103 21 117 94 120 66 8 48 109 92 110 12
53 106 15 76 36 48 72 72 98 26 2 54 109 53 110 35 64 83 19 118 44 99 13 22 107 32 72 120
51 94 110 109 9 117 104 43 116 2 42 63 13 95 48 35 109 48 109 48 119 85 114 78 39 88 65 109
76 39 76 56 18 92 120 73 45 88 116 88 95 15 81 16 45 20 2 61 83 85 54 52 65 90 2 11
0 17 15 18 20 17 24 15 23 24 20 22 23
17 0 23 21 25 22 22 21 25 25 16 19 18
15 23 0 23 16 21 22 19 24 16 20 25 19
18 21 23 0 22 18 25 22 21 18 24 19 16
20 25 16 22 0 19 22 22 18 18 25 17 20
17 22 21 18 19 0 21 23 18 25 23 16 20
24 22 22 25 22 21 0 24 19 19 21 25 18
15 21 19 22 22 23 24 0 16 18 15 23 20
23 25 24 21 18 18 19 16 0 22 17 17 24
24 25 16 18 18 25 19 18 22 0 21 17 16
20 16 20 24 25 23 21 15 17 21 0 16 16
22 19 25 19 17 16 25 23 17 17 16 0 17
23 18 19 16 20 20 18 20 24 16 16 17 0
