11
30
26 27 40 13 37 32 24 1 38 3 31 30 12 38 19 31 10 11 13 12 20 29 23 36 14 17 37 19 29 13
39 13 23 8 15 27 38 30 14 1 27 40 15 6 5 40 6 9 33 5 21 11 31 12 26 22 1 36 14 13
1 29 9 21 14 24 16 22 15 15 7 3 40 20 5 3 2 36 36 2 24 26 29 40 17 4 17 22 16 22
12 34 23 34 3 14 10 38 4 20 4 4 25 36 14 38 29 10 23 37 18 32 14 20 15 36 40 35 36 3
32 11 2 29 18 28 13 9 26 2 4 33 7 13 11 30 9 12 23 27 19 17 25 2 35 21 36 24 30 33
40 26 28 2 17 17 19 5 9 4 39 17 35 36 27 39 16 18 8 32 29 26 7 30 16 14 14 39 26 17
35 32 9 38 12 1 13 15 16 34 15 37 21 16 4 36 35 14 40 7 28 38 35 32 18 1 2 19 38 38
18 21 12 19 30 21 39 7 38 29 7 27 37 5 18 19 11 37 21 25 30 27 19 4 32 35 37 38 32 31
10 40 11 7 7 29 11 3 32 40 33 14 6 37 7 20 15 7 38 15 17 21 9 3 19 1 25 31 30 23
7 5 33 8 21 34 3 40 4 35 10 9 24 14 37 39 16 11 17 28 11 38 26 12 3 14 32 15 21 16
17 12 17 13 33 17 27 13 2 25 29 9 5 35 2 7 4 8 9 12 30 32 34 22 32 30 40 15 25 21
0 21 20 20 16 23 24 18 20 22 25 15 24
21 0 18 25 24 16 17 24 22 22 16 21 19
20 18 0 20 20 16 24 18 19 21 21 23 25
20 25 20 0 25 20 17 21 15 17 23 20 16
16 24 20 25 0 15 16 25 18 17 15 18 15
23 16 16 20 15 0 23 20 22 21 23 25 19
24 17 24 17 16 23 0 22 23 21 24 22 22
18 24 18 21 25 20 22 0 23 17 21 16 23
20 22 19 15 18 22 23 23 0 24 23 25 17
22 22 21 17 17 21 21 17 24 0 19 25 24
25 16 21 23 15 23 24 21 23 19 0 21 19
15 21 23 20 18 25 22 16 25 25 21 0 23
24 19 25 16 15 19 22 23 17 24 19 23 0
