11
28
7 33 10 94 38 28 44 77 51 87 12 41 117 72 61 28 20 13 93 85 117 90 49 104 18 49 23 65
18 1 22 68 5 62 91 43 46 106 57 101 15 83 13 74 6 96 79 19 36 13 99 80 89 114 112 49
36 38 59 9 73 9 89 3 1 89 117 100 82 2 8 2 9 34 113 67 97 108 40 44 90 31 118 61
83 117 105 74 11 80 34 57 97 58 108 18 47 4 22 117 59 62 75 75 10 38 72 89 60 50 12 111
78 31 96 15 74 23 92 43 104 9 19 38 16 51 76 12 88 92 82 43 21 106 49 76 75 60 56 73
72 88 1 92 41 2 75 36 97 85 48 61 36 86 94 17 48 72 16 1 97 68 119 119 28 113 106 26
27 42 112 24 33 103 107 94 98 103 51 100 69 37 64 31 105 105 14 6 11 45 91 50 62 59 53 37
52 90 61 113 71 78 105 115 97 54 79 19 18 12 38 28 83 69 48 47 101 75 18 107 80 35 103 104
101 52 68 63 90 82 103 119 55 69 96 109 104 70 13 12 83 40 25 106 67 25 62 11 78 4 12 32
23 73 8 16 90 92 4 64 119 37 106 21 59 60 63 44 102 71 63 114 54 46 53 94 87 100 44 72
118 86 48 106 18 111 3 55 11 7 21 99 92 17 108 23 42 41 21 59 7 53 105 13 65 67 96 46
0 25 23 20 18 18 20 22 15 21 24 18 15
25 0 16 25 21 21 15 19 22 20 21 23 25
23 16 0 19 24 24 20 17 20 16 23 20 18
20 25 19 0 23 21 20 19 18 17 24 15 25
18 21 24 23 0 23 22 20 18 16 20 17 25
18 21 24 21 23 0 25 15 25 19 17 19 19
20 15 20 20 22 25 0 21 24 24 25 18 24
22 19 17 19 20 15 21 0 18 18 17 19 21
15 22 20 18 18 25 24 18 0 21 20 18 15
21 20 16 17 16 19 24 18 21 0 22 25 22
24 21 23 24 20 17 25 17 20 22 0 21 16
18 23 20 15 17 19 18 19 18 25 21 0 16
15 25 18 25 25 19 24 21 15 22 16 16 0
