11
30
3 112 109 35 91 58 118 86 95 83 58 83 76 61 38 79 56 29 56 62 86 60 111 50 101 28 45 35 26 2
60 23 103 56 17 106 119 46 63 78 47 50 97 58 115 57 75 24 47 59 105 119 85 34 88 112 57 75 115 57
8 109 37 51 12 92 116 19 101 61 110 99 120 63 30 2 47 75 25 103 62 57 28 43 110 110 56 109 106 43
24 82 104 41 119 18 53 30 14 103 7 109 3 110 54 11 51 19 46 97 107 21 49 107 55 119 5 36 48 59
23 47 13 67 47 53 110 81 41 76 33 78 31 11 14 3 31 108 30 25 32 94 47 10 63 114 86 35 17 30
75 72 38 49 87 23 108 51 109 95 9 87 9 7 71 34 49 63 69 30 110 119 94 4 7 120 29 71 67 41
111 12 11 75 41 80 85 88 91 119 71 43 90 29 109 120 74 95 17 18 33 67 25 88 28 26 69 91 7 44
35 83 54 94 9 33 91 108 66 49 27 13 80 63 37 55 80 40 13 65 31 1 55 90 101 99 27 31 77 17
90 36 10 38 65 4 28 63 99 71 71 16 41 72 107 33 33 109 91 57 98 30 9 117 64 25 41 72 113 71
47 25 3 66 54 5 42 11 47 78 62 44 110 85 1 93 106 57 30 120 59 32 63 9 9 60 81 37 101 56
106 38 29 105 81 46 9 66 58 61 92 12 93 15 52 49 72 91 6 118 117 58 47 50 76 31 97 45 5 6
0 18 25 25 24 16 22 19 21 24 22 16 23
18 0 17 17 19 19 18 15 19 18 16 22 19
25 17 0 25 25 23 18 20 15 16 19 18 15
25 17 25 0 15 24 18 22 20 19 15 25 25
24 19 25 15 0 20 20 17 18 19 24 23 22
16 19 23 24 20 0 19 23 15 22 20 18 23
22 18 18 18 20 19 0 20 25 22 25 20 22
19 15 20 22 17 23 20 0 21 20 22 22 22
21 19 15 20 18 15 25 21 0 22 15 23 25
24 18 16 19 19 22 22 20 22 0 21 20 17
22 16 19 15 24 20 25 22 15 21 0 19 16
16 22 18 25 23 18 20 22 23 20 19 0 18
23 19 15 25 22 23 22 22 25 17 16 18 0
