11
28
40 36 21 32 134 94 39 27 81 158 61 32 77 139 43 34 62 6 21 79 45 153 10 157 81 36 11 31
90 65 89 75 78 24 23 28 5 108 143 55 147 1 104 153 73 3 116 21 118 38 32 38 17 77 86 143
9 6 65 48 159 156 61 50 55 38 141 157 157 89 51 146 82 86 71 50 50 107 111 79 82 45 18 111
48 62 12 115 143 102 45 63 8 108 72 81 112 50 137 129 50 110 78 148 33 104 42 38 21 136 98 102
145 97 49 34 82 157 123 71 127 74 124 86 9 160 53 107 58 25 20 81 100 40 110 133 93 102 56 55
48 38 103 71 135 71 138 113 119 37 119 111 29 152 22 132 27 107 73 6 152 147 121 3 32 81 115 85
66 105 155 155 113 63 69 12 45 37 20 132 55 63 105 33 36 101 70 66 22 38 111 135 8 22 84 137
126 158 52 83 58 24 155 23 104 111 37 134 51 53 3 66 131 27 100 28 27 152 143 6 102 91 23 105
130 108 42 31 31 139 8 150 3 28 142 134 1 28 128 6 140 61 106 66 153 100 74 21 27 95 84 8
91 152 47 7 143 20 147 100 131 98 92 58 6 144 103 13 72 44 92 153 23 15 156 128 72 108 151 80
76 131 3 3 152 98 62 8 136 92 11 150 92 127 39 9 38 156 22 97 13 105 93 15 155 77 49 47
0 17 15 19 25 15 17 24 18 22 15 15 24
17 0 25 19 25 25 25 21 17 21 23 15 18
15 25 0 18 15 20 21 17 15 18 18 21 19
19 19 18 0 24 16 21 15 16 24 23 22 23
25 25 15 24 0 15 24 17 19 20 22 24 17
15 25 20 16 15 0 22 21 19 25 16 15 20
17 25 21 21 24 22 0 17 23 25 15 19 16
24 21 17 15 17 21 17 0 17 24 24 20 19
18 17 15 16 19 19 23 17 0 15 22 25 24
22 21 18 24 20 25 25 24 15 0 23 17 18
15 23 18 23 22 16 15 24 22 23 0 19 23
15 15 21 22 24 15 19 20 25 17 19 0 22
24 18 19 23 17 20 16 19 24 18 23 22 0
