11
30
2 2 85 51 79 108 143 58 117 136 12 45 157 2 126 30 91 70 118 26 93 11 83 36 113 54 45 142 127 50
22 2 92 141 68 68 99 67 40 118 141 94 24 73 160 42 15 154 121 80 16 34 19 14 145 9 95 94 111 38
34 144 136 12 132 117 134 123 144 90 15 58 126 151 30 84 56 9 56 22 155 88 44 49 6 64 78 121 99 79
68 38 140 133 48 86 60 149 26 84 41 136 41 146 159 141 126 134 151 48 38 108 31 136 129 36 119 93 115 96
48 55 117 15 19 92 14 29 49 99 56 51 133 17 29 22 24 146 157 139 64 123 15 98 125 137 95 62 155 145
69 107 48 28 108 134 128 98 7 71 31 136 151 3 53 69 110 30 107 49 146 31 101 101 21 146 7 135 20 141
51 17 157 1 56 47 136 118 61 143 61 101 158 50 149 104 75 116 150 11 24 84 120 117 136 107 132 24 110 131
114 87 14 95 85 134 62 26 109 119 71 65 27 77 130 81 83 32 129 117 89 114 66 30 75 1 102 25 145 2
160 125 128 65 98 23 29 123 11 32 106 83 71 109 88 99 145 40 74 115 84 10 3 5 49 154 65 15 144 24
98 102 20 27 101 106 68 25 102 42 38 127 74 7 126 55 98 65 98 113 58 24 103 117 71 53 9 153 11 128
28 149 114 141 25 115 26 84 56 21 142 103 120 98 35 70 67 149 157 87 96 126 81 123 155 160 142 50 21 36
0 21 18 16 18 21 16 20 17 24 21 17 18
21 0 23 20 24 15 20 18 22 17 19 23 22
18 23 0 22 22 24 24 15 17 15 22 23 15
16 20 22 0 17 15 15 16 17 15 19 15 18
18 24 22 17 0 18 17 17 21 16 19 20 23
21 15 24 15 18 0 16 23 18 22 21 21 15
16 20 24 15 17 16 0 18 21 24 20 15 23
20 18 15 16 17 23 18 0 21 21 25 24 24
17 22 17 17 21 18 21 21 0 18 21 25 22
24 17 15 15 16 22 24 21 18 0 16 24 18
21 19 22 19 19 21 20 25 21 16 0 15 17
17 23 23 15 20 21 15 24 25 24 15 0 22
18 22 15 18 23 15 23 24 22 18 17 22 0
