11
28
1 38 15 18 23 35 30 9 28 26 8 33 8 22 7 31 3 27 23 21 36 23 18 13 20 23 14 2
8 7 27 21 8 4 38 10 29 29 27 26 35 23 26 27 34 20 26 6 31 15 26 27 30 13 2 27
36 39 1 13 3 40 24 31 9 28 37 33 20 10 13 34 12 20 31 24 18 21 17 22 40 27 30 32
24 36 11 31 24 11 34 5 17 3 12 26 39 35 6 36 12 15 31 15 39 27 15 15 17 32 24 3
40 33 20 15 10 15 36 35 25 3 24 13 32 28 27 5 8 13 14 25 17 7 19 28 12 33 5 36
39 40 10 25 14 2 23 3 11 32 21 30 16 36 12 26 14 27 14 4 33 21 29 28 39 24 26 39
10 15 30 35 16 26 23 8 12 40 34 29 20 34 13 30 13 20 15 18 16 14 7 28 15 29 25 39
15 5 8 25 8 22 39 35 40 23 7 34 24 10 22 29 40 30 16 38 33 35 11 33 10 20 30 5
1 10 24 28 24 8 31 15 32 32 36 35 39 40 21 35 30 7 28 40 27 2 21 13 39 9 21 25
14 22 20 26 7 39 20 35 11 26 16 23 2 39 2 13 36 22 33 34 16 16 40 14 14 6 2 36
40 23 2 2 38 30 1 8 13 40 26 37 35 17 33 29 23 18 20 15 28 9 32 22 26 40 32 36
0 25 18 19 18 20 19 17 24 21 25 24 23
25 0 22 18 19 21 18 20 23 19 17 20 22
18 22 0 24 16 19 20 15 21 22 20 21 24
19 18 24 0 21 20 18 19 16 23 18 17 16
18 19 16 21 0 21 18 23 17 25 25 24 19
20 21 19 20 21 0 18 24 16 18 17 17 20
19 18 20 18 18 18 0 18 18 16 19 17 17
17 20 15 19 23 24 18 0 15 20 20 21 22
24 23 21 16 17 16 18 15 0 16 16 19 19
21 19 22 23 25 18 16 20 16 0 16 23 21
25 17 20 18 25 17 19 20 16 16 0 25 21
24 20 21 17 24 17 17 21 19 23 25 0 20
23 22 24 16 19 20 17 22 19 21 21 20 0
