12
28
38 40 26 17 23 20 14 36 13 35 25 18 27 12 37 14 24 2 3 2 3 3 3 38 33 38 39 11
21 16 15 6 12 14 30 28 11 35 33 40 32 40 33 32 26 23 20 28 18 3 13 37 10 18 31 29
14 40 39 28 36 17 2 25 38 40 17 11 23 32 11 24 39 1 13 37 3 25 1 39 39 27 23 35
16 9 40 37 16 14 14 23 31 5 28 15 27 14 13 14 13 2 36 29 10 3 4 14 11 13 16 7
18 1 32 23 20 5 26 35 27 12 12 11 12 5 39 32 27 20 40 27 14 38 28 5 30 14 22 32
37 14 24 5 28 39 17 6 22 26 19 24 24 7 28 2 36 1 37 31 27 13 39 20 15 5 11 31
7 34 36 35 11 29 10 15 8 35 16 14 32 31 26 40 28 13 3 35 2 33 19 29 7 6 19 20
14 27 24 34 38 1 33 26 13 8 18 15 31 4 35 14 10 6 3 22 12 38 14 33 29 6 9 32
24 29 22 5 37 16 37 3 9 7 12 25 34 30 29 27 32 20 16 16 14 12 21 13 28 5 40 13
14 2 32 35 12 16 14 2 6 29 17 17 23 31 36 14 12 35 27 16 13 1 17 12 1 19 14 12
5 29 3 18 24 18 26 13 36 9 12 13 30 13 21 37 4 29 4 26 22 35 22 26 40 12 34 10
23 17 29 11 30 23 28 36 23 32 21 36 14 3 6 9 34 27 29 36 29 28 27 32 24 21 20 14
0 16 17 21 16 21 23 21 19 24 24 21 15 23
16 0 16 16 20 24 18 25 17 24 19 15 22 24
17 16 0 22 21 17 22 17 20 21 15 24 22 17
21 16 22 0 24 19 24 16 16 20 25 16 21 16
16 20 21 24 0 19 22 18 24 20 25 17 19 24
21 24 17 19 19 0 22 20 25 25 16 20 20 23
23 18 22 24 22 22 0 22 22 15 18 23 17 22
21 25 17 16 18 20 22 0 24 17 24 20 22 17
19 17 20 16 24 25 22 24 0 18 18 16 22 17
24 24 21 20 20 25 15 17 18 0 23 20 21 20
24 19 15 25 25 16 18 24 18 23 0 22 22 21
21 15 24 16 17 20 23 20 16 20 22 0 23 21
15 22 22 21 19 20 17 22 22 21 22 23 0 15
23 24 17 16 24 23 22 17 17 20 21 21 15 0
