12
30
26 113 84 81 60 91 55 36 8 49 78 95 43 53 1 56 104 32 80 9 12 37 72 119 15 106 89 86 51 72
57 45 56 93 50 32 10 45 49 113 4 4 40 47 12 33 119 45 118 8 1 30 16 77 30 116 9 113 11 44
34 95 65 95 75 26 113 79 16 81 12 24 110 78 45 42 112 60 25 36 107 54 111 91 65 101 1 55 31 25
11 66 50 88 46 103 56 19 42 43 97 118 90 60 4 99 93 41 109 64 3 51 61 94 107 119 6 48 65 55
14 62 75 14 33 80 93 70 27 114 66 74 10 13 11 62 63 98 109 93 68 37 1 32 23 56 76 28 44 62
43 64 36 1 109 1 113 82 75 28 84 39 13 89 119 72 75 94 55 47 52 56 4 28 118 78 113 4 69 105
41 29 21 101 102 58 69 13 26 2 44 118 119 47 89 91 36 88 114 96 32 85 40 120 43 35 81 35 32 74
41 111 6 45 70 55 70 20 59 112 54 38 9 103 109 40 71 68 31 53 119 117 66 33 77 83 4 22 67 93
45 44 58 19 88 19 96 40 42 97 114 80 2 25 71 119 81 44 79 56 22 3 19 99 52 27 49 16 84 111
101 48 64 54 17 67 75 31 101 82 60 60 74 38 79 51 81 115 98 52 8 81 85 21 17 58 43 29 48 9
94 105 7 74 80 42 46 58 20 39 27 86 63 55 84 120 56 77 36 17 68 87 86 53 59 120 105 28 111 24
96 72 8 16 70 120 26 67 45 111 9 70 98 9 43 116 95 99 21 84 47 10 46 74 82 61 3 39 47 49
0 21 21 15 21 21 25 23 16 25 21 19 16 20
21 0 16 22 15 22 17 19 15 22 19 16 23 22
21 16 0 22 19 24 16 22 21 22 18 16 16 25
15 22 22 0 19 25 24 18 23 18 20 16 24 23
21 15 19 19 0 15 20 23 17 19 20 24 15 22
21 22 24 25 15 0 18 24 25 22 19 19 24 24
25 17 16 24 20 18 0 22 15 17 19 18 23 24
23 19 22 18 23 24 22 0 21 21 24 17 25 18
16 15 21 23 17 25 15 21 0 20 16 20 16 21
25 22 22 18 19 22 17 21 20 0 16 20 25 25
21 19 18 20 20 19 19 24 16 16 0 23 23 22
19 16 16 16 24 19 18 17 20 20 23 0 19 19
16 23 16 24 15 24 23 25 16 25 23 19 0 23
20 22 25 23 22 24 24 18 21 25 22 19 23 0
