12
30
146 68 160 105 23 57 71 119 65 100 83 60 56 135 56 69 21 100 43 68 126 109 123 26 146 122 138 129 57 5
131 77 96 130 120 120 68 99 57 98 30 8 44 78 13 127 143 110 78 25 43 135 119 16 82 52 129 43 15 119
122 117 135 87 139 39 14 150 107 101 40 12 3 58 23 89 120 135 59 53 57 41 75 76 148 137 12 23 112 60
50 57 125 104 147 137 101 63 129 43 19 69 36 111 153 20 69 80 126 104 82 87 51 84 98 65 126 121 135 152
26 15 19 11 88 48 127 120 105 38 106 148 56 66 155 61 60 36 19 105 143 96 111 119 14 5 81 135 3 61
25 63 20 80 151 13 52 135 126 24 53 50 104 126 145 134 109 43 121 61 35 129 156 82 156 81 16 60 5 120
1 85 35 95 30 105 157 98 32 14 141 140 117 27 110 148 25 133 137 160 123 68 130 66 63 112 63 27 87 7
145 116 82 91 33 104 144 150 71 135 42 69 19 37 107 55 65 139 73 19 90 121 23 1 47 47 98 48 5 1
41 13 129 82 154 4 131 50 59 105 53 108 28 31 96 76 72 138 23 24 124 60 136 158 102 139 141 94 47 157
136 136 61 17 57 82 6 5 88 19 45 131 24 44 125 49 48 23 151 2 158 134 1 95 45 151 62 138 37 104
101 59 158 130 150 64 12 137 79 28 48 2 77 43 7 33 113 45 97 136 117 55 2 35 132 114 25 106 120 150
54 46 49 44 143 98 140 118 52 48 50 10 25 62 106 51 117 150 30 45 24 88 85 65 44 81 138 31 32 110
0 16 17 20 19 19 22 18 23 20 21 17 20 19
16 0 16 17 25 21 24 24 20 18 19 20 18 25
17 16 0 25 23 20 24 20 24 18 22 17 22 22
20 17 25 0 22 19 20 20 22 21 19 15 15 18
19 25 23 22 0 24 18 17 21 25 17 15 22 15
19 21 20 19 24 0 15 18 19 21 15 18 21 24
22 24 24 20 18 15 0 23 18 22 21 16 19 20
18 24 20 20 17 18 23 0 18 20 21 16 17 23
23 20 24 22 21 19 18 18 0 20 20 24 21 19
20 18 18 21 25 21 22 20 20 0 18 25 20 15
21 19 22 19 17 15 21 21 20 18 0 23 19 23
17 20 17 15 15 18 16 16 24 25 23 0 20 21
20 18 22 15 22 21 19 17 21 20 19 20 0 19
19 25 22 18 15 24 20 23 19 15 23 21 19 0
