13
28
100 7 57 138 71 65 1 104 98 157 152 66 144 77 50 84 26 87 69 138 149 38 80 2 62 105 48 110
62 148 4 78 47 99 87 11 137 150 129 67 22 74 39 25 68 18 87 67 124 56 134 3 106 54 17 125
82 133 115 92 20 13 55 149 79 139 87 77 104 149 26 22 156 132 86 24 127 111 148 72 13 144 29 160
135 81 31 69 26 54 115 11 52 67 144 84 151 45 46 140 6 156 146 138 131 103 104 89 160 58 23 152
81 119 6 109 14 63 8 89 144 28 49 24 148 48 75 156 73 141 134 2 56 37 49 105 156 29 44 3
89 121 13 118 95 138 129 144 116 75 45 72 103 122 127 69 75 114 88 49 69 150 35 96 34 134 76 1
25 42 107 27 50 62 147 62 104 60 108 67 156 150 23 70 10 34 99 53 11 131 28 4 77 112 64 35
44 31 51 104 107 126 105 28 61 11 7 48 110 89 140 99 144 88 70 160 88 116 68 159 18 142 117 90
76 43 63 45 81 101 11 72 64 104 58 154 135 70 59 101 109 82 98 86 148 137 115 116 57 70 16 73
30 11 77 68 71 104 81 32 106 72 146 61 157 56 86 159 78 143 61 126 150 137 158 129 86 9 136 17
86 124 97 11 10 94 6 49 147 84 16 11 7 42 101 133 132 124 2 86 122 144 41 134 6 136 75 16
22 28 54 150 39 58 78 117 5 91 33 155 85 22 125 44 111 103 106 124 10 112 41 77 72 141 28 125
10 109 154 90 156 57 53 105 159 49 125 34 103 100 6 159 10 4 131 23 116 66 147 130 19 106 5 100
0 25 20 15 15 15 25 16 20 19 23 24 23 25 23
25 0 22 17 19 15 19 15 25 19 17 25 24 24 25
20 22 0 15 18 24 25 20 23 19 17 18 15 18 20
15 17 15 0 25 16 19 16 19 24 15 19 25 17 15
15 19 18 25 0 15 25 17 22 18 22 25 21 23 18
15 15 24 16 15 0 17 22 20 18 17 16 21 23 19
25 19 25 19 25 17 0 18 17 21 22 18 25 25 24
16 15 20 16 17 22 18 0 20 16 21 25 24 24 25
20 25 23 19 22 20 17 20 0 20 24 21 18 23 24
19 19 19 24 18 18 21 16 20 0 18 18 22 22 24
23 17 17 15 22 17 22 21 24 18 0 18 18 18 18
24 25 18 19 25 16 18 25 21 18 18 0 25 17 15
23 24 15 25 21 21 25 24 18 22 18 25 0 19 23
25 24 18 17 23 23 25 24 23 22 18 17 19 0 21
23 25 20 15 18 19 24 25 24 24 18 15 23 21 0
