13
30
26 26 38 33 29 7 42 68 9 77 24 69 52 54 15 25 75 73 53 62 36 54 27 60 45 8 79 76 58 50
48 30 5 12 15 47 67 55 36 80 61 1 57 3 44 42 50 65 74 1 5 42 48 33 78 47 34 23 67 32
56 36 64 63 15 57 22 47 1 68 3 25 73 1 26 72 46 7 34 39 10 50 71 42 33 56 53 2 74 17
46 32 74 51 53 19 70 35 57 54 67 73 6 32 69 66 54 20 3 37 22 80 31 4 60 70 10 78 5 20
39 34 22 56 64 39 75 1 31 62 7 49 64 5 25 17 70 47 54 38 23 3 6 7 67 45 57 7 40 22
13 33 25 71 37 35 49 59 79 25 76 17 69 50 53 31 67 3 29 53 35 43 19 12 2 5 25 27 10 29
67 69 47 39 50 46 59 17 50 1 29 53 50 68 17 39 71 11 37 65 78 61 61 14 56 36 44 28 27 27
55 63 31 70 76 29 3 1 66 79 22 5 49 10 56 55 74 51 55 62 51 58 61 34 41 40 66 75 5 41
62 80 70 46 1 60 25 76 51 39 65 14 80 58 51 23 14 70 32 17 50 9 76 17 58 22 37 47 33 12
2 60 9 72 60 28 10 59 69 74 59 17 27 69 52 35 47 22 59 13 48 69 15 73 71 38 39 73 67 62
80 5 67 79 57 55 10 36 19 25 13 70 34 69 4 22 49 61 71 56 66 59 61 44 48 51 78 58 58 69
72 33 4 73 15 59 67 67 44 74 40 76 55 6 73 21 14 68 26 22 46 67 19 49 57 65 35 15 74 47
57 49 73 38 3 32 77 24 46 61 65 78 56 10 32 1 32 37 77 11 71 40 12 54 74 22 60 25 36 1
0 20 18 18 16 24 20 24 16 16 24 16 25 23 20
20 0 19 20 21 16 22 25 25 15 22 19 16 18 24
18 19 0 21 22 19 23 21 15 21 21 16 19 17 23
18 20 21 0 17 25 20 17 17 19 17 23 19 16 16
16 21 22 17 0 20 22 20 25 15 20 18 23 15 18
24 16 19 25 20 0 21 17 22 20 23 18 25 24 24
20 22 23 20 22 21 0 23 25 21 23 22 19 19 22
24 25 21 17 20 17 23 0 25 20 22 18 16 21 24
16 25 15 17 25 22 25 25 0 24 18 23 17 15 25
16 15 21 19 15 20 21 20 24 0 21 15 22 25 21
24 22 21 17 20 23 23 22 18 21 0 24 19 25 15
16 19 16 23 18 18 22 18 23 15 24 0 21 15 20
25 16 19 19 23 25 19 16 17 22 19 21 0 20 16
23 18 17 16 15 24 19 21 15 25 25 15 20 0 18
20 24 23 16 18 24 22 24 25 21 15 20 16 18 0
