13
28
65 18 97 75 24 2 76 27 104 77 52 81 80 34 45 19 88 45 5 6 93 1 23 65 10 54 40 85
94 53 48 19 37 36 13 113 12 39 64 46 8 92 61 61 102 83 90 83 116 113 20 48 115 66 42 105
43 73 61 77 26 38 82 83 84 33 6 47 20 40 35 84 30 68 23 8 117 117 64 31 90 19 120 64
101 117 93 92 51 23 104 39 41 77 43 92 114 71 52 26 53 119 35 80 119 20 20 69 11 106 92 55
44 88 81 77 30 54 99 92 62 22 76 105 12 119 24 19 74 5 91 65 52 62 120 117 44 75 62 94
97 66 87 74 25 113 2 88 9 18 28 1 35 116 21 5 46 76 18 46 117 59 35 71 13 119 39 37
49 113 120 95 72 106 68 65 15 116 30 75 39 105 28 33 21 14 93 52 46 13 9 88 107 88 51 66
37 19 61 64 120 74 90 43 47 51 75 52 26 12 3 53 40 6 102 43 23 2 17 114 9 31 46 40
87 88 54 94 104 67 4 98 63 39 39 93 57 102 90 69 53 11 36 88 19 110 41 25 28 19 72 45
21 79 43 113 35 84 23 12 18 86 75 108 50 113 8 26 58 54 105 3 11 117 70 90 79 4 95 43
119 106 68 15 85 13 69 95 93 12 54 9 61 9 17 1 24 13 24 103 84 84 32 87 105 48 2 102
44 87 22 89 120 60 97 24 72 75 96 93 89 104 100 25 98 55 49 71 111 50 90 100 106 107 27 63
72 113 66 111 19 96 76 40 54 106 75 62 109 75 67 34 59 35 108 87 43 31 89 31 30 17 33 68
0 23 25 17 17 19 24 20 21 15 23 21 23 15 16
23 0 17 20 21 15 25 23 16 24 23 15 15 21 17
25 17 0 21 20 23 21 19 20 22 24 23 19 18 22
17 20 21 0 23 23 18 22 17 25 16 21 21 18 21
17 21 20 23 0 19 21 17 18 24 19 25 20 24 23
19 15 23 23 19 0 19 21 17 23 16 23 24 21 23
24 25 21 18 21 19 0 16 19 24 23 18 20 24 25
20 23 19 22 17 21 16 0 23 25 23 24 17 15 23
21 16 20 17 18 17 19 23 0 19 20 21 18 23 21
15 24 22 25 24 23 24 25 19 0 20 19 23 17 24
23 23 24 16 19 16 23 23 20 20 0 22 22 15 16
21 15 23 21 25 23 18 24 21 19 22 0 19 23 19
23 15 19 21 20 24 20 17 18 23 22 19 0 23 20
15 21 18 18 24 21 24 15 23 17 15 23 23 0 16
16 17 22 21 23 23 25 23 21 24 16 19 20 16 0
