13
28
22 73 62 55 4 29 77 17 26 64 58 27 69 66 9 4 33 69 40 37 78 67 60 75 64 6 17 6
48 7 32 11 65 4 46 23 34 30 52 29 69 55 4 32 44 40 70 74 55 71 22 32 30 3 50 54
23 73 25 36 22 37 32 56 58 64 68 66 34 9 15 35 78 4 14 52 65 14 18 69 73 2 26 72
54 30 76 52 39 37 23 12 1 34 42 48 13 75 79 55 50 79 37 75 15 52 68 38 64 25 43 14
71 57 44 56 47 59 29 55 36 16 4 15 24 65 61 7 78 10 53 8 12 22 68 75 22 38 79 25
62 45 59 50 62 59 21 4 28 16 72 55 4 55 75 76 13 54 44 23 2 5 49 35 54 76 39 72
47 69 67 15 72 45 51 29 8 34 53 63 65 34 71 9 53 15 47 40 17 65 60 45 65 8 16 68
38 1 34 42 60 79 56 8 24 39 34 11 60 30 55 79 73 5 55 57 45 52 11 62 13 29 20 76
3 71 58 71 75 67 16 48 80 65 24 63 6 13 2 63 78 51 3 80 22 73 74 46 39 6 65 22
48 51 10 51 78 39 40 53 76 27 19 75 80 67 78 61 40 39 74 15 30 27 16 58 14 57 17 72
76 63 75 62 17 71 34 68 3 33 27 63 20 68 41 23 9 27 72 19 77 4 65 70 15 34 49 79
61 60 6 51 9 1 27 40 44 27 75 56 7 61 19 40 21 6 61 14 45 50 24 16 57 6 9 56
28 1 22 19 57 34 7 51 60 18 17 18 51 48 60 29 64 68 58 36 68 18 30 76 18 53 21 56
0 19 21 16 19 23 23 23 16 24 18 22 20 20 22
19 0 20 21 17 15 24 20 20 21 22 23 25 16 19
21 20 0 25 24 16 19 18 15 19 17 21 25 23 18
16 21 25 0 23 19 25 17 18 21 16 18 19 16 16
19 17 24 23 0 23 22 20 16 23 19 19 17 24 16
23 15 16 19 23 0 17 16 25 19 25 19 23 22 18
23 24 19 25 22 17 0 25 18 19 23 16 25 23 23
23 20 18 17 20 16 25 0 23 22 24 20 23 19 16
16 20 15 18 16 25 18 23 0 20 21 16 25 18 23
24 21 19 21 23 19 19 22 20 0 19 16 17 16 25
18 22 17 16 19 25 23 24 21 19 0 24 21 24 22
22 23 21 18 19 19 16 20 16 16 24 0 24 22 23
20 25 25 19 17 23 25 23 25 17 21 24 0 23 17
20 16 23 16 24 22 23 19 18 16 24 22 23 0 19
22 19 18 16 16 18 23 16 23 25 22 23 17 19 0
