13
28
37 28 10 3 8 5 40 13 20 23 33 28 29 36 10 12 40 38 7 10 6 24 28 28 38 40 37 18
29 12 36 39 30 25 36 13 24 7 23 21 34 38 10 24 11 28 29 25 39 18 25 35 12 38 31 19
22 31 31 6 10 30 24 34 36 12 25 19 18 1 19 27 2 10 6 31 39 22 13 29 30 15 12 12
12 13 3 26 3 5 28 1 37 10 13 23 17 32 36 6 28 33 21 25 23 35 11 32 4 25 12 9
34 40 32 30 25 8 2 1 32 15 30 2 8 38 6 38 4 2 15 24 12 38 39 36 34 14 14 10
19 40 34 28 34 40 34 24 33 21 27 2 11 37 31 10 10 2 8 39 8 7 13 33 21 40 4 27
4 30 35 6 7 17 20 39 29 29 35 36 18 34 35 25 10 8 31 20 4 5 16 4 29 36 1 33
26 25 17 31 23 13 19 28 17 27 11 14 40 26 37 34 34 5 30 27 2 13 10 25 33 15 35 30
13 3 22 28 17 26 6 1 9 15 39 36 11 38 36 34 31 10 23 20 26 4 27 9 18 18 6 17
2 26 21 38 17 14 9 19 23 40 12 19 8 34 3 9 8 23 7 30 21 39 5 31 2 11 28 30
25 32 27 22 11 20 26 17 36 26 3 11 37 39 2 33 31 13 36 3 36 29 2 3 30 4 27 9
3 24 20 33 18 1 24 22 18 27 14 36 1 29 30 16 12 4 36 6 37 28 17 34 33 1 33 5
2 23 39 34 17 11 22 33 23 15 30 8 4 22 15 5 25 18 33 24 16 5 38 3 24 32 20 9
0 19 19 16 15 20 25 22 19 16 23 17 17 23 15
19 0 21 25 20 25 18 15 25 25 16 18 25 23 17
19 21 0 21 21 19 25 21 18 19 21 15 21 21 23
16 25 21 0 23 22 24 19 18 16 18 20 21 24 20
15 20 21 23 0 20 15 20 22 21 17 23 16 25 15
20 25 19 22 20 0 19 21 18 17 15 21 25 17 19
25 18 25 24 15 19 0 21 15 19 22 20 19 15 17
22 15 21 19 20 21 21 0 21 16 19 25 21 21 22
19 25 18 18 22 18 15 21 0 20 16 18 18 19 17
16 25 19 16 21 17 19 16 20 0 18 21 18 15 20
23 16 21 18 17 15 22 19 16 18 0 15 23 21 23
17 18 15 20 23 21 20 25 18 21 15 0 17 19 17
17 25 21 21 16 25 19 21 18 18 23 17 0 22 16
23 23 21 24 25 17 15 21 19 15 21 19 22 0 25
15 17 23 20 15 19 17 22 17 20 23 17 16 25 0
