13
28
26 80 41 2 27 15 70 59 3 42 16 11 41 61 40 78 74 8 8 16 56 47 53 18 22 39 47 11
6 25 65 38 3 24 55 38 60 59 66 63 37 50 35 49 75 79 62 61 16 3 28 33 19 28 2 36
80 47 65 50 24 60 4 14 17 31 62 7 28 66 37 15 10 2 56 53 50 37 24 15 77 14 74 57
47 59 44 11 34 80 1 31 80 59 37 21 69 26 4 48 59 38 58 58 50 21 40 19 26 14 45 55
17 66 79 70 32 6 72 24 23 7 3 6 53 35 3 13 3 19 8 4 28 74 30 68 41 21 26 52
24 62 53 60 1 57 29 58 57 61 55 14 20 56 17 13 47 78 12 57 37 42 37 29 33 8 31 68
74 19 55 41 72 13 7 54 69 15 42 43 68 75 56 50 34 1 65 46 32 18 28 27 63 53 5 73
46 77 52 75 36 46 29 36 61 1 61 32 39 16 73 9 49 29 75 47 63 20 43 28 8 25 40 76
41 1 59 67 21 15 25 34 31 8 14 34 32 59 72 69 2 62 49 79 24 29 7 53 71 17 68 12
41 52 23 44 42 13 67 74 11 17 61 3 77 41 35 61 58 1 41 20 26 63 12 50 79 5 43 64
1 56 23 25 1 45 59 37 50 74 29 6 65 74 66 1 56 22 16 21 40 40 55 74 76 28 68 23
71 73 30 23 30 55 59 10 55 52 20 49 4 60 38 24 37 3 22 72 75 16 6 67 19 37 39 69
22 51 32 75 19 47 56 50 27 73 34 1 72 54 39 20 16 21 25 65 68 31 51 77 58 18 72 19
0 18 25 23 17 15 24 16 23 20 19 23 17 19 16
18 0 17 22 19 19 25 24 25 20 21 18 25 20 18
25 17 0 19 21 24 25 17 20 20 20 21 24 17 16
23 22 19 0 21 22 16 16 22 16 22 18 18 21 25
17 19 21 21 0 20 24 15 22 16 23 17 24 21 20
15 19 24 22 20 0 15 23 24 18 15 22 22 21 24
24 25 25 16 24 15 0 22 22 18 24 16 19 24 20
16 24 17 16 15 23 22 0 16 18 19 23 25 24 20
23 25 20 22 22 24 22 16 0 15 23 15 15 20 18
20 20 20 16 16 18 18 18 15 0 19 20 20 20 19
19 21 20 22 23 15 24 19 23 19 0 23 19 24 19
23 18 21 18 17 22 16 23 15 20 23 0 21 17 24
17 25 24 18 24 22 19 25 15 20 19 21 0 18 24
19 20 17 21 21 21 24 24 20 20 24 17 18 0 16
16 18 16 25 20 24 20 20 18 19 19 24 24 16 0
