14
30
103 105 38 68 43 11 58 81 79 8 113 34 61 82 34 74 6 7 20 39 49 1 11 91 64 29 20 19 112 60
65 30 65 74 79 47 60 85 67 23 23 47 120 99 10 103 101 28 2 79 78 39 60 21 25 69 63 38 99 92
45 65 10 71 16 65 52 39 64 22 45 113 106 50 28 66 82 76 84 9 93 64 113 48 95 28 81 12 24 117
31 88 68 119 97 78 118 90 74 39 8 62 2 35 5 88 91 28 40 91 45 70 6 57 81 45 71 74 7 97
45 62 90 87 56 34 67 74 39 29 72 50 58 36 108 49 120 42 57 52 96 78 44 10 20 73 43 32 50 33
95 116 101 18 100 30 39 109 27 94 110 7 71 59 54 4 35 7 99 55 114 27 97 87 61 114 21 83 62 43
83 50 57 112 40 119 74 83 75 96 25 40 78 103 115 31 11 96 46 37 24 72 38 69 29 102 14 49 86 34
6 1 83 13 39 25 17 1 60 47 81 65 28 91 117 28 103 11 88 44 29 23 5 47 83 118 54 19 51 90
76 50 78 32 61 98 81 2 86 110 94 105 66 99 71 49 118 92 72 38 59 103 33 26 83 34 15 52 2 13
46 6 15 1 62 45 105 81 62 32 27 63 110 49 33 50 8 106 118 104 100 103 64 20 20 100 64 34 83 11
104 83 109 1 99 103 111 15 22 74 28 11 86 38 37 32 17 68 29 109 11 112 118 7 88 118 97 114 15 8
59 113 75 81 24 22 58 63 61 107 70 103 36 80 24 96 72 100 54 106 18 34 22 6 11 67 38 2 114 27
97 76 25 53 66 24 55 8 114 41 54 35 6 97 61 51 85 67 27 96 108 94 101 15 4 22 75 113 112 106
115 79 29 59 116 55 55 81 78 100 34 97 76 11 31 84 100 90 98 27 47 2 54 53 115 6 79 67 95 30
0 21 22 19 18 21 25 25 23 16 18 23 20 23 22 22
21 0 15 22 17 23 25 17 20 16 24 22 19 16 17 19
22 15 0 15 22 19 19 21 15 15 20 17 24 22 15 22
19 22 15 0 17 18 19 18 15 25 20 15 23 15 25 19
18 17 22 17 0 21 18 23 15 20 20 20 20 25 24 19
21 23 19 18 21 0 18 17 22 24 16 18 19 19 25 20
25 25 19 19 18 18 0 18 20 18 20 20 18 21 15 23
25 17 21 18 23 17 18 0 20 19 25 25 19 21 18 21
23 20 15 15 15 22 20 20 0 25 25 17 16 21 24 24
16 16 15 25 20 24 18 19 25 0 15 20 20 24 17 25
18 24 20 20 20 16 20 25 25 15 0 20 23 18 16 15
23 22 17 15 20 18 20 25 17 20 20 0 24 15 22 16
20 19 24 23 20 19 18 19 16 20 23 24 0 21 16 16
23 16 22 15 25 19 21 21 21 24 18 15 21 0 16 19
22 17 15 25 24 25 15 18 24 17 16 22 16 16 0 19
22 19 22 19 19 20 23 21 24 25 15 16 16 19 19 0
