14
28
10 40 36 1 18 16 6 27 8 9 25 39 35 21 33 16 28 7 1 2 37 28 13 16 4 32 20 21
6 22 14 11 20 12 10 26 28 23 24 33 37 30 38 11 5 34 2 24 35 3 17 2 13 28 33 9
27 19 39 3 1 21 31 37 10 7 5 28 3 40 34 17 14 4 30 20 8 18 33 34 6 16 38 7
33 8 25 15 27 1 29 20 11 30 40 4 31 4 7 8 29 12 16 30 29 22 23 28 15 29 25 5
15 35 15 17 18 15 11 39 16 22 6 19 21 4 24 35 8 20 40 2 26 40 5 7 24 26 10 40
27 20 11 17 15 16 20 23 22 7 33 10 8 39 1 4 18 24 34 21 3 29 36 14 22 6 15 8
20 5 21 37 4 21 7 7 36 22 16 5 22 1 2 27 22 10 12 38 34 20 23 22 19 17 1 11
1 11 14 19 24 31 10 29 30 14 27 2 33 7 14 15 35 8 22 1 38 20 12 37 27 30 32 27
6 13 20 34 25 3 23 21 31 5 9 32 20 36 27 38 22 11 40 2 5 30 39 24 16 4 29 28
20 17 12 35 4 32 33 30 37 26 8 32 14 13 16 32 35 6 36 40 39 18 35 32 8 16 1 27
7 26 30 3 34 31 12 29 9 22 21 23 9 19 29 36 13 36 33 22 36 29 5 20 3 17 30 28
14 8 38 32 21 11 21 32 15 2 25 22 15 32 30 22 9 28 1 14 26 22 20 11 27 21 38 37
32 35 7 39 10 32 36 24 3 4 37 38 19 16 21 23 29 26 40 31 23 14 4 20 32 9 7 15
38 6 34 10 26 16 13 30 5 28 34 7 6 11 39 10 15 24 21 33 15 29 25 19 1 19 21 35
0 15 18 21 25 20 17 15 17 22 23 17 19 22 23 15
15 0 22 22 23 18 18 24 22 24 22 24 21 19 17 24
18 22 0 23 21 18 19 17 22 20 19 19 25 17 21 25
21 22 23 0 24 22 17 18 17 19 18 17 18 21 17 22
25 23 21 24 0 15 23 17 15 20 15 15 17 17 19 25
20 18 18 22 15 0 16 23 17 23 25 19 16 25 21 16
17 18 19 17 23 16 0 17 16 23 20 15 16 16 21 18
15 24 17 18 17 23 17 0 21 25 25 22 23 25 22 23
17 22 22 17 15 17 16 21 0 22 23 24 20 20 24 24
22 24 20 19 20 23 23 25 22 0 24 18 21 21 16 22
23 22 19 18 15 25 20 25 23 24 0 25 24 23 23 17
17 24 19 17 15 19 15 22 24 18 25 0 22 20 18 20
19 21 25 18 17 16 16 23 20 21 24 22 0 20 19 21
22 19 17 21 17 25 16 25 20 21 23 20 20 0 17 25
23 17 21 17 19 21 21 22 24 16 23 18 19 17 0 21
15 24 25 22 25 16 18 23 24 22 17 20 21 25 21 0
