14
28
31 19 6 15 16 5 6 39 3 23 8 5 12 23 27 9 15 7 22 20 34 4 39 26 11 22 40 6
40 32 3 28 7 30 19 32 24 40 10 34 3 26 40 40 32 26 1 17 14 22 16 33 1 28 12 36
34 26 4 8 17 16 9 30 5 19 34 28 36 7 33 37 7 7 15 1 3 5 39 9 19 37 32 4
14 5 29 7 14 39 29 30 14 40 32 39 14 32 40 17 4 27 30 2 29 28 17 3 30 38 1 27
12 16 21 5 14 17 26 38 14 22 26 17 38 7 34 15 36 7 8 12 38 26 14 11 25 12 3 5
11 25 3 38 10 28 40 16 28 28 1 39 13 9 7 26 6 19 28 28 8 36 20 17 12 34 31 6
39 29 27 29 32 8 22 38 23 32 18 32 12 32 35 26 2 14 26 7 3 6 13 19 34 37 36 37
2 11 23 39 10 5 36 8 26 1 12 32 14 20 19 18 40 24 11 25 40 34 40 16 29 17 18 22
2 39 25 32 21 24 13 22 2 15 6 37 31 11 6 22 40 30 26 30 8 22 10 15 38 34 36 38
14 7 33 25 11 2 33 28 25 17 11 5 40 40 29 25 22 1 14 15 12 13 24 11 30 29 13 17
8 29 24 32 34 25 32 40 39 7 33 35 34 30 39 40 36 8 37 39 32 3 34 39 24 23 18 9
26 7 2 35 9 33 22 17 10 22 9 18 19 12 14 20 39 29 4 1 23 7 11 26 34 9 2 17
11 16 36 16 18 18 35 37 20 26 28 34 27 24 24 31 12 8 6 22 10 37 23 2 36 29 16 13
39 24 12 13 30 11 21 16 36 24 18 2 9 18 32 16 33 23 19 7 11 32 33 9 24 25 32 5
0 18 18 20 20 18 22 20 21 16 20 17 24 22 23 18
18 0 24 24 23 22 15 16 21 15 21 23 17 15 19 20
18 24 0 20 25 18 19 23 19 23 21 17 24 22 16 20
20 24 20 0 21 24 20 17 22 22 23 15 22 18 20 16
20 23 25 21 0 15 25 19 22 15 16 20 16 19 25 19
18 22 18 24 15 0 22 20 21 20 17 22 16 16 21 25
22 15 19 20 25 22 0 23 17 24 22 25 25 17 21 23
20 16 23 17 19 20 23 0 24 25 18 23 22 23 23 15
21 21 19 22 22 21 17 24 0 19 16 22 22 22 24 19
16 15 23 22 15 20 24 25 19 0 15 20 22 20 18 22
20 21 21 23 16 17 22 18 16 15 0 17 17 20 17 24
17 23 17 15 20 22 25 23 22 20 17 0 20 25 21 18
24 17 24 22 16 16 25 22 22 22 17 20 0 25 23 19
22 15 22 18 19 16 17 23 22 20 20 25 25 0 18 16
23 19 16 20 25 21 21 23 24 18 17 21 23 18 0 23
18 20 20 16 19 25 23 15 19 22 24 18 19 16 23 0
