14
30
64 109 19 28 152 103 111 70 128 73 121 140 144 2 93 88 1 78 12 34 18 51 24 96 142 134 102 103 76 108
44 86 20 6 70 117 118 7 50 88 101 41 29 87 26 37 10 108 119 9 41 103 128 28 152 74 86 107 85 2
54 20 28 106 67 110 62 50 150 46 17 99 5 52 96 148 39 24 158 99 79 94 159 53 92 130 151 137 76 122
55 138 73 25 13 58 108 23 66 42 108 131 153 39 127 42 118 45 90 134 87 157 2 82 13 66 15 4 157 57
35 92 135 112 33 81 115 38 33 6 97 41 121 38 118 16 2 141 141 150 102 62 85 48 19 118 153 74 139 4
26 139 29 121 150 97 101 153 33 29 52 105 122 79 32 98 114 22 58 141 12 42 60 38 16 14 1 95 14 61
157 6 111 142 106 11 88 71 95 105 111 90 149 12 104 55 104 111 122 136 14 21 144 115 135 104 110 15 104 68
42 44 92 141 103 128 26 125 142 86 78 75 47 64 115 86 110 124 64 104 71 31 79 18 150 46 103 4 160 106
136 129 122 91 88 89 155 145 67 156 1 70 115 47 77 42 119 87 160 103 8 147 69 146 35 54 88 139 35 7
150 32 117 110 70 99 150 128 118 41 43 118 140 9 142 36 158 72 44 55 11 87 122 98 5 10 145 114 146 62
97 33 155 65 19 117 101 144 134 41 32 24 155 61 40 156 87 73 143 4 127 125 132 97 60 120 8 152 64 36
36 17 33 38 88 84 29 11 1 56 31 98 68 59 63 52 47 157 107 77 22 61 98 160 60 158 7 76 153 44
40 25 130 66 8 61 99 122 78 25 32 54 151 114 104 149 73 113 42 73 34 120 87 145 145 128 109 58 26 44
31 32 79 147 78 54 74 43 134 128 53 90 32 159 115 151 145 137 144 49 35 110 40 73 38 125 38 56 37 103
0 21 18 21 25 15 17 17 23 25 18 17 21 19 22 17
21 0 23 16 21 25 25 25 23 22 21 17 25 25 18 18
18 23 0 21 21 21 17 23 21 24 16 17 18 20 22 18
21 16 21 0 16 24 15 21 15 21 15 15 18 18 23 18
25 21 21 16 0 24 20 19 16 18 19 20 20 21 20 16
15 25 21 24 24 0 19 22 23 24 20 21 17 25 23 15
17 25 17 15 20 19 0 25 16 15 23 23 20 17 15 24
17 25 23 21 19 22 25 0 20 25 21 15 22 25 23 17
23 23 21 15 16 23 16 20 0 17 19 15 16 24 22 18
25 22 24 21 18 24 15 25 17 0 22 22 18 17 23 20
18 21 16 15 19 20 23 21 19 22 0 21 23 25 23 18
17 17 17 15 20 21 23 15 15 22 21 0 25 22 15 21
21 25 18 18 20 17 20 22 16 18 23 25 0 25 24 16
19 25 20 18 21 25 17 25 24 17 25 22 25 0 20 25
22 18 22 23 20 23 15 23 22 23 23 15 24 20 0 15
17 18 18 18 16 15 24 17 18 20 18 21 16 25 15 0
