14
30
82 46 13 16 8 79 95 38 1 110 49 59 66 102 88 6 56 23 70 66 23 27 64 63 113 11 64 22 42 82
48 30 4 77 7 99 15 4 66 37 2 37 31 80 103 98 92 47 39 5 24 34 62 31 115 78 64 11 53 75
3 50 10 116 87 91 100 5 33 5 94 32 6 15 65 15 115 119 93 108 11 110 37 21 8 107 45 113 9 107
19 8 87 42 94 86 39 34 72 60 41 36 77 63 3 81 72 99 70 106 58 83 53 91 85 40 37 114 83 95
4 70 58 59 53 99 43 27 38 90 103 97 6 107 84 74 24 105 36 57 87 77 82 70 96 79 2 1 51 103
120 29 111 86 32 74 87 62 42 79 78 104 94 3 108 91 50 18 88 28 14 17 45 98 104 29 21 110 80 118
10 7 46 62 23 119 16 57 88 99 119 39 39 42 115 17 19 79 89 89 73 46 45 32 12 64 58 51 85 30
43 5 49 77 76 37 86 78 65 52 78 109 69 38 36 5 104 14 30 107 66 98 62 33 50 54 83 36 92 9
67 102 73 80 74 81 17 61 22 35 109 106 102 99 94 23 88 71 107 25 47 17 85 62 93 114 81 38 2 78
106 3 13 52 59 90 98 55 55 2 48 100 16 97 53 51 38 48 109 90 113 43 40 87 67 105 23 96 112 47
24 76 28 15 6 26 84 70 77 73 54 108 80 55 93 118 71 117 31 37 106 119 92 79 41 22 18 109 9 114
118 115 60 116 3 103 111 93 100 78 55 17 46 10 119 15 55 44 44 105 105 1 74 51 110 36 91 9 115 32
11 77 82 48 47 103 16 8 109 76 108 28 48 78 69 13 67 59 102 3 92 91 109 63 86 83 97 64 12 47
101 44 79 44 57 5 95 9 98 85 103 103 7 74 107 54 38 78 8 29 104 33 59 104 58 115 114 68 17 75
0 20 22 15 16 15 17 20 24 20 15 19 21 25 24 16
20 0 25 22 23 25 16 19 18 17 22 20 18 16 15 15
22 25 0 15 16 16 17 21 25 20 25 21 15 25 25 18
15 22 15 0 24 21 22 16 19 19 21 20 16 18 16 21
16 23 16 24 0 15 23 20 25 15 21 19 23 20 21 18
15 25 16 21 15 0 22 21 18 19 22 21 22 16 20 19
17 16 17 22 23 22 0 25 18 25 21 18 25 22 22 15
20 19 21 16 20 21 25 0 15 19 23 19 18 16 24 19
24 18 25 19 25 18 18 15 0 15 25 19 20 22 24 24
20 17 20 19 15 19 25 19 15 0 16 23 21 22 15 24
15 22 25 21 21 22 21 23 25 16 0 21 15 20 24 17
19 20 21 20 19 21 18 19 19 23 21 0 22 16 24 20
21 18 15 16 23 22 25 18 20 21 15 22 0 25 15 16
25 16 25 18 20 16 22 16 22 22 20 16 25 0 20 23
24 15 25 16 21 20 22 24 24 15 24 24 15 20 0 17
16 15 18 21 18 19 15 19 24 24 17 20 16 23 17 0
