14
30
105 143 114 133 16 6 11 39 117 140 123 52 82 41 30 8 91 19 6 3 66 159 53 88 5 100 67 78 28 19
100 160 89 48 28 90 58 122 58 23 7 129 128 152 20 9 51 112 40 114 130 136 71 82 93 81 60 72 141 85
95 53 21 74 75 135 115 20 45 144 101 157 140 74 45 109 29 3 108 124 33 126 91 83 103 67 95 151 7 143
12 35 121 75 156 47 132 120 160 160 149 126 18 126 157 69 54 71 138 41 153 90 145 16 157 83 45 44 73 109
108 147 80 56 71 83 101 30 18 30 11 131 21 87 87 122 112 73 26 43 67 138 134 57 78 121 159 31 42 141
24 111 68 149 109 85 131 11 55 157 95 27 64 17 5 3 149 25 61 24 32 33 107 31 67 23 133 144 104 25
142 73 136 62 96 109 120 19 5 145 158 134 156 120 152 128 107 99 85 66 49 42 59 28 44 110 21 33 101 44
119 143 54 160 26 12 131 9 54 117 17 33 61 90 149 52 121 114 78 128 89 11 88 50 22 157 28 154 62 38
115 37 122 130 81 72 60 147 102 83 83 77 53 11 125 108 42 32 130 66 25 6 118 9 134 42 46 69 67 145
101 37 19 158 6 66 85 63 6 23 147 122 36 103 91 121 76 73 150 43 157 106 10 83 121 88 70 72 44 93
113 44 5 48 100 157 103 137 19 100 51 134 144 14 48 54 122 10 87 40 64 126 141 55 35 59 94 114 8 16
58 4 32 61 144 87 36 131 47 146 74 32 122 60 148 38 57 63 154 47 53 100 110 103 160 19 25 150 59 31
126 36 150 103 108 113 75 1 117 156 152 2 12 21 8 95 2 17 88 62 151 49 8 90 20 32 40 126 87 142
33 95 86 102 87 149 71 50 97 71 123 32 27 49 94 105 44 7 9 72 116 61 46 137 15 38 80 70 57 33
0 16 22 18 21 21 23 19 16 19 25 17 15 17 15 23
16 0 21 15 21 17 24 24 21 17 22 23 21 19 18 24
22 21 0 17 25 21 18 20 23 20 16 21 22 24 15 21
18 15 17 0 21 22 15 19 22 25 17 20 25 23 17 18
21 21 25 21 0 20 20 16 19 18 16 23 24 16 25 19
21 17 21 22 20 0 25 17 20 17 17 17 16 19 22 15
23 24 18 15 20 25 0 16 18 19 19 19 19 19 18 25
19 24 20 19 16 17 16 0 23 20 16 19 21 20 16 23
16 21 23 22 19 20 18 23 0 17 15 23 16 17 20 21
19 17 20 25 18 17 19 20 17 0 25 17 22 25 23 19
25 22 16 17 16 17 19 16 15 25 0 17 23 21 25 20
17 23 21 20 23 17 19 19 23 17 17 0 16 20 24 21
15 21 22 25 24 16 19 21 16 22 23 16 0 19 20 18
17 19 24 23 16 19 19 20 17 25 21 20 19 0 16 21
15 18 15 17 25 22 18 16 20 23 25 24 20 16 0 18
23 24 21 18 19 15 25 23 21 19 20 21 18 21 18 0
