14
28
33 73 29 40 33 56 14 9 24 18 68 27 20 65 50 26 13 36 13 31 29 51 29 44 50 68 14 49
47 21 7 50 68 39 18 30 47 14 67 21 5 54 26 13 47 70 80 53 8 16 9 36 50 24 41 79
21 77 43 62 34 77 24 50 55 29 32 36 5 16 76 15 61 22 75 15 54 74 54 40 42 38 74 43
49 24 29 51 78 77 25 18 56 76 6 76 68 62 45 61 75 80 49 64 33 31 61 47 51 28 30 54
62 68 41 78 12 74 22 78 78 6 47 59 26 35 53 2 13 49 51 39 54 3 27 46 10 23 39 46
44 19 24 41 6 4 27 2 80 57 36 36 41 42 12 7 49 60 40 1 76 54 49 16 34 4 15 57
9 1 52 43 80 35 35 25 50 68 75 56 59 39 31 48 44 39 16 73 72 39 10 34 23 26 49 43
38 16 52 41 63 47 56 58 31 15 48 54 32 64 49 38 44 50 48 78 68 1 15 45 23 49 70 59
72 65 37 22 34 80 7 45 13 74 63 50 35 11 4 20 53 42 39 61 24 67 7 45 57 16 67 63
50 13 58 67 28 2 27 21 72 68 8 59 63 6 55 57 5 64 74 33 19 35 65 60 42 59 7 25
11 33 70 58 22 72 23 15 57 11 62 33 45 56 56 55 35 11 14 7 1 10 55 76 52 12 76 22
6 15 44 57 66 23 31 5 62 65 2 29 53 17 48 1 66 8 42 17 29 29 50 12 16 69 61 11
78 34 78 47 11 13 53 27 67 2 35 44 74 49 5 2 46 65 75 55 65 47 4 56 70 60 56 51
11 55 32 26 36 66 50 25 10 3 49 43 67 48 67 55 2 7 41 69 79 56 60 16 17 5 18 45
0 21 17 23 20 18 16 15 22 20 17 25 23 19 18 16
21 0 24 18 19 16 22 21 18 18 20 16 24 15 23 16
17 24 0 19 24 22 24 20 19 23 16 24 23 21 24 19
23 18 19 0 24 18 20 16 22 21 22 23 17 25 24 19
20 19 24 24 0 22 21 18 25 15 21 22 19 19 15 18
18 16 22 18 22 0 21 24 20 21 18 21 15 22 23 22
16 22 24 20 21 21 0 19 23 15 23 17 23 23 17 25
15 21 20 16 18 24 19 0 23 20 19 24 16 15 24 25
22 18 19 22 25 20 23 23 0 18 23 17 15 21 15 19
20 18 23 21 15 21 15 20 18 0 17 20 19 19 15 16
17 20 16 22 21 18 23 19 23 17 0 20 24 23 22 15
25 16 24 23 22 21 17 24 17 20 20 0 18 22 25 15
23 24 23 17 19 15 23 16 15 19 24 18 0 20 23 17
19 15 21 25 19 22 23 15 21 19 23 22 20 0 24 18
18 23 24 24 15 23 17 24 15 15 22 25 23 24 0 23
16 16 19 19 18 22 25 25 19 16 15 15 17 18 23 0
