14
30
116 34 50 33 116 19 44 29 69 112 47 119 91 2 63 41 53 5 99 96 81 17 109 87 8 68 96 105 23 114
27 78 38 28 21 106 13 8 44 9 60 37 113 45 76 72 109 19 102 33 19 119 78 4 64 45 7 112 9 37
33 37 33 120 56 109 96 57 97 26 75 91 72 79 72 47 66 55 3 42 38 33 73 44 59 54 47 104 55 103
65 67 63 59 18 12 105 76 59 116 79 79 6 118 31 105 77 85 43 68 76 99 108 96 21 89 119 97 36 1
107 106 85 50 41 92 63 72 103 69 62 22 103 8 11 86 34 116 116 111 96 37 49 35 7 43 117 103 104 105
73 91 41 75 72 30 79 103 85 36 52 78 22 63 93 56 75 37 57 92 2 81 77 56 23 13 61 60 85 96
97 16 62 78 11 101 105 100 21 106 12 4 113 3 65 47 91 101 18 36 3 21 115 28 33 91 48 61 79 93
44 96 64 65 2 8 3 22 27 7 110 88 105 100 107 34 12 100 59 42 111 116 6 108 15 1 43 72 54 104
76 47 39 103 81 5 64 78 62 29 99 42 97 38 82 69 21 55 59 109 69 37 101 120 19 91 44 9 119 15
49 42 81 59 77 82 79 47 60 16 28 14 36 111 13 45 24 98 38 50 48 73 103 56 7 12 16 49 70 38
110 21 6 26 50 57 113 58 38 97 35 93 89 120 5 12 116 66 99 49 87 29 99 40 16 80 53 113 40 16
23 115 58 11 93 10 31 68 85 15 43 71 36 30 59 95 89 12 70 26 83 25 38 104 42 67 99 52 70 8
80 59 58 117 64 66 14 113 109 61 71 14 27 18 82 7 76 50 12 59 90 23 108 83 106 26 106 62 11 104
26 14 94 89 28 116 36 26 88 25 112 91 25 107 95 41 77 67 81 105 91 10 116 120 103 83 78 38 15 84
0 18 15 22 18 17 21 24 20 23 24 19 18 16 20 17
18 0 23 23 22 23 19 19 24 21 17 19 19 18 15 21
15 23 0 20 16 20 18 22 18 22 25 23 20 25 22 21
22 23 20 0 15 25 18 22 20 22 15 15 21 25 18 19
18 22 16 15 0 17 15 20 22 18 16 25 25 18 18 19
17 23 20 25 17 0 16 23 19 23 23 18 22 22 19 20
21 19 18 18 15 16 0 15 21 15 24 17 20 23 23 17
24 19 22 22 20 23 15 0 23 15 23 22 17 23 18 22
20 24 18 20 22 19 21 23 0 23 15 15 24 22 18 17
23 21 22 22 18 23 15 15 23 0 25 17 18 23 16 19
24 17 25 15 16 23 24 23 15 25 0 24 24 25 17 23
19 19 23 15 25 18 17 22 15 17 24 0 21 25 20 16
18 19 20 21 25 22 20 17 24 18 24 21 0 21 19 23
16 18 25 25 18 22 23 23 22 23 25 25 21 0 20 25
20 15 22 18 18 19 23 18 18 16 17 20 19 20 0 17
17 21 21 19 19 20 17 22 17 19 23 16 23 25 17 0
