14
30
39 33 16 31 21 22 35 15 29 29 20 2 22 20 20 21 19 15 14 3 16 8 4 29 5 27 12 29 14 24
10 38 4 11 4 12 2 23 28 6 34 39 25 36 7 37 39 6 18 14 8 25 3 33 29 31 13 35 31 31
14 40 5 32 30 32 15 24 38 22 8 23 1 6 27 38 24 20 8 7 35 11 16 8 29 30 29 6 32 16
10 3 23 8 9 34 27 31 28 31 9 21 18 6 26 30 40 9 30 1 8 15 16 37 31 33 9 7 27 39
39 8 30 13 29 30 13 33 21 32 40 7 12 17 37 17 37 6 35 40 28 17 17 38 15 19 28 9 3 38
33 9 22 22 36 38 30 16 8 1 15 33 28 36 22 22 18 21 13 25 14 25 20 13 38 26 29 26 38 20
12 2 7 8 38 17 29 25 7 9 35 19 17 36 34 17 18 27 32 14 10 2 40 2 15 32 14 26 21 21
31 24 35 28 26 28 3 2 25 26 32 9 8 4 6 8 40 9 40 16 9 38 13 19 29 8 3 3 37 1
34 37 26 37 22 20 7 4 38 31 40 13 21 9 26 34 23 19 33 35 31 5 6 8 39 34 17 11 25 5
20 6 12 17 28 26 11 29 18 34 19 11 33 10 35 16 36 39 19 32 28 38 34 24 11 39 33 3 8 11
25 40 5 21 6 28 2 11 15 22 16 15 14 29 23 2 26 35 28 9 14 33 36 30 2 24 9 24 39 31
31 9 1 4 34 30 31 24 9 36 28 17 21 28 9 36 33 29 4 36 10 3 14 31 3 27 15 11 10 12
12 36 14 9 2 31 19 29 14 18 31 29 18 5 15 26 25 19 19 38 2 22 40 29 33 1 16 40 6 18
18 15 29 5 29 1 38 13 10 39 14 25 3 7 2 7 20 15 11 22 27 29 31 13 12 5 11 6 30 38
0 15 23 20 16 16 25 25 22 15 23 24 15 24 22 16
15 0 17 24 22 15 19 16 21 24 24 21 23 15 17 22
23 17 0 22 15 20 22 19 22 22 21 15 19 18 23 23
20 24 22 0 20 19 25 25 19 17 21 20 18 25 15 17
16 22 15 20 0 25 24 15 19 20 21 25 15 24 16 19
16 15 20 19 25 0 23 19 16 24 23 16 18 25 19 20
25 19 22 25 24 23 0 19 23 25 23 24 20 22 18 16
25 16 19 25 15 19 19 0 15 22 21 18 16 17 16 23
22 21 22 19 19 16 23 15 0 17 24 17 25 19 15 21
15 24 22 17 20 24 25 22 17 0 19 16 15 20 21 23
23 24 21 21 21 23 23 21 24 19 0 21 17 25 25 23
24 21 15 20 25 16 24 18 17 16 21 0 25 18 17 24
15 23 19 18 15 18 20 16 25 15 17 25 0 15 16 15
24 15 18 25 24 25 22 17 19 20 25 18 15 0 25 16
22 17 23 15 16 19 18 16 15 21 25 17 16 25 0 25
16 22 23 17 19 20 16 23 21 23 23 24 15 16 25 0
