14
28
5 104 58 95 23 58 65 78 94 54 48 116 63 106 85 73 71 106 97 3 58 102 109 6 5 110 48 112
39 81 28 27 34 103 64 34 75 43 60 77 57 52 7 23 16 65 81 22 118 54 100 56 97 11 83 11
73 41 61 118 95 105 61 66 8 38 72 116 71 8 111 82 39 66 38 110 25 81 65 69 100 67 113 94
51 84 103 104 47 100 81 75 53 21 60 71 91 8 112 13 59 47 39 73 80 66 24 42 113 76 16 85
54 102 18 108 33 25 45 56 22 46 5 35 55 70 90 51 20 62 45 82 69 117 43 48 107 71 7 108
59 26 36 10 120 15 92 37 63 28 85 3 6 62 93 92 77 80 26 30 36 15 96 44 34 6 3 85
111 82 95 120 56 107 91 38 87 55 98 67 20 100 77 54 84 31 118 7 27 23 40 94 28 9 32 74
115 96 3 4 9 100 112 22 7 111 96 41 94 31 109 98 4 118 72 3 38 103 48 87 50 85 100 19
31 82 92 81 59 39 89 108 98 98 106 40 115 39 23 26 59 69 57 20 34 111 2 49 116 83 75 52
82 47 37 110 102 119 5 63 117 115 9 76 114 65 66 119 77 72 11 31 93 68 17 79 93 41 61 113
89 9 104 85 73 8 90 108 6 83 9 36 56 41 3 90 80 25 33 119 111 24 89 120 96 91 104 3
72 42 73 26 3 64 40 75 13 73 47 42 25 22 34 31 104 95 97 15 16 48 30 14 22 64 25 4
68 16 104 15 23 109 17 95 71 64 44 17 5 89 66 111 23 70 70 56 64 33 112 18 107 54 99 107
115 6 10 49 69 53 35 34 59 4 36 91 113 82 106 16 71 19 77 44 16 34 1 28 41 82 91 112
0 24 17 24 18 22 19 15 24 17 16 17 18 22 23 18
24 0 22 23 20 15 18 17 22 22 20 23 17 23 15 16
17 22 0 22 18 17 17 17 23 23 23 23 21 21 20 16
24 23 22 0 17 20 18 21 24 16 19 25 16 22 15 25
18 20 18 17 0 18 21 19 25 24 21 16 24 24 25 21
22 15 17 20 18 0 21 23 23 16 16 19 23 21 22 25
19 18 17 18 21 21 0 17 16 15 25 22 22 22 20 17
15 17 17 21 19 23 17 0 22 19 22 20 20 18 25 22
24 22 23 24 25 23 16 22 0 21 22 23 18 25 19 24
17 22 23 16 24 16 15 19 21 0 22 23 23 20 18 18
16 20 23 19 21 16 25 22 22 22 0 15 20 19 22 19
17 23 23 25 16 19 22 20 23 23 15 0 17 23 16 23
18 17 21 16 24 23 22 20 18 23 20 17 0 25 17 21
22 23 21 22 24 21 22 18 25 20 19 23 25 0 15 24
23 15 20 15 25 22 20 25 19 18 22 16 17 15 0 22
18 16 16 25 21 25 17 22 24 18 19 23 21 24 22 0
