14
30
120 42 16 35 4 30 41 1 68 35 20 52 17 65 86 16 53 54 49 104 79 114 81 72 86 42 93 24 74 46
81 7 117 94 49 118 18 38 110 114 5 29 65 86 114 6 100 66 62 111 116 28 33 70 119 46 106 18 24 22
50 107 86 43 8 24 115 40 18 92 27 25 1 59 49 25 99 65 33 37 79 8 118 53 1 59 43 64 75 100
23 78 34 3 82 7 107 22 90 92 55 82 31 110 42 86 49 80 87 33 109 25 23 117 69 114 59 96 29 69
57 27 98 119 17 14 11 10 21 119 109 47 32 29 89 117 37 1 55 103 91 29 2 26 77 92 70 50 46 66
6 96 34 92 119 40 80 54 33 12 85 50 95 28 82 55 33 15 117 4 68 98 70 76 100 42 63 93 92 113
1 16 73 36 114 45 15 23 64 75 111 119 81 114 17 29 38 44 101 88 40 21 19 80 114 74 86 19 117 12
74 94 68 14 119 61 105 104 26 42 110 4 14 36 14 60 48 21 14 104 41 12 34 46 8 55 50 29 71 53
5 59 9 85 67 111 81 24 3 37 30 54 8 46 91 43 117 58 73 73 23 102 30 12 99 12 118 43 100 65
94 69 89 114 107 2 75 85 82 36 50 94 113 120 19 75 109 5 102 107 118 70 78 79 52 23 113 39 31 69
109 27 23 1 53 37 66 78 106 104 95 73 93 91 31 77 79 58 65 23 51 69 29 13 75 60 8 11 46 20
13 95 93 35 30 49 101 93 4 96 78 75 28 53 16 33 112 80 59 70 58 80 114 116 110 115 12 7 102 83
79 46 89 14 75 119 108 20 112 108 54 72 57 104 12 87 11 112 114 120 2 7 88 77 115 10 38 80 38 42
9 12 20 17 20 77 38 95 62 70 115 37 75 26 115 86 110 110 3 99 35 3 99 70 84 119 14 75 93 72
0 19 19 18 18 16 17 21 25 20 19 23 17 17 25 23
19 0 25 25 19 20 21 15 20 20 19 19 23 24 17 17
19 25 0 17 16 16 17 16 25 17 23 23 23 21 23 19
18 25 17 0 21 17 25 15 15 17 18 21 20 16 16 18
18 19 16 21 0 22 15 23 23 19 21 19 19 23 23 24
16 20 16 17 22 0 17 17 18 15 19 17 17 20 20 22
17 21 17 25 15 17 0 21 22 22 19 15 23 18 15 25
21 15 16 15 23 17 21 0 22 18 17 17 23 18 22 17
25 20 25 15 23 18 22 22 0 15 18 24 21 18 19 21
20 20 17 17 19 15 22 18 15 0 25 20 19 25 17 18
19 19 23 18 21 19 19 17 18 25 0 24 22 17 19 22
23 19 23 21 19 17 15 17 24 20 24 0 15 25 23 16
17 23 23 20 19 17 23 23 21 19 22 15 0 18 20 17
17 24 21 16 23 20 18 18 18 25 17 25 18 0 21 25
25 17 23 16 23 20 15 22 19 17 19 23 20 21 0 21
23 17 19 18 24 22 25 17 21 18 22 16 17 25 21 0
