14
28
88 97 17 150 155 147 142 155 64 144 139 21 143 2 74 126 147 34 116 78 46 33 110 19 50 137 17 4
129 10 58 114 127 37 115 40 124 120 143 105 158 104 45 35 91 6 47 2 75 2 112 92 124 8 42 15
149 160 95 46 22 1 73 123 7 133 133 133 87 60 160 137 153 60 6 15 21 8 59 27 7 46 44 35
121 57 64 92 36 96 117 159 92 106 114 73 134 59 109 19 140 23 147 39 114 27 49 150 75 125 138 113
43 26 18 49 30 97 65 150 2 71 152 125 63 57 38 66 15 38 95 142 61 158 137 90 12 23 115 58
89 119 51 50 74 125 158 2 49 44 150 87 129 61 69 49 137 137 82 116 27 5 127 3 93 57 54 142
122 108 97 150 91 96 109 108 153 160 140 35 19 5 9 68 69 34 64 78 120 56 34 103 138 35 77 56
89 18 34 63 29 96 141 37 33 157 160 117 89 65 93 103 124 140 75 88 101 148 144 26 23 50 158 24
61 116 89 29 152 146 7 22 96 62 138 28 119 38 122 54 75 89 21 113 145 75 44 100 36 102 150 92
39 92 149 5 87 56 37 130 74 30 53 74 76 1 115 14 4 15 17 153 47 99 151 60 146 151 34 26
48 76 142 28 11 144 147 111 104 109 11 116 90 27 143 51 52 62 90 111 29 93 121 11 1 86 95 89
64 28 58 125 101 109 123 160 113 101 43 157 135 160 67 46 108 11 27 157 55 10 105 88 76 104 16 124
81 106 6 94 57 124 138 78 9 40 83 145 126 117 88 33 4 15 104 37 50 65 58 59 12 58 63 114
67 75 152 102 140 14 13 109 12 109 24 42 141 68 111 22 105 147 9 14 125 15 62 44 28 69 128 35
0 21 18 20 15 16 17 19 24 17 19 24 25 23 15 15
21 0 18 18 25 25 15 17 24 15 17 15 21 15 18 18
18 18 0 17 19 15 16 15 19 15 19 22 21 18 20 18
20 18 17 0 24 25 25 17 24 23 17 18 22 21 16 18
15 25 19 24 0 24 18 20 23 23 25 19 22 20 16 25
16 25 15 25 24 0 22 17 20 23 20 20 22 20 22 21
17 15 16 25 18 22 0 18 21 24 22 24 18 23 24 15
19 17 15 17 20 17 18 0 18 24 18 22 20 15 15 22
24 24 19 24 23 20 21 18 0 17 23 22 25 20 24 21
17 15 15 23 23 23 24 24 17 0 20 25 24 25 18 19
19 17 19 17 25 20 22 18 23 20 0 25 25 17 18 16
24 15 22 18 19 20 24 22 22 25 25 0 21 23 18 25
25 21 21 22 22 22 18 20 25 24 25 21 0 18 16 24
23 15 18 21 20 20 23 15 20 25 17 23 18 0 22 16
15 18 20 16 16 22 24 15 24 18 18 18 16 22 0 21
15 18 18 18 25 21 15 22 21 19 16 25 24 16 21 0
