14
30
50 16 35 49 54 6 46 18 30 30 31 46 35 47 3 19 58 51 1 42 28 18 56 40 29 42 33 43 33 18
56 64 53 15 46 65 77 44 80 35 22 73 9 78 48 67 16 2 12 7 5 34 22 29 62 3 51 22 25 59
62 41 3 74 55 61 59 41 14 18 36 27 4 1 53 33 25 20 22 37 3 17 35 58 23 23 25 73 67 67
74 46 21 2 17 16 1 76 63 20 63 7 67 36 47 11 12 64 49 34 52 60 31 23 46 67 49 70 35 16
1 75 7 50 21 35 36 49 41 26 29 35 26 34 30 8 46 5 65 37 23 38 43 53 30 75 30 30 80 27
74 11 2 5 78 22 58 45 74 73 56 77 25 75 65 77 25 62 49 48 8 40 77 31 73 9 21 15 60 10
72 3 21 72 25 9 52 5 20 78 76 52 3 60 67 32 57 22 30 23 37 75 29 51 6 20 15 51 55 21
34 27 9 30 68 47 49 61 30 64 17 77 6 64 6 58 31 31 7 14 23 2 9 2 10 42 73 41 53 43
16 57 27 52 18 16 65 71 28 52 19 62 40 77 1 2 12 79 56 1 79 55 7 68 75 20 45 48 69 48
7 10 32 73 9 79 15 56 6 21 22 1 41 78 39 20 35 64 62 21 20 51 46 42 65 26 33 1 72 17
19 68 21 79 10 13 48 52 47 58 21 9 35 78 73 37 63 15 49 12 22 64 40 35 34 70 25 22 26 34
63 11 36 45 47 54 41 11 40 60 40 13 24 46 75 30 32 2 68 75 9 56 16 51 48 9 27 80 80 41
49 25 63 54 34 23 35 79 70 76 56 60 41 79 54 70 47 26 32 35 32 18 33 33 7 59 53 6 43 23
36 74 65 68 64 48 48 53 22 34 22 39 7 27 69 33 34 56 60 73 24 10 8 38 45 21 78 17 35 24
0 15 24 22 20 17 21 16 15 18 20 15 22 18 19 20
15 0 22 17 16 15 21 25 21 19 22 18 18 24 20 17
24 22 0 15 17 25 17 16 18 23 18 21 18 21 18 16
22 17 15 0 25 21 15 19 18 18 22 20 15 16 15 22
20 16 17 25 0 22 18 19 20 23 21 24 22 21 21 18
17 15 25 21 22 0 17 18 21 22 24 20 24 19 22 23
21 21 17 15 18 17 0 23 15 25 15 19 17 19 18 16
16 25 16 19 19 18 23 0 19 24 20 17 15 20 24 25
15 21 18 18 20 21 15 19 0 18 24 18 20 24 20 22
18 19 23 18 23 22 25 24 18 0 16 17 23 15 22 16
20 22 18 22 21 24 15 20 24 16 0 19 20 24 18 20
15 18 21 20 24 20 19 17 18 17 19 0 22 21 22 17
22 18 18 15 22 24 17 15 20 23 20 22 0 17 25 18
18 24 21 16 21 19 19 20 24 15 24 21 17 0 22 16
19 20 18 15 21 22 18 24 20 22 18 22 25 22 0 18
20 17 16 22 18 23 16 25 22 16 20 17 18 16 18 0
