15
30
46 41 27 64 37 65 31 27 8 68 48 16 60 64 26 37 13 26 23 1 50 47 57 18 40 44 67 69 2 79
47 22 80 78 46 1 34 52 13 23 44 56 62 66 5 32 77 4 13 57 27 59 48 59 32 30 79 18 73 26
43 20 18 44 24 1 42 72 23 76 45 50 45 27 13 80 17 65 79 3 66 14 33 56 50 30 16 72 20 28
78 68 22 70 42 29 47 12 7 64 37 67 42 16 11 12 16 29 12 14 19 35 56 74 47 72 62 57 13 72
9 14 32 12 38 74 61 22 27 78 46 4 11 34 76 70 59 31 64 56 64 33 33 33 65 29 75 34 17 26
73 71 45 80 31 50 62 52 49 54 63 61 55 4 66 59 72 10 51 59 50 49 49 6 38 3 55 80 10 61
11 4 71 32 80 56 33 66 11 61 49 14 3 42 60 55 25 33 1 58 8 14 78 37 3 28 10 50 3 40
6 66 7 18 41 17 2 74 2 17 67 30 40 47 71 80 40 25 23 56 63 44 60 78 41 71 77 53 48 61
3 52 60 27 63 40 64 31 56 25 19 76 77 2 63 78 40 35 27 36 6 43 10 26 34 55 23 36 26 46
74 78 9 55 5 44 13 65 56 52 7 56 30 27 53 57 2 74 77 23 27 60 67 34 35 52 17 31 37 78
9 60 17 80 22 31 5 31 9 29 44 43 5 30 41 55 69 13 51 77 55 6 2 69 80 3 65 2 35 24
57 10 66 33 39 2 1 71 63 4 46 56 23 64 54 57 1 30 47 11 13 65 63 62 50 11 66 49 9 36
29 46 49 1 12 8 79 40 19 70 15 76 37 42 59 2 32 1 34 7 40 17 40 73 40 50 33 18 6 10
10 64 78 52 35 54 12 8 33 64 51 14 66 62 56 66 57 26 80 26 34 77 2 17 12 32 58 2 32 50
13 59 63 41 19 78 23 6 57 11 64 80 77 74 80 33 60 76 64 59 42 76 11 25 17 59 6 13 24 32
0 25 17 24 15 20 17 19 19 19 16 21 25 25 17 22 15
25 0 20 17 16 18 17 23 16 17 24 21 15 25 25 20 21
17 20 0 18 18 15 23 16 23 24 19 17 22 17 20 15 22
24 17 18 0 22 20 15 15 21 19 18 25 18 22 15 20 15
15 16 18 22 0 20 16 20 22 21 22 21 19 17 18 23 19
20 18 15 20 20 0 16 16 15 15 18 15 23 25 23 18 20
17 17 23 15 16 16 0 20 19 22 24 22 16 21 19 22 20
19 23 16 15 20 16 20 0 22 22 17 23 18 18 19 17 19
19 16 23 21 22 15 19 22 0 19 22 15 24 15 16 22 25
19 17 24 19 21 15 22 22 19 0 17 20 16 17 20 19 22
16 24 19 18 22 18 24 17 22 17 0 25 15 23 23 17 21
21 21 17 25 21 15 22 23 15 20 25 0 17 19 23 19 17
25 15 22 18 19 23 16 18 24 16 15 17 0 18 18 18 25
25 25 17 22 17 25 21 18 15 17 23 19 18 0 20 18 15
17 25 20 15 18 23 19 19 16 20 23 23 18 20 0 16 17
22 20 15 20 23 18 22 17 22 19 17 19 18 18 16 0 24
15 21 22 15 19 20 20 19 25 22 21 17 25 15 17 24 0
