15
28
144 96 81 121 75 11 7 89 26 84 31 132 6 140 123 65 150 46 12 44 154 27 123 53 14 113 7 60
33 135 149 41 43 52 61 106 36 26 113 44 56 156 120 67 104 43 97 11 70 139 144 143 55 113 78 123
75 50 44 51 152 36 8 155 143 72 33 95 11 62 1 145 32 135 3 84 144 118 122 99 74 134 120 96
137 156 108 62 155 35 106 23 152 90 137 78 36 66 160 85 152 17 101 129 108 8 132 109 25 74 77 118
123 88 21 5 91 133 158 16 90 117 133 107 14 151 20 115 55 56 30 7 141 5 68 23 59 102 46 77
65 53 19 116 159 80 30 83 51 69 56 81 51 52 88 52 39 28 11 97 2 121 5 73 107 5 151 93
87 106 20 101 17 4 67 109 58 153 133 128 159 146 134 83 104 100 91 158 132 38 157 26 76 121 105 104
42 62 118 1 41 129 71 124 12 14 100 66 106 143 46 76 54 23 114 13 139 8 146 86 155 11 65 35
35 7 134 68 131 136 134 147 123 122 51 143 75 3 77 20 35 46 150 82 51 90 120 151 132 153 150 12
67 127 6 67 110 70 46 5 11 86 58 130 24 117 21 85 152 92 157 51 95 12 154 61 129 28 1 97
78 84 68 139 56 2 9 70 96 71 128 134 7 93 133 47 96 58 1 13 43 109 151 4 160 11 75 143
90 94 3 140 70 140 40 23 55 61 116 1 87 49 113 134 44 61 43 145 48 54 152 92 42 106 120 29
98 133 55 129 144 87 86 138 135 147 64 56 43 127 66 133 31 113 48 124 46 99 153 129 151 159 140 118
70 157 101 82 9 82 126 10 30 72 71 155 116 68 70 50 138 55 13 85 158 16 44 109 103 46 36 157
88 158 59 132 102 151 86 13 55 150 115 16 29 12 71 19 93 137 131 65 136 134 110 27 90 44 95 14
0 23 18 25 18 25 21 18 17 23 25 16 16 25 23 18 24
23 0 24 22 19 16 22 17 17 16 16 24 15 17 15 24 22
18 24 0 20 21 17 16 19 15 18 16 16 17 15 20 15 18
25 22 20 0 23 25 15 22 17 25 19 23 24 24 20 16 18
18 19 21 23 0 20 20 17 19 23 22 15 22 18 24 22 25
25 16 17 25 20 0 17 17 22 18 18 24 25 22 22 25 22
21 22 16 15 20 17 0 21 18 15 16 22 25 22 20 16 25
18 17 19 22 17 17 21 0 19 19 23 19 22 16 21 15 16
17 17 15 17 19 22 18 19 0 17 22 20 15 20 19 20 18
23 16 18 25 23 18 15 19 17 0 20 22 15 24 22 18 19
25 16 16 19 22 18 16 23 22 20 0 16 21 22 16 23 15
16 24 16 23 15 24 22 19 20 22 16 0 24 16 15 17 15
16 15 17 24 22 25 25 22 15 15 21 24 0 16 24 22 18
25 17 15 24 18 22 22 16 20 24 22 16 16 0 16 24 22
23 15 20 20 24 22 20 21 19 22 16 15 24 16 0 19 15
18 24 15 16 22 25 16 15 20 18 23 17 22 24 19 0 21
24 22 18 18 25 22 25 16 18 19 15 15 18 22 15 21 0
