15
30
13 4 26 1 25 14 14 33 4 32 34 36 23 8 29 33 1 6 11 11 6 34 3 28 10 4 15 29 29 22
24 5 21 36 2 14 15 22 37 40 37 28 11 40 12 14 2 15 14 21 25 14 16 32 25 23 32 12 38 24
24 37 29 12 17 1 34 37 2 22 2 17 28 33 18 37 37 37 4 30 13 9 19 39 40 16 21 30 22 28
23 38 36 20 5 33 8 38 35 17 25 11 33 31 23 28 21 21 8 23 9 29 3 14 5 19 27 20 18 11
20 21 27 35 31 1 12 12 7 5 35 9 10 9 29 21 5 15 35 28 17 9 39 12 26 16 21 17 36 38
14 37 3 37 36 21 15 35 16 16 35 2 25 17 30 30 23 17 10 15 33 37 32 20 16 31 10 15 30 9
36 5 19 38 5 8 39 10 6 40 10 10 8 31 10 31 40 34 17 32 39 11 19 27 11 10 16 9 2 34
6 38 23 25 40 29 37 26 29 36 10 15 1 6 23 27 35 25 12 27 11 33 37 11 14 6 4 13 4 12
38 34 31 6 20 36 23 2 21 31 40 22 26 5 8 18 6 12 1 19 9 15 37 28 36 39 36 32 13 18
39 29 13 29 29 24 28 18 31 1 38 10 34 13 38 37 22 13 11 2 33 14 8 9 28 25 33 24 14 20
21 21 11 2 30 39 3 33 20 28 13 38 27 33 11 9 23 38 25 18 1 28 10 40 3 1 30 26 8 39
5 25 24 20 25 12 7 39 36 28 26 38 2 21 28 18 27 5 40 31 16 32 27 17 5 20 20 19 3 22
35 8 6 26 20 5 30 39 39 29 19 31 4 28 36 18 14 21 17 34 34 26 33 12 5 18 15 11 7 1
23 24 12 39 34 29 29 19 35 21 1 17 37 32 9 15 12 10 19 10 10 37 14 35 21 8 20 9 39 27
13 15 2 38 6 33 35 2 9 19 7 28 8 34 21 25 34 29 10 2 37 28 4 40 18 18 10 5 13 36
0 24 17 18 16 23 20 19 15 21 18 23 21 15 19 19 16
24 0 23 24 25 21 15 15 16 24 23 21 21 24 16 25 23
17 23 0 17 24 23 23 22 24 20 18 18 22 25 25 23 22
18 24 17 0 19 22 24 25 20 21 22 21 20 20 19 24 15
16 25 24 19 0 23 17 22 15 15 24 24 21 17 20 25 24
23 21 23 22 23 0 18 18 25 19 19 17 15 20 19 17 16
20 15 23 24 17 18 0 17 25 17 16 15 15 21 20 15 20
19 15 22 25 22 18 17 0 23 15 23 19 17 21 18 16 16
15 16 24 20 15 25 25 23 0 21 23 23 19 19 18 24 19
21 24 20 21 15 19 17 15 21 0 18 23 23 20 19 25 25
18 23 18 22 24 19 16 23 23 18 0 16 22 24 21 17 16
23 21 18 21 24 17 15 19 23 23 16 0 16 20 15 18 16
21 21 22 20 21 15 15 17 19 23 22 16 0 19 22 20 20
15 24 25 20 17 20 21 21 19 20 24 20 19 0 23 21 15
19 16 25 19 20 19 20 18 18 19 21 15 22 23 0 18 25
19 25 23 24 25 17 15 16 24 25 17 18 20 21 18 0 20
16 23 22 15 24 16 20 16 19 25 16 16 20 15 25 20 0
