15
30
94 113 39 99 83 118 12 107 40 102 87 51 71 75 18 31 115 52 50 1 31 53 117 34 114 71 69 55 120 37
6 116 94 115 119 31 15 44 62 33 67 13 43 19 58 73 4 83 115 56 4 114 99 63 26 103 62 110 107 79
28 117 34 76 3 103 31 42 69 79 12 41 20 86 89 52 31 113 91 59 72 105 35 58 74 72 94 98 71 39
118 120 51 2 62 100 37 63 63 15 88 78 25 1 24 69 114 108 98 103 12 8 73 21 19 63 14 53 50 45
106 90 44 90 27 2 82 76 55 50 102 43 41 41 108 27 53 9 32 36 1 78 107 22 4 93 112 89 75 69
103 103 106 108 25 29 112 44 96 1 70 1 27 9 106 35 32 114 86 10 32 78 33 63 58 9 66 82 74 40
71 17 16 42 28 10 36 76 28 35 69 20 106 42 78 33 46 69 35 53 84 81 114 116 53 17 88 103 85 78
101 103 59 74 116 105 113 86 76 45 12 64 3 73 7 81 120 16 65 45 79 37 105 67 112 14 46 73 1 117
2 53 38 56 114 29 54 20 21 97 70 55 104 1 24 59 42 120 89 4 113 46 57 100 83 108 49 87 37 98
9 70 44 44 3 33 35 94 66 70 22 82 50 4 21 107 16 115 72 56 90 86 114 6 98 94 98 93 1 100
94 39 14 44 80 25 116 120 30 51 64 92 118 63 46 9 79 91 52 24 107 109 62 102 61 26 35 93 104 100
35 77 89 106 113 49 12 103 92 16 69 60 83 107 58 90 60 41 70 9 17 58 99 118 99 75 99 45 83 62
101 95 75 21 88 30 34 62 10 14 29 13 74 72 45 113 84 63 68 85 116 47 59 44 73 8 39 70 102 19
33 39 58 96 117 22 78 22 72 109 83 92 14 32 70 3 54 16 53 69 71 71 24 102 75 55 27 35 81 93
112 76 17 58 71 79 31 33 91 4 29 82 104 10 28 109 17 110 101 24 108 102 26 21 103 69 78 26 93 41
0 15 15 25 23 20 23 18 18 22 15 17 22 21 21 16 21
15 0 20 18 20 17 21 16 22 20 21 21 21 25 15 20 20
15 20 0 18 22 24 15 20 21 22 25 18 16 19 24 21 15
25 18 18 0 17 24 17 16 15 24 21 17 17 18 19 17 17
23 20 22 17 0 18 19 20 17 15 20 19 16 19 18 19 17
20 17 24 24 18 0 15 22 23 18 18 24 24 23 23 25 19
23 21 15 17 19 15 0 25 23 23 18 18 20 21 19 20 20
18 16 20 16 20 22 25 0 20 16 24 19 16 20 17 17 16
18 22 21 15 17 23 23 20 0 21 16 25 21 24 25 20 22
22 20 22 24 15 18 23 16 21 0 22 20 19 16 17 17 22
15 21 25 21 20 18 18 24 16 22 0 24 15 22 18 21 24
17 21 18 17 19 24 18 19 25 20 24 0 17 16 25 21 24
22 21 16 17 16 24 20 16 21 19 15 17 0 22 22 21 18
21 25 19 18 19 23 21 20 24 16 22 16 22 0 22 18 17
21 15 24 19 18 23 19 17 25 17 18 25 22 22 0 22 23
16 20 21 17 19 25 20 17 20 17 21 21 21 18 22 0 15
21 20 15 17 17 19 20 16 22 22 24 24 18 17 23 15 0
