15
30
4 8 6 6 16 13 38 20 33 28 11 22 78 17 80 46 43 74 38 53 24 36 6 9 17 32 35 21 16 18
7 45 60 80 10 35 40 27 77 27 73 25 22 79 6 55 47 53 76 76 8 57 49 8 12 66 68 45 5 15
78 62 30 39 78 48 14 78 74 35 21 25 75 43 79 34 44 47 9 52 19 76 66 33 57 19 15 18 53 39
54 52 52 59 51 49 42 78 12 60 12 48 77 51 76 67 20 28 34 28 70 24 29 73 73 25 39 59 25 71
27 17 80 28 39 44 69 45 27 45 32 32 62 26 78 64 46 65 37 5 18 63 71 67 18 38 6 68 46 30
7 8 6 58 13 9 13 49 62 20 45 57 13 76 43 8 22 44 51 41 79 10 75 51 24 8 61 39 4 38
76 33 38 31 62 18 62 59 69 73 23 1 14 34 61 51 43 41 32 12 50 51 80 31 70 65 36 76 49 21
21 10 35 39 79 32 6 37 15 75 24 28 25 50 17 7 49 45 52 30 38 44 30 3 22 67 69 41 42 30
35 22 1 46 11 17 25 16 5 23 76 57 78 54 45 78 61 75 38 38 76 47 43 42 41 44 54 50 76 24
42 45 61 19 25 63 37 79 65 40 61 7 67 78 38 62 60 8 41 53 62 72 63 4 25 76 59 1 14 44
73 80 13 44 23 78 39 47 58 32 1 75 61 49 35 6 60 14 59 54 9 17 18 4 76 53 35 63 63 79
69 73 73 38 78 46 49 66 26 37 2 16 6 39 9 17 16 43 11 40 45 40 9 18 26 6 33 9 55 16
73 54 2 68 67 27 65 50 25 61 22 35 18 52 2 26 66 48 53 52 2 60 24 16 68 21 17 6 8 34
66 32 4 54 57 40 46 52 77 12 7 61 56 20 42 63 2 56 18 7 2 27 73 5 74 35 45 64 38 61
11 41 62 3 4 13 5 44 78 78 13 14 31 64 57 8 35 30 10 15 21 9 8 25 43 51 6 22 37 72
0 19 16 23 16 16 25 24 19 25 16 20 25 23 19 20 17
19 0 20 25 17 20 23 15 20 22 25 25 15 24 21 16 15
16 20 0 19 17 19 17 23 18 20 22 21 25 25 16 19 24
23 25 19 0 23 16 20 18 19 17 25 23 17 23 25 20 19
16 17 17 23 0 16 21 24 19 15 25 17 24 24 16 22 19
16 20 19 16 16 0 18 21 20 24 20 16 18 19 24 15 16
25 23 17 20 21 18 0 18 20 17 19 20 18 25 24 21 18
24 15 23 18 24 21 18 0 18 15 19 16 19 24 21 17 20
19 20 18 19 19 20 20 18 0 20 21 21 20 24 21 20 16
25 22 20 17 15 24 17 15 20 0 22 23 24 24 19 16 21
16 25 22 25 25 20 19 19 21 22 0 24 19 21 20 25 17
20 25 21 23 17 16 20 16 21 23 24 0 18 16 18 24 21
25 15 25 17 24 18 18 19 20 24 19 18 0 19 22 23 23
23 24 25 23 24 19 25 24 24 24 21 16 19 0 17 20 19
19 21 16 25 16 24 24 21 21 19 20 18 22 17 0 23 16
20 16 19 20 22 15 21 17 20 16 25 24 23 20 23 0 18
17 15 24 19 19 16 18 20 16 21 17 21 23 19 16 18 0
