15
28
77 64 47 50 70 8 52 38 57 60 1 27 39 66 5 38 74 48 19 56 64 22 24 45 51 67 24 47
20 28 79 48 44 26 48 35 51 8 71 68 64 40 26 20 64 10 5 7 47 65 60 46 69 39 76 70
68 29 3 26 42 57 70 1 4 69 41 23 6 10 46 63 20 74 74 78 70 28 54 54 65 21 38 15
9 21 70 54 74 22 41 52 11 45 6 2 68 70 24 25 40 17 19 78 42 18 41 7 14 41 39 47
46 69 66 50 64 64 34 10 7 54 24 43 69 40 71 77 28 28 74 24 59 48 53 54 4 46 10 30
41 37 16 56 13 45 2 63 5 25 35 7 24 60 53 15 24 77 21 68 32 62 4 52 43 29 67 76
79 64 11 44 19 79 11 76 59 42 64 8 25 27 59 46 6 14 69 61 20 38 14 33 34 37 67 39
54 14 60 12 63 8 22 70 20 43 7 59 37 19 23 11 67 24 64 41 54 71 78 60 44 59 52 57
15 3 68 3 58 55 2 45 59 30 6 46 11 33 47 26 70 72 79 19 37 49 65 37 36 37 14 14
61 8 77 64 29 51 22 58 73 42 5 32 49 49 29 32 57 16 74 67 65 52 10 66 60 42 52 32
12 76 35 11 66 5 72 63 35 44 34 47 13 38 39 37 12 16 44 44 35 45 19 73 73 72 4 5
5 34 27 78 74 28 28 20 21 32 66 16 7 15 1 60 68 20 74 21 59 41 7 75 31 51 78 69
39 47 64 15 20 64 56 80 1 67 36 31 24 40 69 59 65 61 1 63 53 66 3 53 79 76 76 78
23 1 25 37 49 18 54 73 68 33 31 37 20 57 31 4 37 75 59 78 51 29 40 77 66 11 51 36
27 21 74 32 21 59 60 69 29 4 76 21 61 66 4 75 65 47 8 42 68 73 47 25 38 31 23 78
0 17 24 21 22 18 18 17 23 15 25 19 23 23 16 23 24
17 0 25 18 16 21 19 24 21 23 22 20 25 19 20 16 19
24 25 0 23 15 22 16 21 19 21 20 25 20 22 17 22 16
21 18 23 0 23 21 22 18 21 21 20 22 21 25 24 25 22
22 16 15 23 0 18 21 20 21 23 15 16 16 19 24 16 17
18 21 22 21 18 0 18 17 23 21 18 17 15 24 24 22 23
18 19 16 22 21 18 0 23 16 19 18 21 19 15 15 22 16
17 24 21 18 20 17 23 0 24 22 25 18 23 15 24 21 18
23 21 19 21 21 23 16 24 0 18 24 23 24 17 17 20 20
15 23 21 21 23 21 19 22 18 0 19 21 18 17 24 15 22
25 22 20 20 15 18 18 25 24 19 0 25 23 21 21 25 25
19 20 25 22 16 17 21 18 23 21 25 0 18 16 19 18 18
23 25 20 21 16 15 19 23 24 18 23 18 0 23 17 18 20
23 19 22 25 19 24 15 15 17 17 21 16 23 0 24 18 19
16 20 17 24 24 24 15 24 17 24 21 19 17 24 0 23 21
23 16 22 25 16 22 22 21 20 15 25 18 18 18 23 0 23
24 19 16 22 17 23 16 18 20 22 25 18 20 19 21 23 0
