15
28
29 33 14 27 29 20 7 1 37 28 38 19 18 32 5 16 38 32 31 18 20 32 5 3 14 16 3 1
26 32 13 40 34 4 17 36 16 8 30 3 6 30 35 32 17 29 32 40 24 32 16 29 14 39 2 28
14 29 7 6 33 23 31 20 34 33 27 6 25 17 23 27 8 39 14 34 28 3 34 23 18 14 40 14
37 15 2 36 39 8 9 19 13 15 34 30 40 22 12 19 34 39 1 3 24 2 32 9 25 24 12 26
5 4 35 40 27 20 28 39 10 15 13 21 36 9 32 13 12 36 32 12 5 22 25 10 22 18 31 10
13 14 18 30 5 2 28 16 27 25 36 15 38 27 25 34 2 8 3 3 32 21 1 17 29 31 4 22
39 35 3 23 4 1 23 7 25 13 7 10 22 2 23 13 11 32 5 21 30 25 23 36 23 9 22 16
35 16 28 25 4 39 7 19 31 25 14 4 31 1 31 22 24 28 23 32 13 13 34 16 9 25 36 32
3 29 37 30 2 20 34 17 26 37 32 2 17 5 11 24 18 1 23 39 16 25 31 7 27 7 23 20
37 40 14 17 26 9 31 38 33 9 34 25 35 4 5 5 4 14 14 5 24 34 4 18 36 29 18 6
31 33 26 14 33 2 18 23 31 14 34 31 40 25 17 37 18 22 22 29 16 12 22 8 20 16 5 3
22 19 21 4 40 7 25 28 29 12 21 4 40 12 20 26 6 36 22 21 24 26 1 37 7 6 34 19
14 9 13 24 39 39 8 20 10 5 27 31 25 33 6 27 17 1 39 3 33 27 38 8 36 11 30 7
11 28 36 33 25 33 8 33 23 14 33 15 34 38 7 36 20 3 38 37 33 5 27 30 19 6 26 14
30 17 37 28 9 1 13 17 13 36 17 10 10 9 15 5 38 36 21 2 21 7 2 26 17 10 9 16
0 16 20 16 16 15 18 15 18 21 15 15 22 15 24 20 18
16 0 24 15 20 20 25 24 24 20 25 24 16 18 17 20 17
20 24 0 19 19 20 19 16 15 24 18 15 19 20 23 25 22
16 15 19 0 20 19 15 23 15 19 15 16 17 24 16 25 18
16 20 19 20 0 22 23 17 20 18 20 19 18 23 19 15 20
15 20 20 19 22 0 16 24 22 25 18 18 23 20 15 24 22
18 25 19 15 23 16 0 17 24 23 16 16 21 15 20 21 17
15 24 16 23 17 24 17 0 25 25 15 19 25 22 16 17 17
18 24 15 15 20 22 24 25 0 16 15 24 24 16 21 23 23
21 20 24 19 18 25 23 25 16 0 19 22 17 22 16 22 24
15 25 18 15 20 18 16 15 15 19 0 18 21 19 19 17 23
15 24 15 16 19 18 16 19 24 22 18 0 24 20 21 23 23
22 16 19 17 18 23 21 25 24 17 21 24 0 20 21 18 16
15 18 20 24 23 20 15 22 16 22 19 20 20 0 18 25 20
24 17 23 16 19 15 20 16 21 16 19 21 21 18 0 18 22
20 20 25 25 15 24 21 17 23 22 17 23 18 25 18 0 17
18 17 22 18 20 22 17 17 23 24 23 23 16 20 22 17 0
