16
28
52 24 47 10 5 22 43 31 54 36 56 79 39 68 49 69 46 27 69 55 59 54 14 57 1 2 7 3
2 44 42 27 74 49 56 23 61 15 13 25 18 68 77 24 3 62 38 9 30 36 56 44 3 2 20 64
71 6 31 71 17 80 10 21 67 8 31 1 23 9 18 12 36 18 12 25 1 35 69 50 80 38 60 35
18 38 61 40 46 22 50 22 23 80 15 61 78 3 48 77 45 51 42 70 10 69 75 67 72 36 47 10
26 59 37 70 9 35 41 48 17 63 28 76 7 31 15 41 56 75 62 55 67 11 13 12 75 28 24 64
34 39 46 23 62 48 18 42 37 74 77 3 3 62 48 18 7 40 6 15 46 70 13 71 40 47 79 69
64 53 22 52 77 44 41 29 2 50 59 27 16 21 59 74 65 38 41 58 77 56 62 80 45 63 58 10
69 18 46 50 13 9 24 74 68 42 8 53 15 4 11 42 60 39 56 51 77 58 23 35 35 50 44 46
17 66 42 77 39 15 11 20 13 12 63 15 6 55 39 65 35 54 39 75 14 46 73 57 16 37 7 3
51 46 35 70 49 4 71 63 35 29 3 45 10 22 70 28 72 66 35 27 4 3 13 66 60 16 44 69
27 44 27 80 41 38 26 35 4 34 29 13 16 60 68 15 21 52 8 49 54 26 28 59 62 61 71 41
43 52 58 46 47 50 25 20 14 15 11 47 20 64 46 49 37 14 62 67 77 62 16 57 39 48 39 53
21 70 63 62 75 21 23 66 65 3 12 30 31 29 34 67 11 14 80 63 47 79 12 67 68 42 58 14
31 76 73 15 11 25 77 2 38 51 68 56 16 48 41 55 80 3 14 10 33 54 6 62 56 52 16 26
53 16 30 13 59 66 11 43 48 29 49 76 26 20 55 19 21 27 39 49 48 46 21 6 66 6 20 35
77 19 35 19 51 40 31 74 49 47 78 41 42 70 80 14 34 31 3 12 64 57 3 56 18 15 44 25
0 23 22 18 23 25 19 21 23 20 15 24 16 15 22 24 18 16
23 0 22 24 16 19 15 18 22 24 20 23 22 15 18 15 23 20
22 22 0 19 15 15 21 17 18 22 17 17 22 19 17 22 23 24
18 24 19 0 18 23 16 20 16 18 17 20 15 23 22 20 25 23
23 16 15 18 0 22 25 25 17 25 15 20 23 16 18 15 19 17
25 19 15 23 22 0 15 25 18 22 23 25 21 18 19 23 17 24
19 15 21 16 25 15 0 20 23 22 17 19 21 21 16 24 20 21
21 18 17 20 25 25 20 0 16 21 19 17 23 19 15 15 16 16
23 22 18 16 17 18 23 16 0 17 24 19 24 23 24 16 22 21
20 24 22 18 25 22 22 21 17 0 16 25 22 20 16 21 16 25
15 20 17 17 15 23 17 19 24 16 0 15 22 25 15 17 16 15
24 23 17 20 20 25 19 17 19 25 15 0 16 19 23 19 16 16
16 22 22 15 23 21 21 23 24 22 22 16 0 19 17 22 25 19
15 15 19 23 16 18 21 19 23 20 25 19 19 0 22 18 15 20
22 18 17 22 18 19 16 15 24 16 15 23 17 22 0 22 22 21
24 15 22 20 15 23 24 15 16 21 17 19 22 18 22 0 18 24
18 23 23 25 19 17 20 16 22 16 16 16 25 15 22 18 0 20
16 20 24 23 17 24 21 16 21 25 15 16 19 20 21 24 20 0
