16
28
14 29 11 32 4 33 36 36 26 37 31 17 10 3 39 29 36 12 23 5 8 37 29 35 11 38 13 9
27 12 29 36 18 18 39 35 25 39 40 26 29 15 6 26 16 26 1 36 28 25 38 21 25 11 8 12
35 2 4 22 20 27 14 29 3 11 12 37 15 18 23 13 33 5 4 5 29 12 18 28 8 28 9 4
12 26 7 36 18 28 5 4 29 1 2 21 12 3 32 16 10 38 13 2 9 3 4 38 40 39 20 2
30 25 35 21 15 32 28 7 10 36 21 4 40 17 35 35 25 31 38 25 28 15 10 10 1 15 30 9
30 8 11 22 19 24 40 4 7 40 8 28 29 7 10 13 28 16 25 17 2 31 22 8 19 31 5 11
13 38 18 7 11 10 32 11 1 31 18 40 30 21 12 15 1 31 22 26 32 11 29 16 33 5 14 26
32 19 31 11 20 12 5 40 15 9 5 7 28 37 18 8 32 22 25 4 19 8 9 7 9 25 1 6
2 2 8 22 8 7 9 13 13 29 15 10 12 24 11 16 18 8 14 24 30 9 11 3 7 34 31 16
32 31 22 5 30 12 39 29 39 38 36 30 29 12 39 34 13 17 18 32 37 37 34 2 21 14 24 33
18 3 20 28 2 23 29 25 1 24 29 30 23 7 16 3 25 36 11 20 12 31 32 37 26 36 17 38
25 34 31 22 35 27 4 20 38 3 25 6 14 12 27 30 33 21 19 38 25 8 16 6 30 37 36 12
38 2 10 34 36 3 16 20 19 22 8 25 38 9 36 21 6 32 15 13 35 27 40 10 11 25 11 22
32 13 31 29 13 14 12 14 12 10 7 17 38 3 28 14 13 1 38 9 33 23 37 1 38 14 26 24
40 24 9 9 2 29 18 29 38 27 24 27 9 23 16 40 40 31 6 21 30 3 15 13 6 20 10 21
21 33 36 39 16 39 29 10 30 11 17 29 24 19 24 38 7 31 19 3 32 34 5 37 18 7 18 22
0 19 22 21 23 22 24 20 20 23 21 22 17 22 16 22 19 15
19 0 23 17 19 25 15 22 18 25 16 17 22 16 24 25 21 16
22 23 0 21 22 20 20 16 17 20 19 25 16 21 22 19 17 20
21 17 21 0 23 19 23 20 20 15 17 22 24 16 22 16 24 15
23 19 22 23 0 16 24 17 23 15 19 19 15 17 21 15 17 22
22 25 20 19 16 0 22 19 23 24 15 16 19 20 16 19 21 24
24 15 20 23 24 22 0 25 20 16 15 17 20 15 23 18 16 22
20 22 16 20 17 19 25 0 22 22 17 23 24 15 22 18 25 16
20 18 17 20 23 23 20 22 0 15 24 17 25 23 22 24 20 18
23 25 20 15 15 24 16 22 15 0 19 18 16 21 18 22 22 25
21 16 19 17 19 15 15 17 24 19 0 17 18 23 16 24 21 15
22 17 25 22 19 16 17 23 17 18 17 0 23 17 24 22 17 22
17 22 16 24 15 19 20 24 25 16 18 23 0 18 20 17 20 17
22 16 21 16 17 20 15 15 23 21 23 17 18 0 19 21 22 25
16 24 22 22 21 16 23 22 22 18 16 24 20 19 0 16 22 18
22 25 19 16 15 19 18 18 24 22 24 22 17 21 16 0 25 20
19 21 17 24 17 21 16 25 20 22 21 17 20 22 22 25 0 20
15 16 20 15 22 24 22 16 18 25 15 22 17 25 18 20 20 0
