16
30
37 59 37 118 26 75 20 115 96 113 118 66 19 12 40 85 100 35 119 2 52 90 7 70 20 26 104 73 12 42
84 15 95 9 3 113 55 26 3 116 31 112 93 44 22 37 10 97 108 89 39 26 12 32 15 43 106 3 120 114
4 80 118 73 75 43 37 40 15 35 22 99 46 4 112 76 58 101 15 7 47 36 8 6 42 79 42 89 7 118
91 26 94 104 56 58 58 24 13 5 26 2 3 93 57 57 54 25 58 18 104 51 95 25 75 79 72 66 114 95
101 84 38 59 21 2 96 41 58 13 15 14 43 90 97 111 115 69 104 46 12 109 83 22 96 47 74 63 38 108
27 62 96 27 42 96 12 61 27 83 67 33 75 19 1 69 12 61 29 21 53 12 2 32 47 54 107 59 41 77
73 85 116 1 79 51 54 91 20 99 112 66 44 93 20 21 27 50 33 74 118 118 50 24 50 85 36 71 1 3
89 23 70 88 98 100 48 107 52 47 28 45 77 84 34 27 87 11 3 47 37 37 101 56 57 97 72 31 19 43
100 27 56 20 9 82 13 75 28 55 76 110 20 99 78 8 93 11 81 46 42 85 70 43 71 100 10 42 3 69
61 41 79 50 21 106 66 80 42 60 33 66 43 35 82 28 31 60 9 77 70 78 61 119 69 57 81 100 74 74
85 35 49 24 89 51 13 22 35 117 18 22 99 113 3 25 54 28 117 99 74 80 112 72 26 79 114 100 18 29
38 33 22 87 99 78 12 112 50 66 95 46 15 43 43 113 117 62 52 89 68 93 94 79 42 96 115 119 85 43
20 47 69 33 87 30 17 23 48 47 77 17 24 80 109 4 44 18 108 77 37 27 25 45 49 113 78 26 103 13
72 115 2 115 38 10 60 118 111 118 32 75 38 99 39 7 70 59 12 63 33 32 79 67 107 10 65 96 67 32
9 68 101 87 73 112 90 28 26 104 62 98 23 52 68 98 7 102 91 118 42 36 24 82 85 32 34 118 84 82
102 88 6 4 118 4 32 69 96 115 12 10 10 1 9 19 66 4 39 55 84 118 48 59 23 115 75 111 4 98
0 25 25 16 20 21 23 21 16 21 17 18 17 23 22 25 22 23
25 0 17 22 17 18 24 21 20 21 22 22 23 19 25 21 24 25
25 17 0 17 15 19 16 15 20 24 19 23 25 25 15 18 21 25
16 22 17 0 15 17 23 22 15 24 17 17 24 24 17 22 19 20
20 17 15 15 0 22 17 24 16 20 15 21 25 23 15 25 24 16
21 18 19 17 22 0 17 19 23 21 21 18 21 24 24 21 25 19
23 24 16 23 17 17 0 15 20 20 25 24 20 15 16 22 20 17
21 21 15 22 24 19 15 0 16 19 18 15 16 20 23 15 24 22
16 20 20 15 16 23 20 16 0 23 15 25 21 25 19 22 23 23
21 21 24 24 20 21 20 19 23 0 18 21 15 21 19 21 20 16
17 22 19 17 15 21 25 18 15 18 0 21 22 23 22 18 17 24
18 22 23 17 21 18 24 15 25 21 21 0 25 19 16 21 18 15
17 23 25 24 25 21 20 16 21 15 22 25 0 15 19 20 19 20
23 19 25 24 23 24 15 20 25 21 23 19 15 0 25 15 15 15
22 25 15 17 15 24 16 23 19 19 22 16 19 25 0 16 19 15
25 21 18 22 25 21 22 15 22 21 18 21 20 15 16 0 15 18
22 24 21 19 24 25 20 24 23 20 17 18 19 15 19 15 0 20
23 25 25 20 16 19 17 22 23 16 24 15 20 15 15 18 20 0
