16
28
41 106 9 94 62 78 129 60 93 30 154 10 68 143 40 87 97 123 133 71 149 99 152 57 152 154 131 146
54 75 19 57 113 19 66 49 114 138 23 31 128 80 131 146 88 65 28 149 13 29 26 48 115 35 61 126
120 149 50 3 155 58 22 73 10 97 26 124 3 84 113 24 57 45 14 140 2 76 89 110 120 6 59 62
71 8 43 119 73 68 61 76 120 116 154 158 38 78 93 90 37 61 155 4 76 147 148 36 151 149 105 159
23 50 21 65 119 104 82 46 141 31 28 69 103 157 34 51 99 26 27 11 73 105 57 126 106 73 120 72
12 16 26 99 82 110 62 124 29 15 56 133 71 54 11 60 133 153 132 30 125 13 123 55 10 64 94 10
83 31 156 140 152 105 43 7 15 61 78 97 127 138 87 56 133 30 48 151 131 36 23 136 14 44 5 17
14 1 104 18 82 72 40 16 90 67 74 119 131 70 83 75 135 72 114 140 157 3 84 121 15 75 96 94
120 54 20 68 32 25 151 36 50 115 100 115 106 80 70 54 112 67 7 31 70 83 94 13 146 151 96 5
12 44 80 38 6 34 107 108 83 41 41 151 18 30 7 71 32 11 5 112 105 106 93 20 119 87 34 17
9 102 8 35 88 103 83 109 3 143 55 83 133 116 26 26 25 25 6 73 140 26 111 145 4 126 128 2
32 18 100 18 82 126 96 119 42 13 134 12 43 60 124 50 74 78 145 86 72 23 115 47 96 140 160 107
1 155 11 74 65 126 149 6 152 110 24 86 104 45 80 41 72 3 82 141 5 28 66 13 26 69 59 101
70 126 21 49 10 88 37 80 29 144 58 80 49 115 103 95 9 83 27 14 120 69 63 154 137 76 140 107
118 78 119 124 155 70 52 122 56 2 6 39 67 1 81 11 154 103 41 16 151 133 8 92 141 142 27 121
10 122 42 64 148 47 65 33 30 53 154 112 81 109 104 124 154 73 133 16 100 94 152 101 72 141 14 154
0 15 15 20 19 18 18 21 22 16 18 19 25 25 16 20 24 20
15 0 16 18 24 15 18 16 18 15 16 23 17 23 16 16 24 22
15 16 0 24 16 22 15 20 20 22 18 23 15 25 16 21 24 25
20 18 24 0 19 15 24 17 16 19 20 17 24 21 16 18 16 23
19 24 16 19 0 20 24 19 23 24 24 18 15 18 22 22 20 15
18 15 22 15 20 0 22 22 23 23 21 15 15 25 19 16 16 18
18 18 15 24 24 22 0 19 25 20 24 16 25 16 17 24 17 22
21 16 20 17 19 22 19 0 22 20 21 25 24 21 17 21 23 16
22 18 20 16 23 23 25 22 0 20 17 16 25 21 21 24 19 25
16 15 22 19 24 23 20 20 20 0 22 18 16 21 20 17 18 18
18 16 18 20 24 21 24 21 17 22 0 22 24 16 21 15 15 19
19 23 23 17 18 15 16 25 16 18 22 0 16 16 19 22 21 20
25 17 15 24 15 15 25 24 25 16 24 16 0 17 24 15 16 16
25 23 25 21 18 25 16 21 21 21 16 16 17 0 19 25 25 19
16 16 16 16 22 19 17 17 21 20 21 19 24 19 0 23 24 19
20 16 21 18 22 16 24 21 24 17 15 22 15 25 23 0 21 22
24 24 24 16 20 16 17 23 19 18 15 21 16 25 24 21 0 22
20 22 25 23 15 18 22 16 25 18 19 20 16 19 19 22 22 0
