16
28
66 5 47 23 24 62 47 78 39 78 51 43 15 64 37 68 43 57 69 61 66 59 9 66 51 1 9 47
67 44 59 42 45 9 41 71 52 43 55 33 30 46 57 36 22 74 48 79 61 36 9 34 13 13 51 26
34 16 25 39 45 5 11 24 8 10 36 16 43 78 2 26 5 19 43 61 80 56 78 14 33 64 20 41
47 45 44 13 59 50 10 31 75 70 17 47 61 50 43 74 55 3 38 51 57 31 36 68 80 52 54 47
53 57 12 23 55 31 44 26 69 66 35 41 33 21 18 23 38 27 77 60 65 75 48 49 32 71 65 33
29 58 31 37 1 1 66 13 32 74 49 63 47 5 80 67 58 34 14 22 26 9 36 44 32 49 55 1
29 53 52 46 57 10 80 9 66 76 44 48 37 7 77 24 33 79 34 60 15 41 10 14 26 76 28 79
31 47 38 58 51 74 15 40 69 38 42 5 55 36 35 28 1 35 63 18 52 72 31 21 51 24 22 25
24 57 53 37 59 23 45 60 76 79 52 48 75 43 29 39 59 13 69 48 15 6 57 47 48 12 12 29
9 30 55 4 36 78 49 22 66 27 29 55 43 60 6 53 14 75 4 57 12 64 3 39 31 38 37 35
4 53 52 22 41 41 5 40 10 28 69 63 8 38 31 38 72 24 66 76 76 13 26 13 38 24 61 8
59 61 1 40 36 8 11 59 18 74 50 42 48 21 40 18 73 26 79 45 46 71 74 15 22 8 31 29
61 43 63 51 80 64 22 78 50 44 20 14 32 13 25 25 74 10 28 12 4 27 59 67 69 31 66 54
48 43 43 57 31 66 62 38 6 33 2 2 71 62 62 63 25 66 38 68 24 24 36 2 4 27 16 31
30 74 24 16 43 44 74 20 11 4 9 26 63 10 80 47 29 77 25 2 35 25 31 37 27 47 33 56
34 76 20 60 58 18 42 63 40 73 75 25 4 69 32 4 5 12 69 44 78 23 27 50 61 38 17 42
0 17 21 20 17 25 19 21 21 25 15 17 23 24 25 25 18 17
17 0 24 22 21 23 25 25 16 20 15 15 23 23 25 19 19 19
21 24 0 23 19 23 18 15 24 20 22 18 18 22 20 21 25 15
20 22 23 0 16 19 16 22 22 15 15 25 19 19 18 17 24 17
17 21 19 16 0 15 17 19 20 20 25 17 24 23 20 15 24 22
25 23 23 19 15 0 17 19 21 15 24 20 19 25 18 21 15 22
19 25 18 16 17 17 0 18 25 15 20 18 18 20 23 15 17 18
21 25 15 22 19 19 18 0 19 24 22 21 17 20 25 21 21 17
21 16 24 22 20 21 25 19 0 18 25 22 22 25 21 23 18 25
25 20 20 15 20 15 15 24 18 0 25 23 22 24 22 16 23 22
15 15 22 15 25 24 20 22 25 25 0 15 22 19 24 24 22 25
17 15 18 25 17 20 18 21 22 23 15 0 21 25 22 18 24 24
23 23 18 19 24 19 18 17 22 22 22 21 0 17 19 21 21 25
24 23 22 19 23 25 20 20 25 24 19 25 17 0 20 20 23 18
25 25 20 18 20 18 23 25 21 22 24 22 19 20 0 21 21 16
25 19 21 17 15 21 15 21 23 16 24 18 21 20 21 0 17 24
18 19 25 24 24 15 17 21 18 23 22 24 21 23 21 17 0 23
17 19 15 17 22 22 18 17 25 22 25 24 25 18 16 24 23 0
