16
28
108 25 86 16 4 58 93 48 72 88 52 2 49 31 27 94 79 78 61 74 93 69 100 11 66 24 73 37
31 103 91 3 106 9 28 47 103 28 41 97 46 112 43 55 5 27 39 107 27 42 67 69 6 93 48 91
4 105 114 32 102 58 52 111 117 97 75 112 45 51 2 89 39 50 6 54 81 15 46 91 6 26 61 16
80 35 43 79 35 49 52 110 68 91 89 115 52 103 108 84 100 39 77 45 33 35 105 44 76 95 65 59
69 58 23 61 28 14 18 120 47 37 36 18 6 3 67 23 96 105 46 9 94 28 120 99 20 22 70 49
22 14 31 76 59 88 86 12 73 62 43 114 120 116 64 20 88 75 97 106 89 47 64 16 41 29 93 20
46 116 70 105 55 6 110 71 62 30 56 94 31 17 58 34 2 110 79 73 75 11 118 59 95 92 4 43
61 113 72 63 83 85 89 95 118 59 60 31 46 86 28 106 4 97 57 65 115 90 81 50 25 22 17 64
47 93 108 76 10 87 74 107 67 84 50 35 117 106 43 23 5 98 98 109 3 108 92 66 66 111 42 39
12 56 113 99 111 10 24 76 32 30 115 51 75 21 53 74 117 30 73 96 105 29 26 10 109 93 66 54
12 110 56 113 96 47 51 76 32 73 95 35 68 6 81 20 51 33 46 93 109 55 120 67 81 103 66 67
72 118 45 89 17 47 23 39 11 46 55 92 31 98 32 90 112 105 70 68 38 42 117 100 9 63 63 29
8 39 35 106 94 68 105 32 61 34 119 45 84 118 42 25 52 5 47 111 98 65 92 33 55 51 78 44
17 35 110 16 117 112 95 45 24 101 42 74 93 22 31 6 21 37 16 27 41 69 73 16 86 88 64 75
102 109 70 114 48 33 42 36 81 109 104 2 23 120 117 73 13 55 94 119 103 5 25 50 108 3 26 55
112 38 82 44 52 7 75 103 80 87 119 88 109 100 108 20 20 83 18 5 99 26 6 45 110 84 93 61
0 16 20 18 18 23 23 25 18 24 15 22 16 17 18 21 20 17
16 0 18 20 22 25 24 18 23 16 22 25 23 16 18 15 25 21
20 18 0 20 22 20 24 18 21 23 19 25 18 22 19 23 22 15
18 20 20 0 19 19 15 23 23 17 15 18 23 21 22 24 17 23
18 22 22 19 0 19 18 22 24 19 24 20 20 25 22 25 21 18
23 25 20 19 19 0 24 19 23 17 25 15 24 16 19 19 25 17
23 24 24 15 18 24 0 19 22 18 25 22 21 25 23 18 15 22
25 18 18 23 22 19 19 0 19 17 25 19 17 15 17 18 19 24
18 23 21 23 24 23 22 19 0 20 17 17 20 15 16 25 19 23
24 16 23 17 19 17 18 17 20 0 22 17 19 18 17 23 15 25
15 22 19 15 24 25 25 25 17 22 0 18 18 22 19 20 20 20
22 25 25 18 20 15 22 19 17 17 18 0 21 21 17 18 22 19
16 23 18 23 20 24 21 17 20 19 18 21 0 24 17 20 15 17
17 16 22 21 25 16 25 15 15 18 22 21 24 0 25 22 17 16
18 18 19 22 22 19 23 17 16 17 19 17 17 25 0 19 20 25
21 15 23 24 25 19 18 18 25 23 20 18 20 22 19 0 23 22
20 25 22 17 21 25 15 19 19 15 20 22 15 17 20 23 0 20
17 21 15 23 18 17 22 24 23 25 20 19 17 16 25 22 20 0
