16
28
34 25 7 8 35 12 19 12 5 4 8 20 8 9 32 34 21 7 33 34 26 31 14 38 3 2 16 34
8 15 4 4 23 30 13 34 16 12 16 23 24 38 17 7 10 34 31 36 1 11 23 27 4 18 13 13
34 8 24 32 6 8 24 38 1 2 17 20 9 11 22 27 26 9 21 31 23 36 18 34 10 9 38 28
25 16 9 3 25 3 22 23 8 28 22 24 19 13 2 21 9 8 35 11 38 37 18 20 6 33 29 40
7 5 29 14 2 25 22 40 21 18 33 1 16 1 11 6 40 6 29 33 33 21 38 19 3 36 35 22
33 39 10 24 23 9 12 12 7 14 26 27 25 5 25 13 17 25 33 13 10 37 12 38 19 4 7 1
38 19 13 19 34 29 18 17 31 4 20 12 21 27 38 33 20 17 35 31 39 9 8 15 2 18 20 32
39 24 35 17 11 4 27 34 39 26 21 19 33 27 35 28 8 28 3 20 31 34 12 5 36 16 26 17
13 27 25 4 21 4 14 5 29 35 22 39 39 5 2 9 1 12 16 10 8 14 20 24 4 10 34 40
31 9 32 11 40 23 24 6 39 9 27 23 7 12 10 32 14 9 22 4 21 26 3 13 4 40 4 39
40 1 9 34 27 12 37 4 4 37 2 34 9 1 17 35 10 19 1 26 9 19 39 34 36 28 30 19
1 10 1 23 2 33 36 11 3 11 34 25 4 35 33 29 7 13 38 40 36 37 9 15 28 6 17 3
7 32 24 2 23 20 27 18 15 12 19 20 33 31 22 27 24 30 34 22 15 7 6 35 6 18 34 26
36 30 24 14 26 6 26 11 16 32 13 40 21 28 36 38 1 18 16 13 3 13 21 31 17 9 13 32
40 39 10 7 22 23 34 26 23 10 8 22 31 1 19 8 12 34 31 1 4 27 15 3 32 29 25 21
9 6 5 24 38 7 8 17 17 17 31 12 16 5 32 38 18 28 25 39 37 8 35 13 19 30 16 10
0 25 16 25 20 17 17 21 17 20 21 20 22 20 25 25 16 23
25 0 25 17 25 23 22 19 18 22 15 21 15 18 16 17 23 22
16 25 0 19 15 17 15 24 22 16 17 16 22 15 16 22 16 18
25 17 19 0 23 22 16 25 18 23 16 22 19 18 16 22 20 15
20 25 15 23 0 17 16 21 19 21 25 15 18 16 25 25 18 19
17 23 17 22 17 0 21 22 19 25 22 24 18 17 24 21 18 20
17 22 15 16 16 21 0 19 24 15 15 22 20 21 21 17 21 17
21 19 24 25 21 22 19 0 16 17 22 18 16 23 18 19 22 15
17 18 22 18 19 19 24 16 0 20 16 15 20 18 21 25 22 20
20 22 16 23 21 25 15 17 20 0 19 16 24 19 17 22 15 23
21 15 17 16 25 22 15 22 16 19 0 25 24 24 21 15 18 19
20 21 16 22 15 24 22 18 15 16 25 0 22 20 15 22 17 19
22 15 22 19 18 18 20 16 20 24 24 22 0 24 23 20 22 15
20 18 15 18 16 17 21 23 18 19 24 20 24 0 24 22 24 15
25 16 16 16 25 24 21 18 21 17 21 15 23 24 0 22 16 18
25 17 22 22 25 21 17 19 25 22 15 22 20 22 22 0 17 22
16 23 16 20 18 18 21 22 22 15 18 17 22 24 16 17 0 18
23 22 18 15 19 20 17 15 20 23 19 19 15 15 18 22 18 0
