16
30
156 60 23 71 123 60 42 16 16 47 38 117 100 49 53 26 145 48 153 113 78 40 109 98 51 64 137 5 64 30
150 21 123 105 79 29 159 45 113 36 127 17 87 160 125 10 28 78 54 99 141 97 143 22 52 23 54 21 28 4
39 80 1 44 93 114 150 131 61 87 146 129 129 126 31 144 138 46 61 86 54 58 131 75 76 91 42 151 114 92
59 95 92 110 123 151 95 132 16 88 20 40 19 124 9 117 29 130 120 33 10 148 39 6 112 139 160 125 38 8
158 143 157 61 77 141 148 12 53 9 68 37 109 133 30 29 118 115 146 49 49 75 9 10 44 121 138 32 66 116
43 148 85 120 3 99 22 99 102 123 27 104 95 5 154 105 44 24 64 157 126 151 91 131 33 55 103 55 14 111
58 125 142 22 75 43 18 4 78 144 10 16 136 122 111 106 28 80 88 153 51 154 35 77 56 8 132 91 2 80
117 18 106 107 107 24 152 68 20 2 97 26 108 4 54 38 153 129 51 99 141 64 105 19 40 104 146 86 114 81
8 48 101 133 95 146 67 159 76 105 97 68 46 158 140 50 25 140 55 66 78 53 50 11 128 77 5 134 99 81
9 89 51 124 81 113 44 65 29 53 138 2 54 12 1 4 152 103 156 22 47 32 81 154 141 38 42 76 75 26
67 160 134 82 42 37 48 45 19 8 96 51 37 42 98 3 96 8 29 80 139 73 160 153 155 50 119 68 89 83
149 55 89 32 20 147 138 113 2 32 5 69 155 17 26 15 45 122 18 53 39 95 105 6 3 53 135 46 149 117
50 125 50 128 43 152 26 5 151 34 73 34 89 144 89 155 85 90 144 92 25 145 125 44 98 115 109 141 61 73
93 16 122 54 8 91 89 81 39 121 160 145 111 38 141 23 40 104 75 157 58 120 151 129 50 86 74 52 137 98
127 147 148 127 110 79 9 86 54 14 12 139 98 26 52 65 146 11 91 99 39 90 121 32 3 41 12 110 150 25
5 35 61 5 135 147 33 141 13 12 22 74 43 71 142 109 71 40 26 91 134 83 16 137 112 83 154 129 152 147
0 18 16 15 25 23 17 17 20 23 22 24 25 24 16 20 22 22
18 0 22 22 21 18 24 24 24 24 23 19 15 22 20 24 23 19
16 22 0 16 20 21 25 19 17 17 24 17 19 19 22 17 17 21
15 22 16 0 24 21 25 25 17 19 15 23 24 22 23 24 23 24
25 21 20 24 0 25 19 17 19 21 24 22 23 16 16 22 17 25
23 18 21 21 25 0 21 24 25 16 24 20 25 22 19 17 21 16
17 24 25 25 19 21 0 17 23 24 18 23 20 23 23 23 17 19
17 24 19 25 17 24 17 0 20 19 25 20 23 18 22 25 25 17
20 24 17 17 19 25 23 20 0 23 15 23 17 25 25 20 23 20
23 24 17 19 21 16 24 19 23 0 22 17 23 24 23 20 24 24
22 23 24 15 24 24 18 25 15 22 0 23 18 18 22 24 24 20
24 19 17 23 22 20 23 20 23 17 23 0 17 21 17 17 20 16
25 15 19 24 23 25 20 23 17 23 18 17 0 22 15 17 16 24
24 22 19 22 16 22 23 18 25 24 18 21 22 0 16 15 23 22
16 20 22 23 16 19 23 22 25 23 22 17 15 16 0 23 20 18
20 24 17 24 22 17 23 25 20 20 24 17 17 15 23 0 17 19
22 23 17 23 17 21 17 25 23 24 24 20 16 23 20 17 0 21
22 19 21 24 25 16 19 17 20 24 20 16 24 22 18 19 21 0
