17
26
69 131 40 40 156 101 35 137 73 89 89 37 59 89 84 29 113 59 32 13 92 92 4 53 37 121
68 45 8 83 55 43 84 65 29 104 105 99 86 51 93 93 89 33 129 14 155 155 60 34 101 131
153 131 62 47 122 158 64 44 157 19 99 95 83 107 53 112 17 44 78 124 50 51 138 94 42 134
43 138 156 108 22 64 42 109 86 158 159 155 81 28 57 108 55 37 152 53 37 123 122 9 72 141
109 91 92 37 129 97 30 96 125 77 141 60 155 102 32 101 82 70 16 108 119 109 35 156 139 122
9 44 39 98 100 57 101 9 27 51 151 109 44 39 18 145 59 58 97 128 22 30 24 130 7 156
112 118 117 49 78 21 58 142 30 103 66 23 25 152 83 86 100 69 115 74 66 154 131 20 50 132
34 6 43 69 138 128 113 91 9 57 2 123 114 43 34 127 137 145 118 93 113 71 42 83 140 107
102 82 117 136 152 147 95 86 11 99 53 31 1 53 118 65 10 38 152 64 117 12 77 59 80 122
134 152 80 137 84 117 156 9 15 135 31 28 153 103 138 64 134 43 77 102 123 99 64 143 141 152
12 97 95 91 73 57 148 43 50 51 54 137 82 104 149 123 119 125 10 139 121 133 109 3 55 26
32 120 92 96 75 25 83 29 70 143 150 105 67 123 113 36 21 27 129 46 151 4 21 100 150 68
126 50 128 44 55 47 138 112 33 99 58 26 94 84 152 73 49 24 128 127 121 79 84 48 125 29
136 131 39 154 53 26 83 77 96 95 140 108 72 142 59 106 69 72 113 140 80 129 50 63 120 128
31 140 8 74 101 80 114 33 52 54 6 65 68 99 21 9 30 112 67 106 86 85 147 24 29 129
63 128 78 24 26 160 83 78 147 120 131 156 98 27 4 109 101 90 5 17 142 80 30 145 22 44
35 110 104 158 158 54 157 72 87 78 43 119 108 25 71 65 111 59 131 125 57 76 74 160 98 59
0 20 25 21 24 22 25 15 24 16 21 17 15 22 20 25 23 25 15
20 0 21 25 24 16 16 15 17 18 23 18 18 18 15 20 23 18 20
25 21 0 23 16 21 19 18 23 22 25 25 20 24 15 22 18 25 17
21 25 23 0 20 16 23 23 25 15 25 19 17 15 23 17 21 23 16
24 24 16 20 0 19 17 19 24 19 24 22 17 15 24 23 25 17 24
22 16 21 16 19 0 21 25 16 20 25 22 22 21 22 23 25 19 17
25 16 19 23 17 21 0 21 16 19 23 15 25 25 15 18 24 17 21
15 15 18 23 19 25 21 0 17 21 22 20 22 20 22 22 21 21 23
24 17 23 25 24 16 16 17 0 24 17 16 24 19 21 21 17 23 21
16 18 22 15 19 20 19 21 24 0 21 22 21 15 19 18 21 16 19
21 23 25 25 24 25 23 22 17 21 0 22 25 18 16 18 16 17 19
17 18 25 19 22 22 15 20 16 22 22 0 19 23 18 16 16 25 18
15 18 20 17 17 22 25 22 24 21 25 19 0 16 15 19 15 19 18
22 18 24 15 15 21 25 20 19 15 18 23 16 0 19 21 17 16 15
20 15 15 23 24 22 15 22 21 19 16 18 15 19 0 20 22 18 20
25 20 22 17 23 23 18 22 21 18 18 16 19 21 20 0 20 20 24
23 23 18 21 25 25 24 21 17 21 16 16 15 17 22 20 0 19 20
25 18 25 23 17 19 17 21 23 16 17 25 19 16 18 20 19 0 16
15 20 17 16 24 17 21 23 21 19 19 18 18 15 20 24 20 16 0
