17
24
32 5 26 7 37 17 20 17 36 34 33 23 26 16 7 8 32 11 20 24 6 15 15 24
8 20 38 6 7 16 3 10 36 19 14 7 17 5 20 24 33 13 26 11 29 29 33 9
7 34 23 9 33 9 14 20 21 15 5 39 9 25 11 11 18 17 34 30 9 23 28 2
12 32 8 19 30 21 26 6 10 30 13 26 9 31 6 38 5 33 34 10 17 8 23 6
38 1 37 31 21 1 21 16 2 21 21 16 16 19 12 38 10 28 1 30 24 5 39 40
15 29 21 30 12 19 24 15 30 32 18 3 34 29 26 4 10 12 6 24 5 14 3 20
11 40 20 18 14 19 7 35 14 20 14 15 20 4 40 12 2 20 20 39 14 9 14 9
4 37 4 31 21 36 30 33 12 3 10 5 30 19 13 10 31 37 11 7 7 37 28 19
14 12 3 18 31 1 2 26 22 40 11 32 36 32 38 32 38 27 35 38 27 33 31 14
4 21 7 28 5 21 30 6 26 29 23 28 23 24 6 15 18 17 40 8 32 6 1 32
31 3 12 11 14 20 21 40 35 11 1 10 12 23 17 23 3 36 6 3 37 19 29 24
17 39 15 28 5 39 26 19 16 18 40 20 9 10 21 22 8 27 20 26 7 2 18 32
1 31 10 31 30 37 2 38 4 17 3 29 40 1 37 15 23 27 17 19 40 26 6 25
17 38 34 23 29 4 28 12 18 30 18 4 34 14 28 17 2 6 4 1 22 32 29 1
7 16 13 2 17 20 36 14 28 19 12 32 15 27 4 30 36 3 2 6 30 32 5 31
7 21 29 7 17 33 23 16 32 10 9 14 2 25 14 10 19 13 23 10 23 6 6 29
25 19 28 21 4 24 34 24 22 25 31 4 11 20 12 14 25 1 1 6 2 33 24 5
0 18 19 19 18 18 16 24 21 17 24 24 23 16 19 18 16 15 15
18 0 22 19 20 17 17 25 17 15 18 19 19 22 17 16 17 17 24
19 22 0 22 23 23 15 21 22 22 20 15 18 25 15 25 18 17 17
19 19 22 0 17 24 20 17 23 22 23 15 19 21 24 21 21 24 24
18 20 23 17 0 17 15 18 19 17 21 23 23 25 25 21 18 19 24
18 17 23 24 17 0 15 17 17 19 21 19 25 24 22 16 20 19 22
16 17 15 20 15 15 0 23 22 21 19 24 20 19 19 16 18 16 18
24 25 21 17 18 17 23 0 24 22 16 21 15 18 15 18 20 24 25
21 17 22 23 19 17 22 24 0 24 17 25 18 21 24 24 23 16 23
17 15 22 22 17 19 21 22 24 0 24 25 25 20 25 16 20 25 19
24 18 20 23 21 21 19 16 17 24 0 20 21 21 18 17 21 16 15
24 19 15 15 23 19 24 21 25 25 20 0 19 22 22 15 17 20 22
23 19 18 19 23 25 20 15 18 25 21 19 0 19 23 15 20 18 17
16 22 25 21 25 24 19 18 21 20 21 22 19 0 24 25 25 19 17
19 17 15 24 25 22 19 15 24 25 18 22 23 24 0 20 23 19 24
18 16 25 21 21 16 16 18 24 16 17 15 15 25 20 0 16 15 23
16 17 18 21 18 20 18 20 23 20 21 17 20 25 23 16 0 21 16
15 17 17 24 19 19 16 24 16 25 16 20 18 19 19 15 21 0 17
15 24 17 24 24 22 18 25 23 19 15 22 17 17 24 23 16 17 0
