17
26
42 46 77 55 41 55 54 73 80 68 55 62 64 35 26 65 18 65 45 24 53 15 65 70 60 76
23 74 11 76 10 28 3 1 16 40 78 61 76 26 33 46 10 56 7 42 19 22 57 60 19 34
4 62 75 60 74 12 64 80 73 35 72 10 22 7 51 2 79 55 21 15 67 53 61 18 16 3
71 42 36 11 20 14 9 37 45 48 80 61 24 42 1 38 48 62 3 52 68 54 4 13 68 49
13 45 34 63 26 41 25 20 21 18 40 23 23 79 74 2 33 31 13 55 75 52 39 36 17 42
68 15 36 22 20 77 34 45 65 58 50 58 7 37 7 56 67 54 36 11 12 45 72 29 62 76
42 78 69 38 78 61 49 77 12 34 29 9 33 35 61 7 41 42 53 38 47 71 45 36 28 36
11 66 27 12 59 63 76 43 49 54 57 59 31 72 3 20 51 9 51 1 54 12 73 68 3 7
72 22 38 26 58 64 42 8 43 59 75 47 71 70 50 8 11 32 73 5 9 67 65 8 70 70
42 51 60 33 41 68 28 10 12 5 13 65 6 10 28 27 78 24 14 21 55 65 68 27 8 48
59 7 21 34 30 5 62 20 48 30 18 14 78 27 45 34 79 38 23 21 71 19 19 80 10 14
43 8 4 40 4 10 38 33 23 51 17 9 42 11 13 55 45 62 7 27 8 77 2 12 11 20
27 17 56 61 48 70 76 40 49 77 76 6 44 70 57 69 28 53 13 39 27 9 69 2 67 58
80 44 28 26 8 14 5 62 62 14 44 62 58 68 4 57 36 33 27 32 11 29 23 20 21 19
6 13 64 46 18 72 12 38 56 29 5 5 49 28 48 23 56 69 7 29 79 35 10 55 69 5
18 68 33 28 60 12 37 68 52 51 8 54 19 80 19 71 11 20 61 15 8 28 35 1 7 44
66 56 21 74 38 62 78 69 62 71 79 10 34 76 61 52 41 45 57 78 64 51 47 30 72 19
0 20 17 23 21 15 24 15 21 21 21 21 22 19 25 23 20 19 18
20 0 22 17 21 19 17 16 21 15 22 18 24 21 16 18 20 25 23
17 22 0 24 18 16 18 16 16 24 25 25 25 17 18 17 24 21 24
23 17 24 0 23 20 24 19 23 17 21 25 22 19 18 16 23 15 21
21 21 18 23 0 19 20 24 17 18 25 23 24 18 23 18 22 19 20
15 19 16 20 19 0 16 23 20 25 17 18 17 24 19 24 20 21 23
24 17 18 24 20 16 0 18 15 24 23 23 18 19 20 24 24 15 15
15 16 16 19 24 23 18 0 20 19 16 21 17 25 25 20 21 22 24
21 21 16 23 17 20 15 20 0 24 17 24 19 17 18 18 22 19 17
21 15 24 17 18 25 24 19 24 0 25 21 15 15 20 22 22 20 16
21 22 25 21 25 17 23 16 17 25 0 25 25 17 15 23 20 16 22
21 18 25 25 23 18 23 21 24 21 25 0 16 24 15 19 15 17 15
22 24 25 22 24 17 18 17 19 15 25 16 0 22 15 20 23 19 21
19 21 17 19 18 24 19 25 17 15 17 24 22 0 17 24 16 22 23
25 16 18 18 23 19 20 25 18 20 15 15 15 17 0 25 17 17 16
23 18 17 16 18 24 24 20 18 22 23 19 20 24 25 0 16 19 24
20 20 24 23 22 20 24 21 22 22 20 15 23 16 17 16 0 18 21
19 25 21 15 19 21 15 22 19 20 16 17 19 22 17 19 18 0 23
18 23 24 21 20 23 15 24 17 16 22 15 21 23 16 24 21 23 0
