17
4
50 73 66 38
64 56 56 15
29 58 4 4
71 49 54 63
32 63 65 65
30 57 2 26
61 39 49 50
75 21 29 24
5 41 32 37
41 76 66 40
18 65 63 16
6 77 50 23
68 69 29 61
52 77 80 80
29 48 8 58
69 56 59 31
40 2 41 35
0 16 20 22 18 22 20 15 21 20 18 18 23 17 17 25 18 21 17
16 0 18 18 17 18 24 19 22 20 18 15 18 22 22 17 19 23 16
20 18 0 21 24 15 25 15 25 17 23 25 17 16 25 24 22 17 17
22 18 21 0 25 15 25 23 23 19 22 15 24 24 17 23 23 25 21
18 17 24 25 0 20 18 22 19 21 19 18 24 17 23 21 16 25 15
22 18 15 15 20 0 15 18 16 19 22 22 23 20 21 17 17 24 24
20 24 25 25 18 15 0 18 20 22 17 23 20 23 16 21 24 15 25
15 19 15 23 22 18 18 0 19 19 15 24 22 17 21 19 19 19 25
21 22 25 23 19 16 20 19 0 25 19 22 21 21 19 20 25 23 19
20 20 17 19 21 19 22 19 25 0 17 20 19 23 19 15 17 15 22
18 18 23 22 19 22 17 15 19 17 0 25 20 23 17 24 24 15 15
18 15 25 15 18 22 23 24 22 20 25 0 22 20 20 23 17 23 18
23 18 17 24 24 23 20 22 21 19 20 22 0 17 21 19 22 15 20
17 22 16 24 17 20 23 17 21 23 23 20 17 0 25 22 22 16 15
17 22 25 17 23 21 16 21 19 19 17 20 21 25 0 18 20 23 17
25 17 24 23 21 17 21 19 20 15 24 23 19 22 18 0 20 22 20
18 19 22 23 16 17 24 19 25 17 24 17 22 22 20 20 0 16 23
21 23 17 25 25 24 15 19 23 15 15 23 15 16 23 22 16 0 24
17 16 17 21 15 24 25 25 19 22 15 18 20 15 17 20 23 24 0
