17
16
61 63 93 98 148 149 124 53 103 3 73 132 138 133 125 76
119 108 33 31 52 153 20 124 32 157 22 111 59 106 14 95
107 38 141 112 84 10 45 42 79 1 97 131 8 16 68 10
30 140 132 142 110 140 81 90 88 3 79 31 97 72 10 19
145 111 159 34 41 149 116 135 160 116 104 83 35 137 142 56
36 96 9 85 86 3 4 101 91 7 25 27 4 110 74 58
63 23 124 158 1 29 136 100 100 108 10 106 101 82 91 135
9 25 110 31 3 56 16 70 114 136 137 46 130 17 146 93
77 4 127 99 98 26 116 30 48 129 109 120 6 66 11 26
140 55 7 77 19 22 68 66 48 85 139 146 138 66 124 89
154 138 73 158 137 107 148 135 7 71 95 154 98 51 11 136
81 141 126 9 60 123 14 65 51 33 134 11 42 34 72 4
99 26 63 123 150 48 121 8 24 53 59 28 160 42 77 40
4 57 42 42 75 101 97 154 25 138 131 31 90 144 55 27
128 131 80 54 95 105 127 69 41 24 139 141 146 76 33 58
60 62 92 4 95 33 148 51 143 98 84 72 128 38 100 86
56 139 112 52 132 157 51 32 118 149 94 80 62 98 136 25
0 25 15 20 20 23 21 23 17 17 21 18 18 20 18 20 25 24 20
25 0 24 22 23 25 17 18 18 20 21 18 21 23 16 18 24 23 15
15 24 0 20 20 16 17 18 16 18 24 16 24 15 25 24 18 23 22
20 22 20 0 16 17 25 23 18 21 25 16 22 15 21 22 18 25 19
20 23 20 16 0 24 21 20 17 19 15 22 17 22 17 23 16 24 25
23 25 16 17 24 0 21 16 15 18 20 18 19 17 21 19 24 20 20
21 17 17 25 21 21 0 18 19 25 19 22 20 25 16 17 15 20 25
23 18 18 23 20 16 18 0 25 25 20 21 21 22 20 16 20 17 25
17 18 16 18 17 15 19 25 0 17 21 22 24 21 24 15 20 16 25
17 20 18 21 19 18 25 25 17 0 19 24 17 22 17 20 20 20 20
21 21 24 25 15 20 19 20 21 19 0 24 20 16 24 17 24 24 20
18 18 16 16 22 18 22 21 22 24 24 0 15 22 18 23 25 18 19
18 21 24 22 17 19 20 21 24 17 20 15 0 15 15 22 17 16 18
20 23 15 15 22 17 25 22 21 22 16 22 15 0 21 21 19 18 19
18 16 25 21 17 21 16 20 24 17 24 18 15 21 0 21 17 22 24
20 18 24 22 23 19 17 16 15 20 17 23 22 21 21 0 22 20 19
25 24 18 18 16 24 15 20 20 20 24 25 17 19 17 22 0 20 15
24 23 23 25 24 20 20 17 16 20 24 18 16 18 22 20 20 0 22
20 15 22 19 25 20 25 25 25 20 20 19 18 19 24 19 15 22 0
