17
30
98 67 119 2 10 3 53 58 21 14 115 106 96 73 117 60 62 20 33 19 90 118 83 87 107 10 114 55 56 95
13 4 13 115 109 89 38 110 12 104 64 76 11 40 22 24 69 61 39 91 79 7 40 82 8 77 64 51 38 16
68 41 56 13 15 10 2 2 108 92 6 45 54 80 13 39 37 81 86 113 52 104 44 119 118 39 5 73 93 14
119 22 24 6 18 62 101 88 69 59 15 60 25 96 59 94 28 115 105 23 88 105 30 25 99 45 119 64 88 39
20 92 90 32 118 119 62 89 66 73 64 96 13 33 64 4 37 114 97 53 38 100 81 63 86 30 22 8 29 6
90 91 10 39 15 83 95 4 76 4 31 54 102 109 30 28 71 82 50 66 79 1 83 16 118 2 107 41 119 67
112 62 30 113 41 52 25 104 2 7 37 104 20 63 66 87 65 107 47 88 103 100 119 8 22 83 76 99 40 88
106 49 118 76 102 30 84 33 69 93 59 104 21 56 92 67 106 71 11 78 95 53 19 111 6 12 50 98 91 119
3 28 100 111 54 88 89 39 16 91 23 68 59 25 89 13 35 28 95 56 71 48 91 1 9 48 42 13 8 107
3 43 109 73 62 30 92 80 38 16 68 54 62 107 107 86 9 23 38 55 99 96 117 11 57 51 19 18 79 94
94 3 36 4 91 97 60 1 78 4 85 35 82 87 62 108 52 85 44 100 7 91 80 117 91 82 111 32 29 90
29 46 101 55 69 22 68 39 48 30 22 63 13 8 59 76 47 110 97 80 45 20 66 5 53 36 6 57 58 49
21 38 120 30 104 28 93 90 93 92 29 20 101 35 34 114 65 103 35 80 30 109 8 6 93 116 28 6 75 47
24 113 26 107 55 33 37 33 115 18 52 87 86 112 27 93 9 32 14 104 6 58 114 1 81 63 12 73 64 76
12 53 41 99 79 91 109 104 119 10 11 65 22 27 41 73 17 112 55 89 71 95 62 114 62 113 118 29 98 6
23 49 119 102 8 110 9 112 19 10 57 110 15 72 20 47 39 77 28 94 26 72 79 44 18 96 56 39 14 113
44 48 36 35 78 42 4 43 28 66 58 30 117 99 13 111 40 36 32 14 120 102 94 44 109 48 116 14 16 107
0 23 20 17 15 21 17 24 19 16 15 23 18 19 19 15 15 22 19
23 0 17 16 16 15 19 16 20 21 23 22 21 25 24 20 23 18 24
20 17 0 15 19 19 24 23 23 18 20 22 15 25 15 16 23 15 25
17 16 15 0 25 21 24 21 17 21 22 21 20 22 24 18 16 24 17
15 16 19 25 0 15 17 15 18 23 24 15 19 24 19 18 18 22 25
21 15 19 21 15 0 20 25 15 18 24 21 25 15 23 24 25 20 25
17 19 24 24 17 20 0 18 17 24 22 16 17 17 22 25 16 23 25
24 16 23 21 15 25 18 0 22 20 25 23 17 21 20 16 24 20 19
19 20 23 17 18 15 17 22 0 15 25 16 15 19 20 18 16 18 20
16 21 18 21 23 18 24 20 15 0 25 15 18 20 23 19 15 17 24
15 23 20 22 24 24 22 25 25 25 0 16 25 17 24 23 17 22 23
23 22 22 21 15 21 16 23 16 15 16 0 16 16 21 19 17 23 15
18 21 15 20 19 25 17 17 15 18 25 16 0 18 17 19 23 17 24
19 25 25 22 24 15 17 21 19 20 17 16 18 0 24 24 22 17 17
19 24 15 24 19 23 22 20 20 23 24 21 17 24 0 17 19 19 22
15 20 16 18 18 24 25 16 18 19 23 19 19 24 17 0 23 21 22
15 23 23 16 18 25 16 24 16 15 17 17 23 22 19 23 0 15 18
22 18 15 24 22 20 23 20 18 17 22 23 17 17 19 21 15 0 18
19 24 25 17 25 25 25 19 20 24 23 15 24 17 22 22 18 18 0
