17
22
16 17 6 31 10 19 38 7 27 38 27 17 23 31 34 19 30 9 16 9 22 37
27 22 8 29 5 36 28 26 21 16 18 35 2 11 35 24 25 28 32 8 24 22
30 31 39 10 5 10 23 14 34 20 38 10 2 38 25 27 22 1 17 5 23 33
11 37 7 24 23 9 26 15 31 8 1 35 35 22 36 37 9 34 8 9 23 27
3 22 5 31 35 40 6 4 32 23 20 34 26 21 3 13 24 31 35 37 2 8
15 27 11 7 28 7 20 40 23 18 4 37 8 36 16 34 35 6 32 40 12 13
20 30 3 1 22 35 38 39 23 24 33 18 20 9 30 23 21 34 34 31 21 6
20 28 39 8 37 4 34 20 12 4 16 28 21 28 26 27 2 40 4 37 7 33
30 29 38 1 22 1 13 32 28 38 21 36 8 30 13 26 32 8 15 10 25 34
9 20 38 16 7 9 35 37 5 20 12 15 37 40 29 34 3 5 23 37 33 15
31 27 14 33 2 7 8 36 15 22 20 15 24 14 26 9 6 15 1 4 10 32
25 2 36 13 7 23 11 10 15 16 19 12 13 8 13 4 17 37 9 37 18 29
12 4 32 34 17 28 4 32 16 39 18 16 15 15 5 9 15 32 37 20 19 4
36 33 35 16 17 4 9 6 36 3 18 5 10 35 6 24 1 10 25 21 30 21
30 29 27 39 15 40 35 11 21 6 37 13 35 16 11 30 27 27 29 37 16 7
26 36 8 19 8 25 12 2 6 5 22 17 6 26 1 7 14 22 12 6 9 14
32 39 15 30 11 32 36 4 4 22 1 22 22 17 18 8 5 14 23 21 39 10
0 15 23 16 19 23 20 19 20 17 25 21 24 21 17 23 20 16 18
15 0 15 23 23 22 15 21 23 25 15 20 17 25 16 22 16 21 23
23 15 0 16 23 20 25 24 22 18 17 22 15 15 18 17 25 25 16
16 23 16 0 15 20 22 15 16 24 24 19 17 19 19 21 23 18 25
19 23 23 15 0 18 19 17 20 20 20 16 15 20 24 17 17 18 25
23 22 20 20 18 0 18 22 18 17 24 20 16 20 15 15 20 21 18
20 15 25 22 19 18 0 17 23 18 24 24 22 18 20 23 19 20 21
19 21 24 15 17 22 17 0 19 20 22 24 19 24 18 22 20 23 25
20 23 22 16 20 18 23 19 0 17 24 21 24 19 25 16 18 16 22
17 25 18 24 20 17 18 20 17 0 23 24 18 16 24 23 20 20 17
25 15 17 24 20 24 24 22 24 23 0 19 19 22 20 18 24 21 15
21 20 22 19 16 20 24 24 21 24 19 0 17 17 18 16 25 17 16
24 17 15 17 15 16 22 19 24 18 19 17 0 25 22 16 15 19 21
21 25 15 19 20 20 18 24 19 16 22 17 25 0 23 22 19 24 16
17 16 18 19 24 15 20 18 25 24 20 18 22 23 0 24 25 22 15
23 22 17 21 17 15 23 22 16 23 18 16 16 22 24 0 20 21 23
20 16 25 23 17 20 19 20 18 20 24 25 15 19 25 20 0 17 16
16 21 25 18 18 21 20 23 16 20 21 17 19 24 22 21 17 0 21
18 23 16 25 25 18 21 25 22 17 15 16 21 16 15 23 16 21 0
