17
8
113 146 47 78 91 100 12 29
63 148 107 102 81 21 131 83
100 34 100 105 132 83 69 31
43 21 7 87 71 103 110 41
107 45 89 96 39 102 150 141
159 21 69 110 150 83 90 75
59 1 102 87 157 24 69 26
26 68 102 45 1 108 52 7
9 117 117 28 12 70 145 70
127 48 23 122 24 141 116 155
49 147 69 96 65 128 80 43
121 94 72 109 52 97 13 93
76 111 13 74 125 60 160 136
7 54 106 98 80 113 98 160
129 101 44 156 114 72 124 57
32 67 160 59 56 119 109 123
55 94 35 16 107 160 4 109
0 19 23 22 22 17 22 25 20 19 16 23 25 19 19 22 22 20 22
19 0 18 18 25 20 23 20 25 21 23 18 19 22 15 19 17 24 18
23 18 0 18 18 16 20 15 18 16 19 24 20 23 16 16 23 21 16
22 18 18 0 16 25 17 24 23 15 24 17 25 22 25 20 25 15 25
22 25 18 16 0 20 15 19 15 17 25 22 19 16 20 19 22 25 22
17 20 16 25 20 0 25 23 25 25 18 23 18 18 23 16 25 22 20
22 23 20 17 15 25 0 15 23 21 22 19 24 25 20 23 18 21 19
25 20 15 24 19 23 15 0 19 19 23 24 20 25 19 24 19 15 15
20 25 18 23 15 25 23 19 0 21 17 25 23 23 20 16 18 17 25
19 21 16 15 17 25 21 19 21 0 18 25 21 16 17 22 15 22 19
16 23 19 24 25 18 22 23 17 18 0 24 23 24 18 25 21 16 17
23 18 24 17 22 23 19 24 25 25 24 0 22 17 20 20 23 19 21
25 19 20 25 19 18 24 20 23 21 23 22 0 23 21 22 22 25 21
19 22 23 22 16 18 25 25 23 16 24 17 23 0 21 20 25 16 15
19 15 16 25 20 23 20 19 20 17 18 20 21 21 0 19 21 25 23
22 19 16 20 19 16 23 24 16 22 25 20 22 20 19 0 16 25 16
22 17 23 25 22 25 18 19 18 15 21 23 22 25 21 16 0 19 18
20 24 21 15 25 22 21 15 17 22 16 19 25 16 25 25 19 0 17
22 18 16 25 22 20 19 15 25 19 17 21 21 15 23 16 18 17 0
