17
16
26 131 88 143 2 3 51 15 148 99 78 72 149 148 144 35
150 18 136 127 5 119 94 64 93 129 12 72 143 19 31 77
67 79 61 33 99 133 37 27 125 141 78 46 99 46 9 30
147 7 100 26 137 95 33 91 28 14 2 65 35 78 19 31
63 75 153 143 157 64 138 44 73 146 122 6 16 130 136 10
115 147 7 47 44 31 141 73 155 58 52 106 51 146 93 84
24 69 157 153 47 77 83 7 150 131 151 85 29 26 126 122
144 106 113 155 75 83 72 5 157 146 5 146 151 157 119 6
139 69 153 35 66 6 64 71 25 69 73 3 2 1 78 56
72 139 66 50 54 4 156 8 140 3 21 62 30 4 128 160
108 18 90 69 44 33 113 88 133 77 32 138 69 131 4 153
70 33 38 35 138 147 43 48 143 21 153 44 93 64 17 118
142 114 11 68 6 158 32 17 148 103 17 23 109 112 119 122
2 154 78 58 39 4 147 2 159 70 89 117 11 160 70 12
152 147 98 28 42 67 48 14 92 87 30 21 44 158 152 80
118 101 32 38 13 56 120 132 74 116 87 94 22 103 8 85
82 43 155 141 70 31 44 71 16 41 27 76 111 85 154 132
0 25 21 16 15 25 19 16 25 19 18 23 21 24 23 24 20 17 16
25 0 18 17 22 20 18 25 16 15 22 15 16 22 25 15 21 23 16
21 18 0 19 17 23 16 24 23 20 25 19 15 25 19 24 18 19 15
16 17 19 0 16 24 20 18 21 21 17 22 18 19 18 22 19 18 24
15 22 17 16 0 21 18 21 22 20 18 25 18 15 21 22 21 24 18
25 20 23 24 21 0 22 23 15 23 22 17 17 15 20 25 16 21 22
19 18 16 20 18 22 0 20 19 19 15 24 21 18 23 25 16 17 24
16 25 24 18 21 23 20 0 22 25 22 22 17 19 15 21 16 21 21
25 16 23 21 22 15 19 22 0 25 23 17 20 15 22 21 17 17 15
19 15 20 21 20 23 19 25 25 0 23 15 24 24 24 15 25 24 23
18 22 25 17 18 22 15 22 23 23 0 24 21 20 15 25 22 15 21
23 15 19 22 25 17 24 22 17 15 24 0 21 17 15 21 19 24 18
21 16 15 18 18 17 21 17 20 24 21 21 0 25 18 20 18 17 22
24 22 25 19 15 15 18 19 15 24 20 17 25 0 25 22 24 18 21
23 25 19 18 21 20 23 15 22 24 15 15 18 25 0 24 21 22 25
24 15 24 22 22 25 25 21 21 15 25 21 20 22 24 0 15 22 24
20 21 18 19 21 16 16 16 17 25 22 19 18 24 21 15 0 23 23
17 23 19 18 24 21 17 21 17 24 15 24 17 18 22 22 23 0 24
16 16 15 24 18 22 24 21 15 23 21 18 22 21 25 24 23 24 0
