17
16
37 18 26 1 15 62 52 11 59 33 72 45 59 30 7 23
44 33 40 2 1 19 48 43 28 50 1 49 20 73 12 19
1 59 64 2 68 9 80 49 54 47 52 63 51 64 70 3
20 74 29 72 55 4 71 77 7 27 24 67 56 4 13 10
34 34 41 2 22 65 3 27 72 58 38 3 41 27 80 48
24 46 26 46 2 8 73 41 12 22 48 36 2 30 50 20
75 80 18 22 46 29 60 15 23 62 18 17 80 12 52 65
26 63 75 80 60 4 63 68 49 59 47 3 9 70 56 27
74 30 59 21 28 17 2 32 52 4 12 28 7 24 66 44
50 13 42 50 37 23 27 2 62 38 5 72 21 30 3 41
12 28 38 13 44 64 42 15 13 51 39 42 67 57 57 33
38 22 43 30 24 14 72 11 71 5 23 71 2 46 43 16
35 75 42 32 50 37 18 7 71 7 27 78 41 63 61 34
25 43 32 5 19 74 37 59 31 3 76 14 23 67 34 45
8 22 53 46 42 69 72 33 74 46 22 40 66 37 55 2
17 3 1 25 20 60 15 7 78 60 5 25 35 54 1 39
22 80 5 48 59 73 67 24 70 38 13 54 69 17 39 57
0 25 24 15 21 19 17 23 15 22 23 23 18 15 24 16 21 22 23
25 0 22 18 22 21 23 15 25 23 24 19 24 22 24 16 21 18 18
24 22 0 18 23 22 25 16 21 22 15 24 22 19 21 17 24 22 19
15 18 18 0 20 19 15 24 16 20 18 17 24 15 17 23 24 22 20
21 22 23 20 0 24 15 18 18 19 15 21 21 17 20 24 19 18 24
19 21 22 19 24 0 19 24 21 19 16 17 15 15 18 21 21 16 16
17 23 25 15 15 19 0 24 20 19 18 19 23 19 17 19 21 25 17
23 15 16 24 18 24 24 0 24 17 22 23 18 15 22 21 24 23 21
15 25 21 16 18 21 20 24 0 21 21 15 24 22 20 19 19 23 22
22 23 22 20 19 19 19 17 21 0 17 24 25 24 25 18 16 21 19
23 24 15 18 15 16 18 22 21 17 0 21 21 21 20 23 19 16 24
23 19 24 17 21 17 19 23 15 24 21 0 22 15 22 18 21 25 20
18 24 22 24 21 15 23 18 24 25 21 22 0 16 24 18 19 16 18
15 22 19 15 17 15 19 15 22 24 21 15 16 0 16 21 22 19 15
24 24 21 17 20 18 17 22 20 25 20 22 24 16 0 20 22 22 15
16 16 17 23 24 21 19 21 19 18 23 18 18 21 20 0 21 24 22
21 21 24 24 19 21 21 24 19 16 19 21 19 22 22 21 0 15 25
22 18 22 22 18 16 25 23 23 21 16 25 16 19 22 24 15 0 15
23 18 19 20 24 16 17 21 22 19 24 20 18 15 15 22 25 15 0
