17
22
54 119 77 114 10 18 91 61 35 68 117 93 87 95 107 71 76 6 100 40 9 48
117 41 112 109 70 5 106 10 103 39 81 92 5 69 108 109 29 67 31 41 50 86
3 48 49 95 18 57 5 105 16 44 49 40 119 109 35 4 13 115 45 93 58 118
87 49 98 59 61 77 88 84 29 15 105 95 102 65 97 40 43 118 88 3 91 90
103 59 102 18 21 63 54 92 20 107 59 55 16 2 26 17 70 102 47 114 68 11
78 19 100 47 85 80 59 72 95 46 26 61 48 7 86 30 13 52 74 77 3 88
48 7 94 46 12 65 80 74 33 113 37 62 41 81 62 64 72 6 96 107 53 70
40 91 28 64 39 3 41 6 18 81 101 97 88 22 58 22 2 14 30 60 29 23
81 54 45 77 120 120 114 40 32 35 2 10 46 85 99 18 93 113 26 88 22 67
72 62 106 116 63 60 21 37 5 113 41 84 56 32 8 56 48 42 21 77 103 99
89 76 25 105 12 15 107 3 97 76 17 114 83 113 50 100 32 15 10 96 116 2
106 117 49 106 112 94 54 19 106 71 21 101 53 47 70 11 87 14 30 102 24 108
82 120 104 68 18 74 79 115 102 117 115 70 78 12 108 59 52 42 28 81 17 57
101 118 44 105 30 6 81 39 46 17 119 9 80 107 93 43 95 108 86 87 58 89
99 31 68 102 23 60 63 88 80 64 8 76 93 21 63 84 79 58 78 57 119 71
86 26 116 22 63 3 93 53 76 15 101 103 13 15 42 56 52 57 23 32 70 43
60 1 113 89 105 14 72 96 119 25 116 57 111 114 21 9 45 97 29 87 86 106
0 24 25 15 16 20 20 17 15 18 18 22 17 24 20 18 16 16 24
24 0 17 23 23 15 25 22 25 25 20 17 22 19 15 25 23 18 17
25 17 0 15 22 15 19 22 22 21 22 24 21 17 25 18 20 21 21
15 23 15 0 17 21 21 17 23 19 23 15 20 19 25 22 16 25 19
16 23 22 17 0 20 25 25 24 23 22 16 25 22 22 18 18 16 25
20 15 15 21 20 0 25 19 15 21 17 15 19 22 16 25 15 25 16
20 25 19 21 25 25 0 18 18 16 20 20 23 19 18 25 25 16 24
17 22 22 17 25 19 18 0 15 16 24 20 25 15 21 21 20 16 24
15 25 22 23 24 15 18 15 0 23 18 17 23 23 22 19 18 22 15
18 25 21 19 23 21 16 16 23 0 23 22 16 23 19 20 15 23 22
18 20 22 23 22 17 20 24 18 23 0 25 23 24 20 23 21 15 15
22 17 24 15 16 15 20 20 17 22 25 0 19 15 17 22 16 24 24
17 22 21 20 25 19 23 25 23 16 23 19 0 25 21 18 25 19 19
24 19 17 19 22 22 19 15 23 23 24 15 25 0 17 21 22 25 19
20 15 25 25 22 16 18 21 22 19 20 17 21 17 0 24 17 21 20
18 25 18 22 18 25 25 21 19 20 23 22 18 21 24 0 21 18 20
16 23 20 16 18 15 25 20 18 15 21 16 25 22 17 21 0 21 18
16 18 21 25 16 25 16 16 22 23 15 24 19 25 21 18 21 0 17
24 17 21 19 25 16 24 24 15 22 15 24 19 19 20 20 18 17 0
