17
6
7 31 26 5 21 37
37 3 4 19 34 23
35 34 10 37 7 19
18 24 2 1 34 1
33 23 25 13 3 37
11 32 33 16 39 28
29 38 1 23 27 30
21 12 15 37 4 11
11 34 24 22 5 30
31 33 4 24 5 36
5 20 1 39 33 14
32 33 14 36 1 14
6 2 26 22 17 20
3 3 17 36 32 28
25 32 35 25 9 16
40 37 32 37 28 14
28 13 28 27 3 15
0 21 17 20 24 16 16 21 18 17 22 18 24 20 17 19 22 21 15
21 0 19 19 21 15 18 25 19 21 15 19 17 17 16 19 16 20 15
17 19 0 19 25 18 25 23 25 25 24 20 25 24 25 25 18 24 21
20 19 19 0 20 21 17 15 23 15 19 17 15 17 23 18 24 23 23
24 21 25 20 0 25 15 20 25 19 22 19 23 23 25 16 22 17 24
16 15 18 21 25 0 16 20 17 24 18 23 20 19 17 15 23 20 15
16 18 25 17 15 16 0 23 17 22 25 20 15 18 22 24 15 24 25
21 25 23 15 20 20 23 0 24 23 25 20 21 24 23 15 18 21 19
18 19 25 23 25 17 17 24 0 20 20 15 18 19 24 21 19 15 25
17 21 25 15 19 24 22 23 20 0 20 17 25 25 22 18 17 23 16
22 15 24 19 22 18 25 25 20 20 0 15 23 19 25 25 22 18 21
18 19 20 17 19 23 20 20 15 17 15 0 19 17 24 15 21 19 15
24 17 25 15 23 20 15 21 18 25 23 19 0 18 15 18 24 22 18
20 17 24 17 23 19 18 24 19 25 19 17 18 0 16 20 20 21 15
17 16 25 23 25 17 22 23 24 22 25 24 15 16 0 20 23 19 19
19 19 25 18 16 15 24 15 21 18 25 15 18 20 20 0 21 23 25
22 16 18 24 22 23 15 18 19 17 22 21 24 20 23 21 0 19 17
21 20 24 23 17 20 24 21 15 23 18 19 22 21 19 23 19 0 23
15 15 21 23 24 15 25 19 25 16 21 15 18 15 19 25 17 23 0
