17
16
2 18 28 31 52 5 55 72 2 23 68 58 3 80 38 14
48 37 3 64 22 42 31 58 62 70 18 29 34 50 11 61
12 25 68 29 44 2 42 32 68 74 75 47 29 71 25 36
31 78 78 74 31 65 55 11 78 32 72 66 79 50 45 21
45 80 19 72 69 20 45 55 43 76 12 14 78 46 67 59
37 5 50 62 14 32 58 17 76 69 44 33 45 48 10 70
31 58 40 21 36 30 53 38 73 23 45 60 2 1 43 79
54 9 22 45 39 70 56 48 18 60 58 57 17 22 34 50
65 50 25 71 40 58 33 47 61 50 54 16 36 69 50 73
41 74 76 28 75 44 64 12 26 17 49 8 9 18 59 13
80 12 17 7 5 10 63 59 13 44 48 8 61 12 19 11
44 11 18 63 57 16 13 48 71 33 80 61 65 9 14 47
77 24 67 37 21 39 62 31 71 1 4 70 47 57 40 77
14 9 47 20 29 64 79 67 66 5 16 58 25 71 30 24
38 24 33 74 6 77 74 38 74 11 21 62 63 55 17 11
68 65 56 68 48 16 47 36 26 27 24 57 59 14 58 75
2 80 67 48 77 16 5 7 58 50 65 19 4 69 80 57
0 21 23 15 23 16 21 24 25 21 22 19 17 23 25 21 15 21 17
21 0 20 15 15 21 25 25 24 19 23 24 17 16 23 23 25 20 21
23 20 0 16 17 24 16 15 18 15 15 20 17 23 22 18 24 19 25
15 15 16 0 15 17 24 19 18 18 18 15 22 20 15 19 23 15 19
23 15 17 15 0 15 23 19 23 20 20 22 22 25 19 22 21 19 16
16 21 24 17 15 0 24 23 24 16 16 18 17 16 20 20 21 19 18
21 25 16 24 23 24 0 15 16 18 24 24 17 15 23 23 21 22 22
24 25 15 19 19 23 15 0 17 24 20 24 24 19 22 23 24 24 21
25 24 18 18 23 24 16 17 0 17 17 23 15 18 24 24 18 21 22
21 19 15 18 20 16 18 24 17 0 18 20 17 18 16 24 17 23 17
22 23 15 18 20 16 24 20 17 18 0 20 19 15 22 15 16 21 15
19 24 20 15 22 18 24 24 23 20 20 0 23 19 16 22 23 15 19
17 17 17 22 22 17 17 24 15 17 19 23 0 24 17 19 16 22 18
23 16 23 20 25 16 15 19 18 18 15 19 24 0 16 23 24 20 23
25 23 22 15 19 20 23 22 24 16 22 16 17 16 0 16 18 21 19
21 23 18 19 22 20 23 23 24 24 15 22 19 23 16 0 16 18 24
15 25 24 23 21 21 21 24 18 17 16 23 16 24 18 16 0 18 24
21 20 19 15 19 19 22 24 21 23 21 15 22 20 21 18 18 0 23
17 21 25 19 16 18 22 21 22 17 15 19 18 23 19 24 24 23 0
