17
12
18 7 21 4 40 6 37 15 8 18 11 5
18 25 30 1 12 7 23 5 7 32 2 4
10 4 30 32 26 28 11 27 36 36 18 23
15 25 20 19 4 20 9 27 15 26 13 35
34 10 16 39 9 3 35 28 34 8 34 3
12 23 38 23 19 26 1 1 39 26 32 27
22 5 39 26 1 19 33 35 4 39 32 3
12 38 26 9 2 37 29 25 22 9 3 13
16 17 29 21 2 4 25 15 32 30 37 16
19 40 12 21 37 15 21 13 17 16 22 16
29 28 31 4 34 7 19 7 10 15 15 11
38 28 3 35 1 10 22 20 18 12 39 33
40 13 10 12 2 29 4 20 5 18 28 3
16 3 27 15 37 29 9 14 24 24 1 24
16 9 20 22 12 21 28 28 16 11 37 14
27 16 12 25 20 24 12 29 22 6 26 17
2 8 9 29 15 10 10 10 5 3 19 27
0 19 24 17 21 16 25 23 17 15 19 16 16 23 21 23 20 16 24
19 0 19 15 21 23 22 22 23 19 15 19 20 18 19 15 17 17 22
24 19 0 24 25 18 20 23 24 15 20 20 25 21 20 19 24 21 16
17 15 24 0 20 19 20 23 23 21 22 22 19 23 15 18 21 23 23
21 21 25 20 0 19 15 18 22 25 16 23 21 22 17 24 15 18 19
16 23 18 19 19 0 17 17 24 22 18 21 18 21 20 23 16 24 17
25 22 20 20 15 17 0 24 23 17 23 17 24 23 22 16 23 15 21
23 22 23 23 18 17 24 0 17 15 23 22 15 16 23 18 18 19 21
17 23 24 23 22 24 23 17 0 22 23 25 20 23 20 21 22 23 18
15 19 15 21 25 22 17 15 22 0 23 15 21 20 22 15 21 17 20
19 15 20 22 16 18 23 23 23 23 0 25 21 24 15 21 21 15 20
16 19 20 22 23 21 17 22 25 15 25 0 18 16 23 25 15 16 21
16 20 25 19 21 18 24 15 20 21 21 18 0 15 24 19 23 18 21
23 18 21 23 22 21 23 16 23 20 24 16 15 0 19 19 17 16 17
21 19 20 15 17 20 22 23 20 22 15 23 24 19 0 24 24 18 16
23 15 19 18 24 23 16 18 21 15 21 25 19 19 24 0 17 25 23
20 17 24 21 15 16 23 18 22 21 21 15 23 17 24 17 0 16 15
16 17 21 23 18 24 15 19 23 17 15 16 18 16 18 25 16 0 17
24 22 16 23 19 17 21 21 18 20 20 21 21 17 16 23 15 17 0
