17
4
60 80 47 75
47 34 46 112
73 5 12 49
8 77 16 57
57 15 13 91
33 19 22 7
22 21 47 16
71 88 32 54
39 110 45 62
68 33 50 54
82 110 8 91
9 83 94 106
32 45 98 113
92 23 111 49
119 87 86 102
30 28 112 73
48 37 10 39
0 23 16 15 25 21 15 15 20 25 19 15 23 25 23 23 21 16 15
23 0 22 16 22 17 17 21 15 22 22 21 18 21 18 16 20 24 15
16 22 0 24 23 21 22 21 15 22 23 25 23 16 21 16 23 23 22
15 16 24 0 22 22 25 20 19 18 17 18 25 15 15 15 25 24 22
25 22 23 22 0 16 22 18 21 16 22 20 25 25 15 21 25 25 24
21 17 21 22 16 0 23 17 20 21 18 22 18 19 22 21 19 19 24
15 17 22 25 22 23 0 15 21 24 24 25 18 23 21 18 18 18 16
15 21 21 20 18 17 15 0 18 19 18 15 16 25 15 23 18 17 15
20 15 15 19 21 20 21 18 0 24 19 16 22 22 22 16 18 25 16
25 22 22 18 16 21 24 19 24 0 20 20 22 20 21 15 24 18 24
19 22 23 17 22 18 24 18 19 20 0 22 24 16 21 17 24 16 16
15 21 25 18 20 22 25 15 16 20 22 0 22 16 16 20 24 19 20
23 18 23 25 25 18 18 16 22 22 24 22 0 23 17 19 18 20 20
25 21 16 15 25 19 23 25 22 20 16 16 23 0 21 18 23 21 17
23 18 21 15 15 22 21 15 22 21 21 16 17 21 0 20 18 18 23
23 16 16 15 21 21 18 23 16 15 17 20 19 18 20 0 17 20 23
21 20 23 25 25 19 18 18 18 24 24 24 18 23 18 17 0 21 22
16 24 23 24 25 19 18 17 25 18 16 19 20 21 18 20 21 0 20
15 15 22 22 24 24 16 15 16 24 16 20 20 17 23 23 22 20 0
