17
14
80 1 22 45 59 62 18 43 80 65 44 49 79 75
51 77 35 61 21 1 4 33 55 76 36 40 47 16
73 10 28 80 23 74 18 14 70 42 56 61 1 48
71 21 64 15 45 64 70 70 44 46 35 52 58 5
31 47 22 43 38 21 7 47 45 51 33 56 58 73
49 6 73 50 63 71 72 63 63 24 47 6 47 69
62 14 38 44 28 13 29 80 50 71 73 39 16 50
55 70 7 30 68 40 73 71 12 75 17 18 2 2
71 4 2 6 52 43 73 79 42 61 19 5 25 23
76 71 24 20 10 21 33 78 54 58 23 20 20 18
1 61 13 69 76 57 38 20 69 16 44 41 22 23
58 76 58 40 3 28 33 31 19 6 62 69 25 8
25 64 46 41 55 63 70 4 50 5 17 28 24 76
60 12 17 60 78 51 2 28 34 18 16 33 70 28
70 24 22 22 78 30 43 20 73 21 50 61 45 57
75 4 27 70 64 53 2 28 73 54 60 3 15 32
75 8 13 24 10 6 37 18 33 39 21 23 20 22
0 16 17 20 18 16 16 19 24 17 17 23 15 22 20 25 24 16 18
16 0 21 16 21 17 23 23 22 22 23 18 15 18 24 22 15 19 17
17 21 0 25 21 18 25 17 18 24 18 18 17 15 15 19 18 18 23
20 16 25 0 22 17 24 23 17 17 15 17 19 19 20 25 24 19 18
18 21 21 22 0 24 20 24 17 22 18 16 21 23 17 17 22 17 15
16 17 18 17 24 0 25 18 16 23 17 19 24 18 15 15 16 21 25
16 23 25 24 20 25 0 24 23 19 21 17 20 15 25 18 16 25 24
19 23 17 23 24 18 24 0 21 23 21 17 20 25 15 24 22 17 23
24 22 18 17 17 16 23 21 0 21 25 17 17 20 16 20 18 21 19
17 22 24 17 22 23 19 23 21 0 18 24 17 21 22 24 16 24 23
17 23 18 15 18 17 21 21 25 18 0 25 19 24 25 23 18 20 17
23 18 18 17 16 19 17 17 17 24 25 0 19 17 17 18 20 15 16
15 15 17 19 21 24 20 20 17 17 19 19 0 22 25 19 25 15 19
22 18 15 19 23 18 15 25 20 21 24 17 22 0 17 18 19 21 18
20 24 15 20 17 15 25 15 16 22 25 17 25 17 0 18 16 24 20
25 22 19 25 17 15 18 24 20 24 23 18 19 18 18 0 17 23 16
24 15 18 24 22 16 16 22 18 16 18 20 25 19 16 17 0 16 18
16 19 18 19 17 21 25 17 21 24 20 15 15 21 24 23 16 0 24
18 17 23 18 15 25 24 23 19 23 17 16 19 18 20 16 18 24 0
