17
18
8 9 8 6 12 14 3 15 1 8 13 3 38 11 21 14 25 16
33 37 15 40 1 16 5 10 26 3 3 14 12 15 3 27 29 33
28 13 18 9 12 38 20 10 3 9 40 7 26 30 31 28 27 15
2 35 10 35 33 15 31 27 12 35 39 23 5 22 8 3 9 24
1 20 6 20 31 27 1 37 2 30 13 34 26 19 7 4 13 1
30 27 38 29 12 19 35 2 15 3 12 14 17 40 28 29 11 12
29 9 7 6 1 29 4 22 39 32 5 4 20 7 7 36 38 35
10 3 17 33 35 7 21 39 37 6 35 21 21 15 36 1 6 35
13 22 15 11 36 30 21 22 4 5 34 30 15 27 11 23 31 10
34 1 37 23 15 16 26 18 3 37 18 23 40 10 39 23 5 18
10 37 9 35 29 26 30 25 12 37 26 35 13 19 32 21 26 7
21 20 24 21 25 34 1 24 16 31 4 8 40 40 7 12 11 26
17 7 25 13 11 26 31 22 37 11 34 36 19 31 6 12 10 17
4 30 34 23 10 4 37 3 18 21 36 39 4 29 4 2 2 4
19 24 16 15 11 28 19 21 36 10 13 33 23 28 8 38 21 28
30 12 27 37 4 10 23 36 40 4 27 26 23 15 10 24 8 22
12 34 7 14 26 27 23 21 28 40 35 3 35 11 11 27 37 18
0 16 22 24 16 19 15 17 19 15 15 20 25 18 18 15 24 22 16
16 0 23 15 17 24 17 20 24 17 25 25 15 22 15 23 21 21 25
22 23 0 19 18 25 17 25 22 23 25 16 19 16 20 15 22 15 22
24 15 19 0 16 22 20 16 24 21 21 19 21 23 23 23 20 23 15
16 17 18 16 0 19 24 15 23 21 24 21 18 17 19 19 25 19 17
19 24 25 22 19 0 22 23 19 25 22 24 22 25 22 16 25 17 16
15 17 17 20 24 22 0 22 24 21 20 20 24 22 19 17 16 25 25
17 20 25 16 15 23 22 0 23 18 22 20 16 22 20 23 22 25 24
19 24 22 24 23 19 24 23 0 18 20 18 17 19 16 20 21 17 17
15 17 23 21 21 25 21 18 18 0 22 24 18 20 16 24 17 18 16
15 25 25 21 24 22 20 22 20 22 0 22 19 25 16 16 21 23 21
20 25 16 19 21 24 20 20 18 24 22 0 21 15 25 23 15 22 19
25 15 19 21 18 22 24 16 17 18 19 21 0 20 22 19 15 20 21
18 22 16 23 17 25 22 22 19 20 25 15 20 0 20 16 22 25 16
18 15 20 23 19 22 19 20 16 16 16 25 22 20 0 21 22 18 21
15 23 15 23 19 16 17 23 20 24 16 23 19 16 21 0 23 16 15
24 21 22 20 25 25 16 22 21 17 21 15 15 22 22 23 0 18 19
22 21 15 23 19 17 25 25 17 18 23 22 20 25 18 16 18 0 21
16 25 22 15 17 16 25 24 17 16 21 19 21 16 21 15 19 21 0
