17
20
53 49 43 60 71 26 1 64 15 6 39 8 31 70 29 22 48 65 47 42
79 58 7 71 64 73 18 50 59 61 80 35 38 67 52 37 65 21 18 19
20 54 48 40 36 35 64 2 60 52 76 50 36 23 30 77 11 42 34 24
29 30 60 62 80 75 76 17 6 78 44 8 33 38 57 73 2 4 50 63
72 10 21 62 28 71 61 69 30 43 9 75 45 67 58 49 63 18 49 80
60 53 40 72 7 54 58 47 26 25 48 64 51 33 42 5 67 14 29 53
33 50 42 71 2 4 51 8 54 20 17 18 73 46 3 53 53 60 18 77
37 16 50 14 75 61 60 56 41 58 24 4 6 28 46 23 14 34 60 51
63 19 64 11 43 67 52 76 69 25 8 26 60 24 63 80 26 8 43 43
14 43 20 5 21 25 32 63 13 24 51 50 60 29 28 4 32 79 23 72
72 56 28 30 49 47 6 38 2 23 17 26 22 24 53 30 58 64 58 55
58 9 35 65 13 2 57 11 13 53 28 40 77 43 56 49 16 28 33 44
66 35 15 69 30 41 6 78 32 77 23 76 16 24 71 78 64 74 2 59
44 77 33 62 25 74 66 36 13 55 55 74 60 41 44 5 15 10 29 51
73 8 23 52 60 71 29 8 32 11 22 15 54 46 64 66 50 8 68 79
73 43 80 3 78 38 66 27 76 28 70 58 61 10 10 33 44 69 79 70
49 80 16 49 45 22 16 16 5 13 49 10 50 6 5 54 6 13 31 80
0 16 22 21 17 22 17 20 24 21 23 25 24 20 24 18 18 16 21
16 0 23 15 16 17 20 20 24 19 16 16 20 15 25 25 20 19 19
22 23 0 21 19 20 23 16 19 16 20 15 21 20 21 17 25 19 24
21 15 21 0 23 15 20 18 20 17 22 24 17 23 16 25 23 24 15
17 16 19 23 0 22 25 24 16 21 25 23 20 18 17 15 20 25 20
22 17 20 15 22 0 17 24 25 18 23 24 19 21 21 20 20 17 22
17 20 23 20 25 17 0 23 16 17 17 16 24 20 21 17 22 19 22
20 20 16 18 24 24 23 0 24 18 22 19 19 24 24 15 20 16 24
24 24 19 20 16 25 16 24 0 25 20 21 15 20 21 17 15 20 24
21 19 16 17 21 18 17 18 25 0 17 23 19 15 23 24 20 25 15
23 16 20 22 25 23 17 22 20 17 0 19 23 21 24 25 15 22 19
25 16 15 24 23 24 16 19 21 23 19 0 20 16 16 15 24 22 19
24 20 21 17 20 19 24 19 15 19 23 20 0 20 15 16 16 21 20
20 15 20 23 18 21 20 24 20 15 21 16 20 0 15 24 16 25 19
24 25 21 16 17 21 21 24 21 23 24 16 15 15 0 23 20 20 23
18 25 17 25 15 20 17 15 17 24 25 15 16 24 23 0 19 22 20
18 20 25 23 20 20 22 20 15 20 15 24 16 16 20 19 0 22 17
16 19 19 24 25 17 19 16 20 25 22 22 21 25 20 22 22 0 18
21 19 24 15 20 22 22 24 24 15 19 19 20 19 23 20 17 18 0
