17
30
18 5 34 44 47 6 82 37 103 13 117 22 95 104 116 95 4 111 2 114 113 99 68 25 11 23 2 69 95 91
116 107 40 3 102 13 34 1 10 20 57 34 118 61 23 2 39 21 23 118 16 98 24 29 15 115 109 55 44 119
20 95 28 69 58 70 92 49 54 113 70 26 71 34 104 27 61 41 75 97 54 115 36 45 2 95 78 28 3 89
16 26 84 50 55 32 37 113 12 8 12 70 87 10 41 16 79 80 23 24 14 54 97 54 8 119 38 112 2 44
108 30 25 3 56 23 45 119 70 101 100 19 98 19 70 41 21 32 19 116 49 24 17 9 67 72 113 18 44 31
90 113 15 56 92 27 1 58 50 50 5 66 68 81 15 20 38 53 64 120 79 58 117 71 68 2 21 102 67 54
79 32 54 56 16 6 63 88 101 16 99 38 105 74 107 34 104 8 107 84 4 75 77 112 27 9 93 120 3 66
83 1 12 87 85 51 77 23 88 101 109 73 48 9 45 58 28 54 79 30 108 67 48 20 47 91 103 89 14 75
81 25 14 61 64 5 35 114 93 49 34 61 72 58 16 61 40 74 13 104 119 15 40 30 26 52 107 38 50 92
97 13 119 56 81 3 106 94 93 46 36 56 99 59 9 90 107 111 59 55 72 114 27 10 90 94 98 60 103 93
65 51 65 1 50 85 41 110 112 43 76 51 18 113 36 103 48 59 62 42 85 16 16 85 65 79 4 116 31 63
68 45 59 65 5 42 23 9 34 2 9 72 12 109 46 91 1 24 1 115 23 15 43 54 8 1 33 24 63 119
2 39 92 10 96 78 87 118 82 110 105 96 32 72 19 113 77 11 26 5 63 93 111 50 100 32 15 20 90 70
116 46 34 63 95 74 77 16 71 88 57 64 80 35 94 30 52 7 21 61 56 102 53 10 83 44 113 97 32 3
82 2 74 59 65 99 39 32 61 43 43 117 61 7 78 116 116 17 43 24 98 83 82 67 66 114 108 107 43 20
97 39 63 26 109 116 6 71 12 22 43 105 82 7 31 101 50 57 57 59 23 42 5 118 25 66 2 61 49 31
28 93 11 71 36 31 118 58 86 61 70 15 105 51 103 86 89 17 94 43 83 64 95 87 49 74 68 64 42 118
0 19 23 24 17 16 25 21 25 21 15 20 15 18 15 21 17 17 18
19 0 21 17 22 21 19 18 16 19 20 24 15 20 18 21 21 17 21
23 21 0 23 18 15 18 15 21 21 20 25 22 21 22 19 19 24 23
24 17 23 0 15 25 24 25 21 23 25 15 22 16 15 22 18 18 15
17 22 18 15 0 18 24 23 20 23 15 16 17 20 21 21 21 24 15
16 21 15 25 18 0 16 24 18 18 23 16 20 21 20 25 19 25 21
25 19 18 24 24 16 0 18 17 24 23 24 22 23 20 19 20 22 23
21 18 15 25 23 24 18 0 16 17 25 21 23 21 15 25 17 16 25
25 16 21 21 20 18 17 16 0 18 19 22 20 20 20 18 22 21 22
21 19 21 23 23 18 24 17 18 0 19 24 15 16 15 23 15 16 15
15 20 20 25 15 23 23 25 19 19 0 24 22 22 24 16 23 19 21
20 24 25 15 16 16 24 21 22 24 24 0 25 19 20 19 18 18 20
15 15 22 22 17 20 22 23 20 15 22 25 0 21 25 19 17 22 25
18 20 21 16 20 21 23 21 20 16 22 19 21 0 23 15 22 21 23
15 18 22 15 21 20 20 15 20 15 24 20 25 23 0 15 24 23 22
21 21 19 22 21 25 19 25 18 23 16 19 19 15 15 0 17 18 18
17 21 19 18 21 19 20 17 22 15 23 18 17 22 24 17 0 16 22
17 17 24 18 24 25 22 16 21 16 19 18 22 21 23 18 16 0 21
18 21 23 15 15 21 23 25 22 15 21 20 25 23 22 18 22 21 0
