17
8
135 52 28 127 142 120 60 77
40 134 30 67 80 127 67 10
72 81 4 119 106 124 23 122
113 111 146 73 54 156 127 130
19 138 6 150 43 4 62 4
153 129 23 134 100 108 64 87
10 77 54 113 34 127 120 51
131 76 15 7 15 153 37 108
87 11 25 15 58 59 79 100
30 28 142 147 77 99 145 114
62 47 128 103 84 59 72 74
102 48 22 83 127 28 82 120
137 5 31 149 96 148 46 44
66 23 107 129 24 6 111 24
41 21 72 53 141 120 136 31
149 134 101 64 109 99 15 82
137 5 104 141 46 155 10 160
0 22 22 19 15 15 17 17 19 18 17 25 16 18 17 20 16 15 25
22 0 20 17 19 17 20 17 15 25 15 18 19 15 16 16 19 25 20
22 20 0 22 19 15 22 18 19 15 17 16 21 23 20 23 20 22 15
19 17 22 0 17 21 20 22 20 24 24 19 24 17 15 24 16 16 20
15 19 19 17 0 19 15 21 17 18 17 25 23 24 17 23 18 24 21
15 17 15 21 19 0 17 21 18 16 19 18 24 18 20 25 15 20 15
17 20 22 20 15 17 0 19 19 23 22 24 18 21 20 20 15 25 16
17 17 18 22 21 21 19 0 22 19 17 23 22 19 16 15 20 15 23
19 15 19 20 17 18 19 22 0 25 18 16 18 21 20 15 20 23 20
18 25 15 24 18 16 23 19 25 0 22 20 22 15 23 19 22 24 20
17 15 17 24 17 19 22 17 18 22 0 25 17 19 19 15 24 21 16
25 18 16 19 25 18 24 23 16 20 25 0 20 22 24 23 15 16 25
16 19 21 24 23 24 18 22 18 22 17 20 0 19 20 16 19 18 23
18 15 23 17 24 18 21 19 21 15 19 22 19 0 23 16 21 25 20
17 16 20 15 17 20 20 16 20 23 19 24 20 23 0 17 24 15 18
20 16 23 24 23 25 20 15 15 19 15 23 16 16 17 0 15 15 20
16 19 20 16 18 15 15 20 20 22 24 15 19 21 24 15 0 25 19
15 25 22 16 24 20 25 15 23 24 21 16 18 25 15 15 25 0 18
25 20 15 20 21 15 16 23 20 20 16 25 23 20 18 20 19 18 0
