17
12
7 91 39 67 160 23 99 13 110 10 151 49
116 75 32 98 22 16 73 158 61 99 147 143
149 145 48 136 100 155 96 36 69 32 127 63
142 51 18 6 101 106 126 5 37 141 98 87
71 50 72 153 124 108 102 40 88 22 36 50
13 49 43 9 101 1 15 56 18 131 106 6
131 71 76 95 126 91 10 89 135 79 81 11
147 34 91 131 150 98 146 140 28 108 19 51
52 71 12 146 108 91 70 140 92 79 135 75
144 74 152 144 96 26 5 79 155 26 154 46
91 111 35 118 19 36 122 74 97 98 160 1
63 5 51 12 85 140 48 94 74 50 76 42
8 90 80 100 159 141 60 97 40 137 127 137
73 127 45 113 63 64 90 154 71 58 12 117
31 154 160 30 122 40 84 12 137 57 74 11
44 40 29 158 147 148 2 107 54 104 82 102
10 124 32 48 86 135 64 131 4 27 125 78
0 15 15 24 23 16 25 24 24 23 23 20 18 25 23 18 17 17 22
15 0 22 15 17 23 19 22 25 19 24 22 23 18 21 15 23 15 16
15 22 0 20 23 24 22 25 25 19 25 19 20 16 15 23 15 24 16
24 15 20 0 16 22 25 23 24 18 24 19 17 20 21 23 20 19 15
23 17 23 16 0 16 15 16 23 19 18 17 22 18 22 15 16 18 23
16 23 24 22 16 0 24 25 25 25 22 22 23 25 21 24 15 20 15
25 19 22 25 15 24 0 16 18 15 17 24 16 21 24 22 15 22 15
24 22 25 23 16 25 16 0 15 18 16 25 17 23 18 22 17 19 15
24 25 25 24 23 25 18 15 0 18 23 18 25 17 15 23 16 24 16
23 19 19 18 19 25 15 18 18 0 15 20 19 18 24 23 21 21 21
23 24 25 24 18 22 17 16 23 15 0 16 19 21 19 20 17 24 19
20 22 19 19 17 22 24 25 18 20 16 0 20 21 15 25 21 22 19
18 23 20 17 22 23 16 17 25 19 19 20 0 16 23 21 19 17 18
25 18 16 20 18 25 21 23 17 18 21 21 16 0 24 17 17 19 15
23 21 15 21 22 21 24 18 15 24 19 15 23 24 0 20 23 22 22
18 15 23 23 15 24 22 22 23 23 20 25 21 17 20 0 17 17 18
17 23 15 20 16 15 15 17 16 21 17 21 19 17 23 17 0 21 19
17 15 24 19 18 20 22 19 24 21 24 22 17 19 22 17 21 0 21
22 16 16 15 23 15 15 15 16 21 19 19 18 15 22 18 19 21 0
