17
22
14 11 152 10 119 133 37 102 19 3 15 136 33 113 115 76 72 56 42 22 58 111
145 108 120 160 97 47 90 77 148 160 80 28 99 128 71 148 100 91 154 28 42 61
140 70 112 132 55 67 94 156 69 62 87 74 21 10 75 158 98 145 96 84 112 132
12 103 106 33 76 106 52 106 109 106 49 13 158 5 116 134 36 42 31 36 33 57
14 18 116 105 84 153 97 95 71 80 42 45 111 101 14 104 141 105 25 23 65 52
70 51 40 24 160 27 43 15 62 57 135 56 46 7 58 106 131 141 73 9 102 45
61 41 78 153 108 31 39 70 150 13 61 154 87 56 78 13 33 81 112 116 112 14
58 58 3 16 22 120 25 19 38 67 15 102 158 81 73 153 78 22 154 148 25 59
2 67 2 117 16 122 65 23 26 74 88 122 83 44 142 110 96 117 159 105 87 128
1 13 11 64 85 48 64 156 45 124 80 149 32 92 33 30 41 10 42 127 84 63
139 118 52 92 74 17 128 128 78 34 118 109 143 17 82 95 26 89 3 110 37 126
130 45 66 126 32 51 117 144 28 100 42 135 86 41 150 83 160 98 64 87 93 86
48 58 43 86 131 115 51 107 96 24 155 156 58 53 155 38 74 107 2 13 118 120
79 107 145 160 17 91 114 142 40 44 139 109 75 30 84 139 117 147 147 52 100 80
134 57 110 78 102 56 48 39 47 57 73 75 135 115 123 76 109 54 141 79 22 55
37 31 95 31 12 149 80 46 147 146 57 108 133 29 127 125 29 108 112 32 69 117
102 11 150 123 48 109 115 81 12 67 40 160 138 126 119 101 115 113 58 88 45 1
0 25 24 23 22 21 15 19 19 16 23 19 15 25 22 20 15 20 23
25 0 21 15 23 24 17 18 22 16 15 20 25 19 19 18 15 24 24
24 21 0 15 22 17 21 18 23 22 19 17 19 25 20 23 19 19 25
23 15 15 0 16 21 18 18 20 23 19 23 23 24 17 22 18 25 17
22 23 22 16 0 21 17 17 24 23 24 24 19 22 20 16 19 24 17
21 24 17 21 21 0 24 17 15 18 15 24 18 18 24 22 25 21 16
15 17 21 18 17 24 0 24 20 18 16 23 25 18 23 16 25 20 17
19 18 18 18 17 17 24 0 18 18 20 15 24 16 22 16 15 16 25
19 22 23 20 24 15 20 18 0 25 16 19 18 23 17 17 23 18 20
16 16 22 23 23 18 18 18 25 0 19 16 17 21 25 25 16 17 15
23 15 19 19 24 15 16 20 16 19 0 21 18 19 17 16 22 23 24
19 20 17 23 24 24 23 15 19 16 21 0 25 20 17 22 20 24 25
15 25 19 23 19 18 25 24 18 17 18 25 0 16 16 24 16 22 17
25 19 25 24 22 18 18 16 23 21 19 20 16 0 22 18 21 23 18
22 19 20 17 20 24 23 22 17 25 17 17 16 22 0 24 21 16 24
20 18 23 22 16 22 16 16 17 25 16 22 24 18 24 0 15 23 19
15 15 19 18 19 25 25 15 23 16 22 20 16 21 21 15 0 20 23
20 24 19 25 24 21 20 16 18 17 23 24 22 23 16 23 20 0 18
23 24 25 17 17 16 17 25 20 15 24 25 17 18 24 19 23 18 0
