17
26
5 18 9 5 31 35 13 19 29 29 11 36 1 39 7 35 5 11 26 32 27 16 24 14 27 10
39 20 3 39 20 3 39 2 27 10 37 30 23 7 17 21 4 17 12 18 16 13 34 1 16 15
28 39 32 25 21 33 6 34 28 17 12 32 39 36 9 38 11 31 39 17 2 24 39 1 12 19
39 6 25 3 16 3 19 10 20 40 28 2 16 32 24 3 13 15 25 28 20 33 17 33 21 30
27 25 37 32 40 15 24 18 14 28 10 15 18 4 35 26 17 4 27 25 26 8 16 5 32 35
29 37 17 10 29 20 2 7 15 14 34 19 5 25 4 27 39 26 7 4 21 3 7 39 25 4
25 27 18 4 37 31 31 35 4 22 39 1 29 31 5 4 32 20 26 32 17 16 18 16 29 40
31 27 28 36 22 19 5 31 32 8 38 36 19 13 19 26 26 9 26 6 33 40 15 9 4 13
18 26 30 17 15 34 22 33 6 19 23 21 5 35 19 34 3 12 2 7 40 1 2 22 37 1
20 6 21 24 9 17 35 13 12 30 3 6 22 39 18 5 31 37 14 20 25 29 36 11 26 15
24 30 20 18 28 18 7 40 30 8 6 36 39 4 31 37 5 34 16 16 30 37 33 40 23 26
16 14 16 34 19 32 34 13 2 9 2 30 15 33 7 14 14 35 33 39 20 13 21 5 38 25
11 1 4 5 28 10 14 24 21 12 21 34 38 20 18 39 22 19 4 36 8 16 3 21 1 5
35 20 27 17 19 10 30 22 25 15 27 17 3 37 21 8 5 36 35 29 5 38 25 19 35 3
15 40 9 5 39 12 18 8 27 28 31 36 4 36 13 17 2 1 6 11 33 21 22 18 40 35
3 12 39 10 12 32 25 22 34 3 27 26 29 21 12 32 6 29 18 38 5 6 15 7 15 31
32 23 37 14 23 13 23 15 4 15 7 29 36 26 12 31 6 34 18 2 31 12 19 33 5 20
0 23 16 22 19 23 19 21 23 19 15 17 25 22 17 21 15 21 23
23 0 17 25 16 22 24 17 15 18 22 21 23 22 21 23 22 20 25
16 17 0 15 19 19 15 19 15 21 19 25 23 24 19 16 17 22 19
22 25 15 0 17 23 19 21 20 18 21 25 18 20 21 20 20 22 15
19 16 19 17 0 19 20 22 22 18 24 21 22 20 20 16 17 25 20
23 22 19 23 19 0 16 19 19 23 22 16 18 21 20 15 17 23 22
19 24 15 19 20 16 0 18 23 24 19 21 16 18 23 23 16 21 21
21 17 19 21 22 19 18 0 17 25 16 17 17 25 23 21 17 22 15
23 15 15 20 22 19 23 17 0 22 25 21 18 16 25 19 17 19 22
19 18 21 18 18 23 24 25 22 0 24 22 19 18 17 16 22 25 24
15 22 19 21 24 22 19 16 25 24 0 17 24 18 24 18 24 23 15
17 21 25 25 21 16 21 17 21 22 17 0 21 18 21 17 25 23 15
25 23 23 18 22 18 16 17 18 19 24 21 0 25 19 25 17 22 24
22 22 24 20 20 21 18 25 16 18 18 18 25 0 25 17 15 16 21
17 21 19 21 20 20 23 23 25 17 24 21 19 25 0 16 15 18 15
21 23 16 20 16 15 23 21 19 16 18 17 25 17 16 0 18 25 19
15 22 17 20 17 17 16 17 17 22 24 25 17 15 15 18 0 17 17
21 20 22 22 25 23 21 22 19 25 23 23 22 16 18 25 17 0 16
23 25 19 15 20 22 21 15 22 24 15 15 24 21 15 19 17 16 0
