17
16
54 20 11 53 23 47 78 60 31 3 13 29 13 40 58 48
40 14 46 5 21 63 42 2 12 19 39 78 49 61 4 37
66 78 49 58 44 75 41 63 17 24 47 16 38 38 8 35
30 24 55 4 18 41 8 45 51 30 65 34 4 26 45 58
5 4 80 13 45 24 37 15 67 26 19 70 49 66 47 14
80 31 18 43 56 24 30 38 58 39 74 79 59 49 11 61
73 5 79 7 48 72 15 22 41 23 38 28 53 26 39 69
37 11 23 9 40 80 44 51 52 57 64 46 35 56 27 70
43 65 43 31 29 36 77 33 18 29 75 8 44 64 77 12
78 56 80 57 60 1 24 72 40 60 58 2 76 30 24 59
76 15 74 68 61 59 20 34 70 66 21 68 8 50 66 31
78 79 50 9 6 40 57 13 14 47 44 4 24 53 16 16
8 38 34 27 31 66 15 68 71 1 80 28 31 34 55 62
9 60 60 44 70 16 25 30 48 21 53 58 78 80 25 59
74 44 41 31 43 41 52 44 76 49 28 65 39 45 43 72
48 58 34 5 11 68 71 44 52 58 46 4 8 23 30 50
73 8 12 62 18 15 16 18 21 30 59 47 39 3 54 41
0 21 21 24 25 19 22 17 15 24 22 20 22 16 15 20 24 18 23
21 0 25 16 15 16 18 22 18 19 18 17 20 23 24 18 24 15 22
21 25 0 20 24 16 19 15 22 18 15 20 22 20 15 16 21 21 21
24 16 20 0 18 16 21 24 24 22 21 24 25 22 20 19 23 17 18
25 15 24 18 0 22 16 20 20 15 24 23 18 16 24 20 21 19 23
19 16 16 16 22 0 22 19 21 23 15 16 22 16 21 24 15 16 15
22 18 19 21 16 22 0 17 17 19 22 15 17 20 23 16 15 25 24
17 22 15 24 20 19 17 0 24 25 20 25 24 15 17 21 23 16 17
15 18 22 24 20 21 17 24 0 16 19 25 25 17 15 25 24 17 18
24 19 18 22 15 23 19 25 16 0 16 20 20 15 17 16 22 25 23
22 18 15 21 24 15 22 20 19 16 0 24 20 16 20 21 20 18 15
20 17 20 24 23 16 15 25 25 20 24 0 18 24 23 22 18 22 18
22 20 22 25 18 22 17 24 25 20 20 18 0 18 25 16 19 22 20
16 23 20 22 16 16 20 15 17 15 16 24 18 0 18 16 24 18 16
15 24 15 20 24 21 23 17 15 17 20 23 25 18 0 24 21 21 17
20 18 16 19 20 24 16 21 25 16 21 22 16 16 24 0 15 18 15
24 24 21 23 21 15 15 23 24 22 20 18 19 24 21 15 0 25 19
18 15 21 17 19 16 25 16 17 25 18 22 22 18 21 18 25 0 21
23 22 21 18 23 15 24 17 18 23 15 18 20 16 17 15 19 21 0
