17
4
92 57 8 100
91 40 70 73
120 30 23 22
6 104 46 15
105 117 40 82
54 44 1 81
60 19 59 66
38 1 51 25
108 10 62 37
85 43 27 95
93 84 11 74
1 117 27 63
63 93 41 79
26 92 113 66
49 73 78 58
103 24 99 89
69 87 25 56
0 21 16 19 24 20 18 20 20 19 20 20 23 20 18 17 22 23 16
21 0 22 25 20 22 21 19 15 20 25 18 15 17 19 24 25 19 25
16 22 0 24 19 15 16 25 24 23 21 22 23 24 24 18 21 17 20
19 25 24 0 15 17 24 22 15 16 25 20 22 20 20 18 16 23 16
24 20 19 15 0 21 25 22 19 17 20 16 19 23 18 19 23 19 25
20 22 15 17 21 0 20 19 16 22 22 23 19 25 15 15 25 16 16
18 21 16 24 25 20 0 18 22 15 17 18 15 25 21 24 19 20 20
20 19 25 22 22 19 18 0 24 25 17 15 16 15 18 17 23 16 17
20 15 24 15 19 16 22 24 0 22 23 19 15 21 17 15 16 18 19
19 20 23 16 17 22 15 25 22 0 19 20 25 20 24 20 16 20 20
20 25 21 25 20 22 17 17 23 19 0 21 18 22 17 21 19 20 25
20 18 22 20 16 23 18 15 19 20 21 0 20 18 20 16 22 21 21
23 15 23 22 19 19 15 16 15 25 18 20 0 25 23 17 19 23 18
20 17 24 20 23 25 25 15 21 20 22 18 25 0 18 16 15 22 25
18 19 24 20 18 15 21 18 17 24 17 20 23 18 0 22 16 17 19
17 24 18 18 19 15 24 17 15 20 21 16 17 16 22 0 16 18 21
22 25 21 16 23 25 19 23 16 16 19 22 19 15 16 16 0 18 23
23 19 17 23 19 16 20 16 18 20 20 21 23 22 17 18 18 0 19
16 25 20 16 25 16 20 17 19 20 25 21 18 25 19 21 23 19 0
