17
12
109 15 39 160 115 62 141 46 3 19 111 129
85 125 81 146 48 111 105 122 12 24 131 108
7 74 14 105 26 55 15 160 111 92 31 42
114 136 142 101 152 11 82 45 122 18 147 51
125 127 3 70 138 130 123 30 37 3 129 95
119 157 85 103 147 83 32 65 131 79 152 135
63 137 25 48 87 136 96 145 81 21 64 136
93 125 91 71 31 12 137 2 93 40 10 88
76 154 67 134 21 122 112 126 15 158 114 24
45 104 33 107 2 80 150 40 100 52 47 109
146 77 135 160 117 40 57 18 38 25 76 120
37 103 129 159 147 61 33 56 95 19 43 134
53 160 106 7 79 65 15 98 66 86 90 42
6 41 6 156 149 69 96 39 57 159 15 10
117 7 18 87 136 147 70 113 56 158 61 52
94 113 101 102 142 109 126 80 38 19 37 51
126 98 85 88 86 66 88 63 2 84 111 112
0 21 25 16 16 20 19 21 23 23 18 19 21 25 15 16 16 22 25
21 0 25 17 16 22 17 21 18 25 17 19 21 22 19 20 22 20 20
25 25 0 21 25 16 25 21 25 21 23 17 22 22 25 15 20 21 24
16 17 21 0 21 21 23 24 20 21 16 19 25 22 18 15 16 17 19
16 16 25 21 0 20 17 16 24 20 17 24 24 16 25 24 24 19 15
20 22 16 21 20 0 23 20 16 15 19 17 25 23 21 15 18 17 17
19 17 25 23 17 23 0 19 22 16 24 15 17 21 15 19 18 22 19
21 21 21 24 16 20 19 0 18 22 23 25 18 25 15 23 16 18 20
23 18 25 20 24 16 22 18 0 16 23 22 19 23 22 15 16 23 23
23 25 21 21 20 15 16 22 16 0 22 24 21 19 15 21 19 24 20
18 17 23 16 17 19 24 23 23 22 0 17 24 25 22 15 15 18 20
19 19 17 19 24 17 15 25 22 24 17 0 20 24 15 24 17 21 18
21 21 22 25 24 25 17 18 19 21 24 20 0 21 15 23 16 25 24
25 22 22 22 16 23 21 25 23 19 25 24 21 0 25 17 17 20 16
15 19 25 18 25 21 15 15 22 15 22 15 15 25 0 15 23 20 25
16 20 15 15 24 15 19 23 15 21 15 24 23 17 15 0 21 17 20
16 22 20 16 24 18 18 16 16 19 15 17 16 17 23 21 0 23 18
22 20 21 17 19 17 22 18 23 24 18 21 25 20 20 17 23 0 20
25 20 24 19 15 17 19 20 23 20 20 18 24 16 25 20 18 20 0
