17
16
124 74 75 121 106 131 54 56 82 78 75 114 76 6 52 58
112 72 24 154 41 110 92 51 7 15 97 6 35 40 14 76
124 6 44 110 62 74 142 76 130 18 90 133 107 34 134 41
97 60 159 96 55 107 38 73 25 19 69 11 144 136 142 151
137 155 46 52 140 39 157 31 40 147 73 98 144 44 158 55
101 20 97 129 48 140 146 115 122 18 97 47 94 125 97 143
13 145 67 142 106 151 74 160 41 108 138 133 89 148 144 106
6 133 74 76 63 8 7 137 1 141 34 104 155 103 34 65
8 19 23 104 116 112 125 159 26 99 51 79 156 45 131 46
52 89 108 151 61 109 70 66 58 40 106 50 22 20 93 9
134 140 154 23 88 63 110 82 29 51 79 50 77 63 72 7
66 91 88 117 139 151 105 103 100 131 58 87 35 9 62 139
59 64 64 103 84 94 17 159 117 150 28 100 79 100 49 7
87 123 96 146 44 99 69 136 128 52 144 37 32 112 133 24
152 116 26 102 74 92 67 107 51 62 60 111 32 109 138 84
126 8 68 49 124 141 86 11 118 38 92 64 9 68 5 95
88 22 141 81 81 85 118 115 139 62 18 91 71 19 51 8
0 18 18 22 25 22 16 24 24 17 20 23 19 18 22 15 25 17 25
18 0 23 16 15 25 19 24 24 23 19 23 19 19 19 23 21 22 23
18 23 0 22 15 20 20 23 18 20 23 17 17 15 17 23 22 16 17
22 16 22 0 25 24 18 17 15 21 19 20 17 17 16 23 24 22 24
25 15 15 25 0 15 24 16 19 16 22 20 23 22 21 17 16 17 25
22 25 20 24 15 0 18 20 17 22 23 18 21 25 21 19 20 16 19
16 19 20 18 24 18 0 22 18 22 15 25 25 24 22 17 22 18 23
24 24 23 17 16 20 22 0 15 17 15 20 25 19 18 16 16 15 20
24 24 18 15 19 17 18 15 0 16 23 24 18 16 21 25 20 21 19
17 23 20 21 16 22 22 17 16 0 22 18 17 19 22 25 23 17 17
20 19 23 19 22 23 15 15 23 22 0 20 23 21 19 23 15 24 22
23 23 17 20 20 18 25 20 24 18 20 0 24 16 23 21 23 20 19
19 19 17 17 23 21 25 25 18 17 23 24 0 24 23 25 20 15 16
18 19 15 17 22 25 24 19 16 19 21 16 24 0 17 25 20 20 23
22 19 17 16 21 21 22 18 21 22 19 23 23 17 0 19 15 17 18
15 23 23 23 17 19 17 16 25 25 23 21 25 25 19 0 19 17 25
25 21 22 24 16 20 22 16 20 23 15 23 20 20 15 19 0 16 21
17 22 16 22 17 16 18 15 21 17 24 20 15 20 17 17 16 0 21
25 23 17 24 25 19 23 20 19 17 22 19 16 23 18 25 21 21 0
