17
18
67 17 5 66 64 59 19 6 13 52 37 6 79 49 70 44 20 70
28 62 26 36 55 57 17 72 47 4 54 12 54 16 42 2 24 16
53 20 1 64 34 66 39 25 48 17 57 53 25 72 62 37 51 75
79 32 63 22 19 4 58 22 47 79 10 31 62 36 3 20 72 56
16 79 66 7 29 12 24 30 53 63 36 4 59 30 2 58 64 71
56 9 36 79 76 49 24 46 38 57 8 2 26 31 58 33 10 33
49 44 37 71 14 63 15 60 46 35 63 79 73 72 68 64 46 54
34 34 35 37 21 2 69 50 11 35 25 74 2 48 38 66 9 42
27 16 19 10 24 50 38 4 31 64 42 57 54 64 74 6 43 71
63 73 34 12 12 7 69 35 47 5 18 34 25 37 19 23 58 29
2 45 26 9 72 6 31 13 15 20 4 35 51 42 66 29 71 70
62 38 23 40 47 52 10 6 57 65 3 56 61 1 21 44 14 21
28 75 19 43 77 25 50 66 25 25 49 63 53 38 79 60 16 76
6 35 22 5 59 9 5 70 19 55 36 73 62 34 31 60 49 61
41 41 44 54 41 9 24 40 40 62 19 3 49 66 79 11 36 40
44 72 25 16 31 41 25 45 57 57 29 53 55 15 24 8 75 1
56 36 24 8 43 5 13 3 8 37 68 30 32 30 79 29 48 27
0 21 15 22 18 18 24 17 21 22 22 20 18 25 21 22 22 24 25
21 0 22 15 16 18 20 15 20 25 21 19 20 23 23 23 18 20 15
15 22 0 15 15 16 25 23 20 18 24 19 21 25 20 24 22 23 17
22 15 15 0 24 16 21 18 25 16 19 17 25 20 18 17 19 23 21
18 16 15 24 0 19 23 21 23 25 20 24 15 15 18 25 17 25 20
18 18 16 16 19 0 24 15 25 20 21 16 16 25 24 22 15 22 21
24 20 25 21 23 24 0 18 19 18 22 15 25 19 23 21 22 18 16
17 15 23 18 21 15 18 0 16 24 19 18 25 15 22 15 23 15 18
21 20 20 25 23 25 19 16 0 22 15 23 19 17 21 22 23 22 15
22 25 18 16 25 20 18 24 22 0 19 19 22 19 20 23 15 18 23
22 21 24 19 20 21 22 19 15 19 0 20 16 16 22 16 25 19 19
20 19 19 17 24 16 15 18 23 19 20 0 17 18 15 20 23 25 19
18 20 21 25 15 16 25 25 19 22 16 17 0 19 25 23 21 21 22
25 23 25 20 15 25 19 15 17 19 16 18 19 0 16 18 18 21 24
21 23 20 18 18 24 23 22 21 20 22 15 25 16 0 23 25 24 19
22 23 24 17 25 22 21 15 22 23 16 20 23 18 23 0 17 24 19
22 18 22 19 17 15 22 23 23 15 25 23 21 18 25 17 0 20 21
24 20 23 23 25 22 18 15 22 18 19 25 21 21 24 24 20 0 18
25 15 17 21 20 21 16 18 15 23 19 19 22 24 19 19 21 18 0
