17
18
1 6 28 8 27 40 24 5 10 15 27 31 10 11 32 37 38 24
14 6 24 10 18 8 29 21 28 18 18 24 39 38 26 1 16 11
1 4 7 24 4 3 21 39 16 22 12 38 12 33 7 32 5 26
23 4 29 5 36 2 17 12 17 38 37 21 10 5 12 39 34 40
7 7 8 22 34 1 30 11 11 2 23 36 28 10 7 12 15 35
39 32 33 31 15 25 7 12 32 39 37 4 13 19 18 29 31 36
21 27 28 31 15 34 9 28 7 29 25 3 10 16 15 10 12 17
12 36 29 15 23 38 38 14 25 2 17 3 35 29 34 15 4 10
35 24 9 9 9 35 19 14 7 26 6 34 2 5 34 31 27 27
34 22 18 17 35 13 3 27 25 39 13 2 40 18 21 22 9 17
20 2 12 12 30 23 14 19 40 30 3 34 32 30 12 22 29 40
25 23 37 8 37 14 19 22 6 17 30 27 39 40 6 16 19 11
14 9 7 33 13 32 34 2 29 9 26 29 1 40 31 23 18 11
37 33 2 37 10 20 20 26 28 37 25 11 28 13 24 14 30 18
20 33 10 10 13 25 34 28 35 3 21 37 29 1 39 31 22 22
31 37 11 18 5 12 8 21 16 4 10 11 35 17 36 37 7 11
38 35 26 32 9 23 21 6 15 5 14 21 36 39 7 15 29 38
0 17 20 25 17 25 18 23 15 23 23 22 20 20 21 25 24 18 23
17 0 19 15 21 25 15 18 23 23 23 24 16 19 16 25 21 23 21
20 19 0 24 24 16 17 17 23 15 20 23 20 21 15 23 19 16 16
25 15 24 0 22 19 23 19 17 16 23 21 15 22 17 19 19 15 23
17 21 24 22 0 21 20 20 20 23 15 25 18 17 19 20 21 25 25
25 25 16 19 21 0 15 17 16 22 18 20 25 19 25 17 20 24 23
18 15 17 23 20 15 0 17 21 25 19 18 16 16 17 20 24 15 23
23 18 17 19 20 17 17 0 17 16 21 21 15 18 21 22 19 20 22
15 23 23 17 20 16 21 17 0 25 23 17 18 25 17 25 16 17 16
23 23 15 16 23 22 25 16 25 0 17 22 25 25 25 23 19 18 15
23 23 20 23 15 18 19 21 23 17 0 17 15 22 24 21 19 15 15
22 24 23 21 25 20 18 21 17 22 17 0 24 18 20 18 21 22 18
20 16 20 15 18 25 16 15 18 25 15 24 0 20 25 17 20 16 20
20 19 21 22 17 19 16 18 25 25 22 18 20 0 15 21 19 25 19
21 16 15 17 19 25 17 21 17 25 24 20 25 15 0 22 21 20 21
25 25 23 19 20 17 20 22 25 23 21 18 17 21 22 0 23 21 22
24 21 19 19 21 20 24 19 16 19 19 21 20 19 21 23 0 24 17
18 23 16 15 25 24 15 20 17 18 15 22 16 25 20 21 24 0 24
23 21 16 23 25 23 23 22 16 15 15 18 20 19 21 22 17 24 0
