17
30
26 60 29 5 77 34 61 5 61 43 47 53 16 50 52 11 74 68 41 40 56 21 36 61 11 61 64 26 13 31
2 36 77 61 17 62 67 4 6 67 43 13 75 18 59 26 7 53 40 23 18 55 64 44 50 34 61 4 77 20
31 78 65 57 59 54 26 42 34 77 67 26 71 54 4 74 77 44 42 46 37 19 46 64 2 54 4 65 12 19
66 20 10 9 57 28 42 45 44 61 76 61 71 52 55 38 65 1 46 34 77 62 80 5 57 54 36 27 32 4
53 26 54 78 70 44 31 75 42 80 70 74 43 34 45 22 4 63 42 7 59 66 49 17 52 13 6 22 17 59
55 56 2 43 24 48 54 30 23 58 15 61 62 19 3 75 9 2 38 27 46 6 10 50 38 7 31 52 16 57
6 4 21 11 48 73 76 55 72 45 31 7 52 58 57 8 17 60 14 35 78 78 25 61 38 66 80 52 72 16
79 47 21 45 11 51 50 69 9 8 53 67 27 53 23 35 24 13 39 28 66 80 50 37 14 16 27 74 70 68
80 33 15 75 34 44 66 44 70 10 10 77 46 7 74 73 56 62 5 44 2 21 20 59 6 51 37 63 50 35
31 16 23 42 10 33 10 47 80 45 13 12 29 61 59 29 67 13 75 73 73 1 42 60 19 65 62 49 34 29
40 58 30 26 12 55 60 66 51 77 75 28 13 56 35 68 53 11 76 42 53 50 29 41 70 5 8 7 3 79
23 17 58 51 75 7 2 79 10 54 64 46 43 14 12 3 5 6 10 34 15 64 42 53 32 48 38 29 19 19
65 18 34 41 39 23 24 60 61 23 2 48 57 3 9 29 12 38 22 56 79 60 60 68 80 61 56 4 7 29
46 73 78 58 51 33 3 19 71 80 31 38 19 26 13 13 68 10 7 9 53 73 27 57 61 17 7 65 30 24
62 14 43 14 28 30 55 3 77 49 66 36 68 11 11 44 36 13 64 66 32 28 13 6 9 4 72 64 64 2
71 55 31 19 65 35 60 1 79 26 61 80 20 6 59 70 1 8 34 77 23 38 69 9 71 18 55 72 22 74
25 57 10 13 20 38 77 59 25 52 61 4 19 51 27 69 47 52 46 30 76 41 32 22 79 80 5 42 49 73
0 21 18 18 22 18 17 15 23 17 19 23 25 25 18 16 23 24 21
21 0 25 24 24 21 22 15 17 17 20 21 16 25 20 18 16 15 23
18 25 0 25 21 18 21 19 23 15 24 25 25 18 21 17 20 16 19
18 24 25 0 23 22 16 23 22 17 17 22 19 15 22 18 16 18 21
22 24 21 23 0 23 15 25 18 22 18 21 17 23 23 19 25 15 15
18 21 18 22 23 0 19 15 20 25 16 17 19 21 20 24 21 15 21
17 22 21 16 15 19 0 25 15 22 24 20 21 15 25 15 15 25 19
15 15 19 23 25 15 25 0 25 20 20 19 22 22 24 24 23 19 25
23 17 23 22 18 20 15 25 0 24 20 24 21 21 19 25 21 19 24
17 17 15 17 22 25 22 20 24 0 19 21 24 20 17 23 18 23 21
19 20 24 17 18 16 24 20 20 19 0 19 15 24 18 16 20 16 22
23 21 25 22 21 17 20 19 24 21 19 0 19 20 24 23 24 24 24
25 16 25 19 17 19 21 22 21 24 15 19 0 16 24 23 19 21 23
25 25 18 15 23 21 15 22 21 20 24 20 16 0 22 22 25 21 20
18 20 21 22 23 20 25 24 19 17 18 24 24 22 0 15 16 22 20
16 18 17 18 19 24 15 24 25 23 16 23 23 22 15 0 16 15 15
23 16 20 16 25 21 15 23 21 18 20 24 19 25 16 16 0 21 15
24 15 16 18 15 15 25 19 19 23 16 24 21 21 22 15 21 0 18
21 23 19 21 15 21 19 25 24 21 22 24 23 20 20 15 15 18 0
