17
16
5 14 79 23 29 39 3 72 40 40 65 11 3 36 60 63
35 32 7 16 33 38 74 54 16 60 65 38 21 37 50 69
79 68 25 47 33 62 80 17 16 62 52 24 34 32 67 50
39 54 80 33 56 80 77 72 53 4 67 19 63 1 72 66
38 47 75 74 80 9 66 56 70 35 36 27 6 24 69 37
8 18 64 55 26 12 28 9 15 47 57 22 10 46 47 38
2 27 38 72 2 54 6 9 58 20 46 54 37 1 7 53
12 80 51 34 43 31 12 54 11 33 24 43 20 57 17 23
63 46 61 54 44 49 11 35 77 30 29 74 68 7 32 22
56 50 50 52 36 18 10 40 3 32 17 24 30 26 48 68
8 1 3 77 62 72 29 39 72 75 27 10 14 12 67 47
3 66 68 60 2 50 20 79 14 52 27 45 68 42 46 24
17 11 28 51 63 16 14 73 29 36 35 57 59 62 71 75
21 39 61 64 49 1 47 62 8 27 33 13 10 47 80 38
35 19 46 38 7 80 29 80 56 73 58 10 14 5 42 40
6 75 59 24 23 12 21 17 53 43 58 9 5 50 5 7
69 16 36 11 17 39 40 28 24 56 10 42 63 38 63 61
0 16 21 24 24 22 16 23 23 23 16 21 21 23 17 16 22 15 16
16 0 25 22 23 22 18 25 21 18 16 20 19 23 15 21 22 21 16
21 25 0 21 18 22 18 23 16 18 15 20 17 23 25 23 18 19 15
24 22 21 0 25 19 25 16 22 25 16 16 15 15 17 19 23 18 25
24 23 18 25 0 18 15 22 24 19 18 19 18 25 20 21 22 16 16
22 22 22 19 18 0 25 25 22 15 23 16 21 15 18 25 21 19 24
16 18 18 25 15 25 0 15 24 23 23 15 23 22 24 25 17 21 24
23 25 23 16 22 25 15 0 24 16 22 19 25 21 16 23 21 20 25
23 21 16 22 24 22 24 24 0 15 16 18 16 21 24 23 20 16 16
23 18 18 25 19 15 23 16 15 0 19 25 21 25 23 19 23 17 21
16 16 15 16 18 23 23 22 16 19 0 19 25 16 25 15 24 21 21
21 20 20 16 19 16 15 19 18 25 19 0 19 24 21 24 23 23 16
21 19 17 15 18 21 23 25 16 21 25 19 0 24 19 22 19 18 24
23 23 23 15 25 15 22 21 21 25 16 24 24 0 18 22 22 15 20
17 15 25 17 20 18 24 16 24 23 25 21 19 18 0 21 15 16 22
16 21 23 19 21 25 25 23 23 19 15 24 22 22 21 0 23 19 23
22 22 18 23 22 21 17 21 20 23 24 23 19 22 15 23 0 19 20
15 21 19 18 16 19 21 20 16 17 21 23 18 15 16 19 19 0 15
16 16 15 25 16 24 24 25 16 21 21 16 24 20 22 23 20 15 0
