17
24
142 40 49 22 46 21 7 134 86 69 133 105 102 114 46 120 152 30 111 40 22 18 25 123
64 17 149 125 151 89 106 110 128 13 147 103 34 37 68 120 3 80 106 6 63 58 99 42
144 91 42 25 154 24 34 62 154 108 147 73 17 61 68 154 156 91 108 11 131 87 157 142
92 59 125 95 104 117 105 37 35 21 31 23 28 145 108 129 86 42 36 32 83 37 119 142
30 113 56 107 131 136 108 69 155 107 85 106 157 97 35 60 131 119 153 13 5 90 40 152
143 147 55 33 36 120 106 15 160 146 159 18 46 94 87 33 114 55 145 72 149 67 137 125
76 131 143 59 58 119 145 140 58 135 44 22 130 1 35 149 127 120 111 14 114 144 71 14
117 75 55 144 110 145 145 27 85 131 80 138 156 111 111 131 155 104 151 141 138 160 75 75
83 116 70 96 57 16 94 93 130 122 26 129 157 29 45 107 33 69 33 107 63 68 106 45
135 146 53 98 134 135 63 135 160 122 83 25 77 91 26 89 6 116 134 78 90 20 33 54
142 45 111 31 25 26 113 97 158 80 153 123 88 17 107 125 49 39 60 139 52 44 88 71
114 14 46 100 114 51 122 59 16 77 79 68 38 97 151 42 91 84 96 94 114 55 112 47
89 105 113 57 64 7 13 120 138 16 114 36 32 36 125 118 11 5 91 151 18 131 72 110
83 142 79 97 89 35 16 42 100 85 14 28 52 147 31 28 105 74 100 37 62 84 66 158
108 138 56 50 148 87 25 28 8 73 8 26 14 75 73 11 34 108 80 84 152 46 153 112
13 13 28 83 119 136 83 69 24 93 104 23 32 155 18 40 60 135 135 156 17 82 106 45
72 28 42 121 94 101 103 50 154 147 24 75 91 156 69 35 145 18 142 121 99 20 4 126
0 15 19 22 25 16 23 23 20 22 17 18 25 22 15 23 18 25 16
15 0 19 17 15 25 17 22 22 16 23 21 19 17 19 17 24 18 16
19 19 0 23 20 24 17 20 21 20 20 23 15 19 18 21 23 24 20
22 17 23 0 20 21 18 15 23 17 16 22 25 17 23 20 20 23 17
25 15 20 20 0 16 23 25 21 22 15 23 20 21 18 20 20 21 16
16 25 24 21 16 0 21 25 18 21 18 21 15 23 22 24 24 25 15
23 17 17 18 23 21 0 20 17 18 15 20 16 20 21 24 25 17 24
23 22 20 15 25 25 20 0 17 15 19 15 24 15 16 16 19 17 22
20 22 21 23 21 18 17 17 0 17 22 15 20 18 22 18 19 24 18
22 16 20 17 22 21 18 15 17 0 17 19 24 15 18 21 17 19 19
17 23 20 16 15 18 15 19 22 17 0 20 16 25 17 25 18 23 23
18 21 23 22 23 21 20 15 15 19 20 0 25 19 16 15 19 18 20
25 19 15 25 20 15 16 24 20 24 16 25 0 19 17 20 16 16 20
22 17 19 17 21 23 20 15 18 15 25 19 19 0 20 20 15 21 16
15 19 18 23 18 22 21 16 22 18 17 16 17 20 0 17 16 20 23
23 17 21 20 20 24 24 16 18 21 25 15 20 20 17 0 21 23 20
18 24 23 20 20 24 25 19 19 17 18 19 16 15 16 21 0 16 15
25 18 24 23 21 25 17 17 24 19 23 18 16 21 20 23 16 0 23
16 16 20 17 16 15 24 22 18 19 23 20 20 16 23 20 15 23 0
