17
4
2 59 67 40
160 8 55 144
75 133 55 72
99 155 78 16
25 96 44 79
143 90 68 137
140 116 157 155
87 110 77 34
138 108 42 72
109 139 80 139
63 158 143 42
88 1 82 93
47 22 125 160
15 12 100 94
38 146 37 18
29 74 57 98
72 106 112 45
0 25 17 20 21 15 15 22 23 18 19 16 23 17 20 18 24 18 23
25 0 19 23 21 21 24 18 17 19 24 15 25 22 24 24 22 20 24
17 19 0 16 21 21 22 21 22 17 22 20 19 23 17 16 23 15 17
20 23 16 0 16 20 21 24 20 17 15 24 18 16 22 25 18 19 21
21 21 21 16 0 18 17 17 18 23 24 15 19 19 22 20 21 19 22
15 21 21 20 18 0 19 20 22 20 25 25 25 18 25 21 23 16 16
15 24 22 21 17 19 0 16 22 16 21 20 19 20 16 17 22 18 17
22 18 21 24 17 20 16 0 24 24 22 17 19 16 19 17 16 18 22
23 17 22 20 18 22 22 24 0 24 25 24 15 23 25 22 25 25 16
18 19 17 17 23 20 16 24 24 0 15 23 23 24 16 17 20 18 20
19 24 22 15 24 25 21 22 25 15 0 23 20 17 24 23 15 18 23
16 15 20 24 15 25 20 17 24 23 23 0 23 24 16 22 20 15 23
23 25 19 18 19 25 19 19 15 23 20 23 0 25 25 23 18 18 18
17 22 23 16 19 18 20 16 23 24 17 24 25 0 22 23 16 18 17
20 24 17 22 22 25 16 19 25 16 24 16 25 22 0 20 16 16 25
18 24 16 25 20 21 17 17 22 17 23 22 23 23 20 0 16 24 18
24 22 23 18 21 23 22 16 25 20 15 20 18 16 16 16 0 25 22
18 20 15 19 19 16 18 18 25 18 18 15 18 18 16 24 25 0 22
23 24 17 21 22 16 17 22 16 20 23 23 18 17 25 18 22 22 0
