17
24
64 92 85 65 36 7 51 85 50 7 96 81 28 57 83 10 81 97 109 113 59 27 57 79
119 4 105 28 51 51 76 110 61 97 64 28 89 50 54 2 29 42 67 85 43 102 92 110
99 66 117 119 6 63 81 87 111 69 104 50 110 1 120 30 47 88 57 90 33 99 90 70
69 30 41 30 12 44 36 33 120 8 79 55 112 112 51 106 30 70 15 62 97 1 39 98
112 54 30 115 106 104 35 102 88 80 7 32 109 48 76 13 92 34 82 15 75 94 3 109
74 53 104 65 33 101 18 48 95 71 20 73 94 111 77 44 59 63 105 108 74 74 19 68
99 61 34 49 14 73 30 52 103 109 49 80 74 102 42 107 31 66 30 27 93 69 119 25
95 107 104 43 90 52 32 10 46 74 105 78 65 56 113 49 92 74 56 107 54 64 22 9
79 51 83 11 35 72 73 24 74 65 75 80 109 3 85 119 39 35 93 51 36 75 16 70
57 16 49 56 73 10 106 24 33 52 108 29 64 110 69 6 72 1 66 113 76 22 44 16
5 51 14 22 22 21 16 109 9 56 11 21 3 49 28 86 46 31 91 86 107 1 59 78
20 36 100 102 82 93 89 79 118 68 45 16 51 98 4 71 23 110 81 33 2 33 30 102
65 84 106 26 27 17 29 112 16 35 83 68 47 107 89 112 43 119 56 79 86 116 26 5
64 10 66 91 98 31 33 85 61 9 48 12 2 92 17 40 49 33 114 19 94 80 16 4
11 106 6 51 60 116 100 105 27 110 88 11 63 115 64 120 48 87 5 62 10 12 5 2
54 24 34 117 40 42 42 55 117 67 106 75 72 30 71 67 62 69 69 7 46 115 20 104
85 65 74 3 40 65 31 64 6 75 58 30 21 6 13 37 106 95 52 14 28 76 120 20
0 22 19 22 20 23 20 23 16 22 16 16 17 22 15 25 20 21 17
22 0 21 24 24 21 22 21 24 24 24 20 19 20 16 17 15 16 18
19 21 0 22 17 22 18 20 19 16 23 25 18 21 20 19 24 19 20
22 24 22 0 15 20 21 19 17 17 24 22 17 19 20 16 21 24 20
20 24 17 15 0 21 24 19 17 16 18 18 22 19 19 25 25 24 22
23 21 22 20 21 0 15 18 20 22 18 21 22 22 20 16 23 15 17
20 22 18 21 24 15 0 15 20 16 19 25 17 22 16 19 18 15 17
23 21 20 19 19 18 15 0 22 19 25 17 15 25 23 20 20 16 25
16 24 19 17 17 20 20 22 0 16 17 16 18 17 23 18 17 19 21
22 24 16 17 16 22 16 19 16 0 18 24 17 18 24 16 17 23 16
16 24 23 24 18 18 19 25 17 18 0 16 18 18 19 16 18 21 17
16 20 25 22 18 21 25 17 16 24 16 0 24 23 21 15 18 22 15
17 19 18 17 22 22 17 15 18 17 18 24 0 16 17 25 19 16 17
22 20 21 19 19 22 22 25 17 18 18 23 16 0 25 24 19 23 24
15 16 20 20 19 20 16 23 23 24 19 21 17 25 0 15 16 23 19
25 17 19 16 25 16 19 20 18 16 16 15 25 24 15 0 21 18 15
20 15 24 21 25 23 18 20 17 17 18 18 19 19 16 21 0 25 19
21 16 19 24 24 15 15 16 19 23 21 22 16 23 23 18 25 0 19
17 18 20 20 22 17 17 25 21 16 17 15 17 24 19 15 19 19 0
