17
28
28 10 14 1 3 26 4 33 15 2 1 40 35 11 19 29 9 13 3 37 8 36 5 25 34 8 13 31
12 21 10 17 32 5 38 34 31 38 31 28 24 19 26 12 11 9 31 26 20 8 18 20 8 3 30 11
12 22 40 27 18 30 21 30 33 9 22 37 10 7 18 28 14 29 30 15 17 13 4 8 13 8 28 40
2 39 29 5 28 4 17 36 13 12 28 10 19 33 12 14 13 35 5 38 7 28 26 35 40 38 21 28
18 12 20 28 23 6 27 4 18 15 13 32 33 31 19 15 7 24 23 32 15 40 37 33 2 25 9 15
7 15 38 39 14 24 39 19 6 26 20 34 9 5 30 15 25 5 18 34 32 10 4 23 39 32 23 34
39 6 13 10 13 1 11 10 25 34 5 7 29 22 20 8 24 40 38 9 35 26 17 15 36 29 4 37
3 16 39 30 9 31 27 15 1 26 31 34 17 10 25 29 5 13 24 18 8 9 33 4 35 12 1 2
36 14 30 29 10 14 40 3 2 12 9 36 25 28 20 28 6 13 20 31 23 15 35 22 40 23 6 20
21 38 14 40 18 38 23 8 2 25 28 1 28 15 12 38 11 33 31 31 24 37 40 15 5 7 13 8
5 26 22 29 5 24 11 33 18 36 8 6 11 3 15 12 23 26 8 16 28 5 11 17 30 23 21 5
21 11 16 32 32 35 1 1 18 37 7 26 9 26 22 8 18 32 37 35 18 13 30 32 3 22 30 18
18 28 2 14 27 36 34 24 3 24 5 19 27 23 37 18 36 6 22 35 31 35 13 6 10 15 34 27
11 3 29 30 13 26 34 2 11 8 10 15 35 40 5 5 10 39 27 28 8 14 4 25 29 7 15 1
5 37 22 40 38 5 36 17 21 35 16 5 30 18 29 33 14 19 8 24 29 6 7 7 11 2 24 24
9 5 19 30 8 3 37 20 14 17 13 9 11 4 36 26 3 7 30 37 12 10 23 14 10 24 34 33
16 1 3 40 12 12 9 34 17 33 15 22 5 22 14 12 10 2 30 13 21 15 23 1 3 1 35 25
0 15 23 24 19 15 16 25 17 16 21 25 15 24 22 17 19 21 18
15 0 25 16 23 22 15 21 15 25 16 15 18 21 20 18 18 24 25
23 25 0 16 18 15 25 22 21 18 15 21 23 21 15 25 15 23 24
24 16 16 0 16 25 15 20 24 20 20 18 21 21 24 21 23 25 19
19 23 18 16 0 23 25 17 23 23 25 18 20 25 19 19 16 16 21
15 22 15 25 23 0 17 15 15 21 23 15 15 25 19 16 23 16 25
16 15 25 15 25 17 0 23 21 21 20 20 21 18 22 16 15 25 21
25 21 22 20 17 15 23 0 16 15 22 20 23 17 18 19 16 20 20
17 15 21 24 23 15 21 16 0 16 20 24 21 22 22 18 24 21 24
16 25 18 20 23 21 21 15 16 0 17 15 25 20 16 19 24 24 16
21 16 15 20 25 23 20 22 20 17 0 16 23 21 22 22 15 17 23
25 15 21 18 18 15 20 20 24 15 16 0 25 16 17 20 21 23 16
15 18 23 21 20 15 21 23 21 25 23 25 0 18 23 21 22 18 17
24 21 21 21 25 25 18 17 22 20 21 16 18 0 20 19 15 22 23
22 20 15 24 19 19 22 18 22 16 22 17 23 20 0 21 18 17 21
17 18 25 21 19 16 16 19 18 19 22 20 21 19 21 0 23 18 17
19 18 15 23 16 23 15 16 24 24 15 21 22 15 18 23 0 21 24
21 24 23 25 16 16 25 20 21 24 17 23 18 22 17 18 21 0 22
18 25 24 19 21 25 21 20 24 16 23 16 17 23 21 17 24 22 0
