17
20
104 45 86 77 40 96 5 3 39 14 17 40 109 71 39 72 49 39 68 40
97 26 71 61 40 36 58 67 64 108 46 52 17 98 108 111 94 73 93 59
54 10 82 61 98 21 84 3 102 63 68 1 101 8 34 5 16 49 35 27
26 105 15 77 110 65 60 18 32 113 105 41 63 1 62 118 7 107 4 117
59 45 103 48 95 25 73 48 100 30 114 46 16 77 46 79 44 46 73 22
107 77 5 54 90 53 78 84 62 23 32 58 105 77 114 2 109 104 42 71
3 2 27 46 111 37 14 80 54 2 36 93 86 83 111 115 97 118 84 28
14 52 43 42 8 61 98 31 94 76 70 65 4 76 65 34 11 90 108 69
18 38 59 47 57 58 113 5 31 48 100 36 79 20 39 35 35 8 87 81
66 100 42 100 107 13 83 4 70 51 44 85 13 23 36 101 6 43 40 79
90 78 107 80 43 47 79 98 60 64 102 71 26 17 116 24 90 85 114 69
42 87 36 17 50 20 48 24 120 118 120 107 64 46 3 46 26 90 50 50
82 107 116 48 48 12 120 62 90 104 64 99 67 91 89 59 113 79 83 64
7 74 118 86 42 102 115 7 88 65 65 98 21 44 17 68 116 1 101 32
21 10 61 88 82 60 67 31 77 54 22 27 61 46 8 31 110 62 46 80
16 2 54 87 19 46 49 57 95 98 50 37 91 57 4 30 49 115 35 69
117 12 31 67 6 70 19 25 119 7 53 116 92 101 6 87 80 17 101 21
0 19 17 19 19 21 24 16 25 17 16 17 17 19 15 20 18 21 25
19 0 21 25 19 24 18 21 19 16 16 16 17 23 17 18 22 20 20
17 21 0 20 15 21 24 25 19 15 20 17 25 22 15 24 21 17 22
19 25 20 0 18 19 25 22 17 19 17 25 16 16 15 24 24 18 24
19 19 15 18 0 20 24 18 17 19 21 22 23 17 19 25 16 22 20
21 24 21 19 20 0 24 24 23 19 21 20 15 25 15 15 16 25 24
24 18 24 25 24 24 0 24 21 15 25 17 17 23 18 21 19 17 23
16 21 25 22 18 24 24 0 15 17 22 23 18 21 22 23 20 23 21
25 19 19 17 17 23 21 15 0 19 24 16 24 17 24 23 21 23 15
17 16 15 19 19 19 15 17 19 0 19 23 23 19 21 22 15 25 20
16 16 20 17 21 21 25 22 24 19 0 16 18 17 19 16 19 21 18
17 16 17 25 22 20 17 23 16 23 16 0 22 24 21 21 21 16 16
17 17 25 16 23 15 17 18 24 23 18 22 0 17 25 22 15 17 17
19 23 22 16 17 25 23 21 17 19 17 24 17 0 24 16 23 17 15
15 17 15 15 19 15 18 22 24 21 19 21 25 24 0 22 17 22 17
20 18 24 24 25 15 21 23 23 22 16 21 22 16 22 0 16 19 15
18 22 21 24 16 16 19 20 21 15 19 21 15 23 17 16 0 19 21
21 20 17 18 22 25 17 23 23 25 21 16 17 17 22 19 19 0 25
25 20 22 24 20 24 23 21 15 20 18 16 17 15 17 15 21 25 0
