17
20
65 39 28 2 12 16 77 42 12 73 72 70 34 8 53 29 63 67 9 13
45 53 62 47 35 71 4 80 5 16 41 2 42 36 63 55 52 11 54 39
4 52 5 58 33 39 57 65 8 59 10 53 47 67 63 79 53 26 45 71
56 28 33 78 21 56 17 15 61 34 6 44 66 63 29 26 20 1 54 45
26 80 33 26 11 28 29 47 21 62 73 5 40 51 47 6 53 34 25 7
6 52 12 57 61 13 36 4 11 80 34 38 27 14 49 23 2 38 55 45
61 79 69 78 20 56 56 24 45 52 48 50 60 12 50 23 16 37 35 50
24 30 41 72 53 26 48 24 72 65 78 8 57 2 63 47 62 60 50 62
72 26 38 61 5 41 3 34 39 65 44 77 43 2 38 10 34 44 9 64
42 18 72 61 33 20 49 34 79 72 62 68 2 15 28 32 21 72 16 55
43 69 58 7 4 62 62 51 16 5 59 10 52 6 13 17 57 66 60 77
54 75 59 77 75 56 48 78 39 54 11 7 16 32 63 49 7 58 80 65
12 41 30 78 78 55 9 51 41 34 63 41 38 6 41 43 56 10 73 40
34 42 57 78 30 55 3 28 31 22 4 76 79 6 24 47 43 78 32 55
79 64 26 17 5 69 50 51 59 16 14 54 10 62 78 12 44 4 53 19
48 18 15 78 71 49 23 58 53 1 56 19 77 80 53 79 80 56 16 30
66 6 26 32 23 39 21 53 10 55 47 77 12 42 58 5 6 25 15 24
0 21 18 25 15 16 23 19 22 18 22 21 17 20 17 16 22 24 17
21 0 21 18 15 24 18 23 25 15 15 22 15 23 18 25 25 25 16
18 21 0 20 24 22 20 17 21 18 15 20 17 18 21 15 18 15 22
25 18 20 0 22 19 24 18 17 19 23 17 23 16 15 19 22 17 17
15 15 24 22 0 24 19 19 24 15 24 22 18 16 23 21 25 17 24
16 24 22 19 24 0 19 19 23 24 19 17 22 20 23 15 20 24 20
23 18 20 24 19 19 0 20 25 15 15 24 15 18 21 18 19 24 23
19 23 17 18 19 19 20 0 16 21 24 17 15 22 24 21 18 18 17
22 25 21 17 24 23 25 16 0 17 15 19 23 15 21 17 20 23 20
18 15 18 19 15 24 15 21 17 0 17 25 25 24 15 25 22 25 16
22 15 15 23 24 19 15 24 15 17 0 17 22 16 17 24 18 15 19
21 22 20 17 22 17 24 17 19 25 17 0 25 25 24 22 17 19 16
17 15 17 23 18 22 15 15 23 25 22 25 0 19 17 17 19 19 18
20 23 18 16 16 20 18 22 15 24 16 25 19 0 18 22 15 18 25
17 18 21 15 23 23 21 24 21 15 17 24 17 18 0 21 23 21 19
16 25 15 19 21 15 18 21 17 25 24 22 17 22 21 0 16 16 22
22 25 18 22 25 20 19 18 20 22 18 17 19 15 23 16 0 21 19
24 25 15 17 17 24 24 18 23 25 15 19 19 18 21 16 21 0 22
17 16 22 17 24 20 23 17 20 16 19 16 18 25 19 22 19 22 0
