17
8
34 15 5 31 60 20 3 50
51 29 21 6 10 52 17 73
44 12 8 1 75 30 60 37
11 6 16 34 28 18 60 57
8 50 38 55 78 71 33 75
21 63 21 6 11 49 1 47
44 64 43 26 13 78 62 74
49 21 66 67 1 6 45 8
72 3 37 54 16 46 32 10
29 13 31 38 61 63 12 27
57 52 59 4 11 57 14 17
67 27 28 24 48 46 1 65
7 30 3 26 65 71 34 26
73 10 20 11 38 40 13 54
13 29 61 70 49 66 2 7
67 4 67 41 66 56 74 4
22 60 33 10 7 12 9 25
0 21 18 15 17 25 17 15 20 17 22 19 17 24 17 22 24 19 20
21 0 19 24 16 17 23 24 21 24 15 22 25 22 21 15 18 15 17
18 19 0 20 16 16 25 23 20 21 24 19 15 19 20 16 23 25 15
15 24 20 0 17 20 21 25 24 22 25 24 20 16 21 23 18 15 20
17 16 16 17 0 25 21 17 20 24 20 19 24 22 23 17 21 17 24
25 17 16 20 25 0 15 21 19 17 15 19 15 21 22 18 20 22 20
17 23 25 21 21 15 0 21 21 19 22 23 16 22 17 25 16 21 19
15 24 23 25 17 21 21 0 16 16 21 17 18 19 15 22 24 22 24
20 21 20 24 20 19 21 16 0 18 21 22 21 22 18 24 24 20 16
17 24 21 22 24 17 19 16 18 0 17 16 25 19 21 21 23 22 19
22 15 24 25 20 15 22 21 21 17 0 16 16 23 19 18 17 16 22
19 22 19 24 19 19 23 17 22 16 16 0 15 24 18 24 20 18 16
17 25 15 20 24 15 16 18 21 25 16 15 0 21 23 20 16 18 23
24 22 19 16 22 21 22 19 22 19 23 24 21 0 21 16 21 15 20
17 21 20 21 23 22 17 15 18 21 19 18 23 21 0 21 22 23 18
22 15 16 23 17 18 25 22 24 21 18 24 20 16 21 0 17 23 17
24 18 23 18 21 20 16 24 24 23 17 20 16 21 22 17 0 17 19
19 15 25 15 17 22 21 22 20 22 16 18 18 15 23 23 17 0 15
20 17 15 20 24 20 19 24 16 19 22 16 23 20 18 17 19 15 0
