17
4
91 102 19 42
72 42 110 65
50 42 52 75
30 2 6 55
64 106 54 37
80 81 39 64
61 87 92 84
33 12 52 99
70 80 111 10
95 112 32 27
61 115 52 98
51 81 7 72
68 55 47 92
31 68 16 47
108 69 95 53
12 64 58 74
34 12 9 14
0 18 17 16 19 24 19 19 24 15 17 15 18 16 18 18 15 17 24
18 0 23 19 20 15 16 22 19 17 22 24 23 22 20 16 16 18 17
17 23 0 25 22 20 18 18 24 16 22 25 17 18 22 20 22 25 24
16 19 25 0 19 16 18 18 15 21 23 24 18 21 21 20 24 24 25
19 20 22 19 0 22 24 19 23 20 25 20 20 18 24 22 16 18 21
24 15 20 16 22 0 25 23 16 21 24 25 17 19 17 18 17 15 23
19 16 18 18 24 25 0 18 18 23 21 21 25 15 20 23 24 15 23
19 22 18 18 19 23 18 0 20 25 22 17 25 18 24 17 22 17 23
24 19 24 15 23 16 18 20 0 22 15 24 19 20 23 20 18 23 17
15 17 16 21 20 21 23 25 22 0 19 20 17 15 17 18 15 15 22
17 22 22 23 25 24 21 22 15 19 0 18 23 24 18 16 25 17 17
15 24 25 24 20 25 21 17 24 20 18 0 23 21 23 24 20 15 19
18 23 17 18 20 17 25 25 19 17 23 23 0 19 21 17 15 16 20
16 22 18 21 18 19 15 18 20 15 24 21 19 0 18 16 15 18 21
18 20 22 21 24 17 20 24 23 17 18 23 21 18 0 16 22 16 17
18 16 20 20 22 18 23 17 20 18 16 24 17 16 16 0 22 23 21
15 16 22 24 16 17 24 22 18 15 25 20 15 15 22 22 0 15 15
17 18 25 24 18 15 15 17 23 15 17 15 16 18 16 23 15 0 25
24 17 24 25 21 23 23 23 17 22 17 19 20 21 17 21 15 25 0
