17
8
33 26 28 27 4 37 9 17
28 9 6 40 25 10 31 1
39 17 1 20 5 28 28 20
23 39 16 7 9 19 29 1
3 27 40 27 22 10 21 8
30 24 24 30 38 18 3 21
20 25 31 24 11 5 14 17
8 40 24 40 4 1 2 20
8 33 31 23 24 24 2 31
2 23 2 1 35 40 25 21
14 9 7 36 33 6 22 29
10 8 22 29 5 39 6 40
22 37 16 12 6 30 18 15
26 4 15 20 17 25 14 11
2 40 40 27 23 36 27 4
11 25 27 10 10 11 2 37
12 33 16 34 39 19 28 25
0 17 21 19 18 18 15 17 25 22 17 18 24 19 15 20 22 21 19
17 0 25 24 16 18 22 25 25 15 17 16 16 19 25 21 19 15 17
21 25 0 18 17 18 25 21 22 22 17 22 19 24 15 19 16 20 21
19 24 18 0 19 20 23 23 15 21 20 22 15 22 16 24 17 21 22
18 16 17 19 0 15 21 20 19 25 25 21 19 19 16 23 22 21 17
18 18 18 20 15 0 24 25 16 18 19 22 20 22 17 15 18 17 20
15 22 25 23 21 24 0 15 24 19 22 21 22 20 22 18 20 16 18
17 25 21 23 20 25 15 0 19 18 21 18 18 22 19 22 22 18 25
25 25 22 15 19 16 24 19 0 17 24 18 18 18 18 24 15 25 15
22 15 22 21 25 18 19 18 17 0 15 23 16 19 17 21 15 19 23
17 17 17 20 25 19 22 21 24 15 0 20 24 20 19 18 24 19 15
18 16 22 22 21 22 21 18 18 23 20 0 23 17 20 24 25 25 24
24 16 19 15 19 20 22 18 18 16 24 23 0 25 16 16 16 18 19
19 19 24 22 19 22 20 22 18 19 20 17 25 0 16 16 18 22 17
15 25 15 16 16 17 22 19 18 17 19 20 16 16 0 18 22 20 22
20 21 19 24 23 15 18 22 24 21 18 24 16 16 18 0 21 25 23
22 19 16 17 22 18 20 22 15 15 24 25 16 18 22 21 0 22 15
21 15 20 21 21 17 16 18 25 19 19 25 18 22 20 25 22 0 25
19 17 21 22 17 20 18 25 15 23 15 24 19 17 22 23 15 25 0
