17
22
54 67 58 11 23 36 67 61 15 1 54 16 12 32 12 52 36 50 37 77 63 13
10 38 71 78 4 28 14 32 71 41 27 60 11 40 52 35 62 31 48 27 40 52
72 9 47 49 59 51 14 2 6 75 42 5 65 71 38 13 57 67 47 1 57 4
1 24 45 9 33 12 43 36 27 69 25 76 68 31 21 20 44 71 27 42 73 68
29 56 25 67 48 37 37 69 48 65 36 63 48 19 39 78 64 59 53 68 57 52
33 46 34 2 69 30 37 28 26 58 61 54 55 43 3 80 2 74 76 76 32 10
34 21 36 16 49 33 53 5 45 15 40 32 38 7 78 24 39 56 44 44 11 49
1 10 23 8 9 24 5 10 33 25 14 64 17 37 77 6 69 13 7 16 70 38
43 26 53 17 13 44 20 19 42 38 7 54 51 31 29 78 56 63 27 80 6 13
16 18 14 27 65 29 10 80 48 29 46 55 7 20 66 80 7 26 19 54 79 15
64 41 35 67 63 18 45 35 70 12 22 10 2 68 26 18 2 9 24 60 29 53
6 16 65 19 14 34 45 49 3 37 69 7 44 52 72 41 38 67 17 46 73 47
41 76 22 33 53 11 62 70 66 77 53 38 79 20 62 69 69 44 71 28 61 36
71 68 63 71 34 75 19 30 6 12 72 79 25 35 71 6 41 27 71 38 62 43
67 34 15 71 80 54 21 38 63 54 79 13 17 26 32 63 15 66 71 8 1 75
16 53 73 76 3 4 41 8 11 12 14 21 7 12 3 44 9 5 55 36 8 19
7 21 16 57 73 80 27 36 22 54 34 56 56 32 73 40 13 4 60 33 5 74
0 18 23 19 20 20 16 24 16 16 17 18 15 23 21 19 25 18 23
18 0 16 22 22 15 17 19 17 23 16 23 19 22 24 21 24 16 19
23 16 0 24 16 21 23 17 24 15 17 16 17 24 21 25 20 19 21
19 22 24 0 18 22 21 18 24 15 25 16 22 19 22 17 21 23 20
20 22 16 18 0 22 15 22 25 17 16 20 19 20 15 16 24 15 25
20 15 21 22 22 0 20 20 19 20 21 17 25 24 22 25 22 25 24
16 17 23 21 15 20 0 23 20 21 16 20 21 16 17 21 22 20 23
24 19 17 18 22 20 23 0 19 24 25 20 21 24 24 15 25 23 21
16 17 24 24 25 19 20 19 0 22 21 16 18 18 16 21 20 20 18
16 23 15 15 17 20 21 24 22 0 21 19 23 19 20 16 15 23 25
17 16 17 25 16 21 16 25 21 21 0 19 16 21 23 17 22 17 24
18 23 16 16 20 17 20 20 16 19 19 0 24 19 20 18 21 20 17
15 19 17 22 19 25 21 21 18 23 16 24 0 18 23 19 16 18 25
23 22 24 19 20 24 16 24 18 19 21 19 18 0 17 25 15 24 21
21 24 21 22 15 22 17 24 16 20 23 20 23 17 0 20 25 15 21
19 21 25 17 16 25 21 15 21 16 17 18 19 25 20 0 15 20 22
25 24 20 21 24 22 22 25 20 15 22 21 16 15 25 15 0 15 15
18 16 19 23 15 25 20 23 20 23 17 20 18 24 15 20 15 0 23
23 19 21 20 25 24 23 21 18 25 24 17 25 21 21 22 15 23 0
