17
24
67 56 159 133 140 154 48 50 33 44 154 58 82 51 115 74 25 76 103 142 47 66 64 95
21 68 42 58 137 89 139 102 94 48 142 130 79 41 148 48 112 76 127 10 43 55 121 62
104 61 150 121 18 150 85 74 86 18 29 102 127 1 21 58 86 12 109 124 136 94 154 141
153 90 81 58 62 32 54 40 57 142 111 66 139 132 134 33 150 54 107 89 153 48 73 46
67 115 17 28 70 119 49 31 107 31 136 54 16 31 98 32 100 136 157 104 7 58 109 65
51 95 57 79 117 43 98 77 36 131 68 89 89 94 104 123 84 148 151 133 51 122 19 91
142 119 11 82 76 147 113 86 1 109 19 63 68 118 43 38 108 143 144 39 20 87 22 32
51 110 130 92 150 93 91 29 127 45 108 88 6 48 68 57 153 66 60 112 93 113 152 51
158 117 125 130 31 83 27 148 157 103 157 129 27 73 97 47 23 20 132 72 60 41 32 126
75 17 132 154 104 132 22 54 134 101 143 158 98 148 132 10 155 24 8 5 135 58 68 71
100 36 117 152 133 120 154 110 112 128 81 76 56 99 1 31 136 48 24 15 34 125 121 106
122 118 117 70 31 51 72 89 111 5 63 116 66 90 6 70 38 4 127 100 100 30 53 68
128 115 56 131 51 40 122 107 62 4 150 17 119 82 42 123 126 144 26 73 92 69 6 131
18 16 112 38 158 17 110 32 76 17 119 73 110 129 68 87 143 159 143 13 24 48 34 127
145 88 92 75 132 61 49 139 105 133 2 11 128 90 26 147 82 35 55 158 20 19 149 143
35 109 115 128 140 23 124 94 30 60 90 8 49 81 46 14 160 80 61 47 21 143 142 88
74 101 68 141 96 113 39 96 39 68 105 51 154 26 104 84 121 77 148 41 152 4 81 130
0 20 15 17 25 16 21 23 23 23 25 21 21 24 23 19 24 16 23
20 0 21 24 22 17 19 19 22 25 18 16 24 15 23 15 15 25 18
15 21 0 24 23 19 19 15 24 21 22 19 21 20 16 20 20 16 22
17 24 24 0 22 19 15 24 18 20 16 21 24 16 24 25 21 23 19
25 22 23 22 0 23 18 17 25 24 19 24 19 19 16 21 23 19 15
16 17 19 19 23 0 22 19 23 17 22 21 21 18 17 17 17 20 18
21 19 19 15 18 22 0 23 25 19 15 16 18 19 15 23 17 22 23
23 19 15 24 17 19 23 0 16 20 16 21 15 21 25 19 23 18 25
23 22 24 18 25 23 25 16 0 16 23 16 20 18 22 23 25 24 21
23 25 21 20 24 17 19 20 16 0 24 24 20 16 19 21 16 15 18
25 18 22 16 19 22 15 16 23 24 0 18 25 21 16 20 20 17 25
21 16 19 21 24 21 16 21 16 24 18 0 20 19 22 18 23 19 21
21 24 21 24 19 21 18 15 20 20 25 20 0 20 15 18 15 24 22
24 15 20 16 19 18 19 21 18 16 21 19 20 0 19 20 22 22 17
23 23 16 24 16 17 15 25 22 19 16 22 15 19 0 21 21 21 18
19 15 20 25 21 17 23 19 23 21 20 18 18 20 21 0 17 24 16
24 15 20 21 23 17 17 23 25 16 20 23 15 22 21 17 0 25 17
16 25 16 23 19 20 22 18 24 15 17 19 24 22 21 24 25 0 24
23 18 22 19 15 18 23 25 21 18 25 21 22 17 18 16 17 24 0
