17
6
103 13 124 34 120 80
56 150 129 112 96 31
19 38 20 52 123 69
81 127 46 99 6 66
27 94 100 124 84 25
1 118 2 68 84 41
8 118 128 102 5 62
51 12 82 56 125 102
155 35 36 68 149 128
91 9 13 157 98 16
73 114 145 58 45 81
110 126 58 120 115 150
158 128 151 11 74 119
130 52 101 147 147 145
21 6 122 15 143 84
90 133 9 41 20 78
147 102 17 104 4 150
0 20 25 15 23 21 16 25 17 19 15 15 16 18 15 15 25 19 17
20 0 19 21 25 21 20 18 25 19 21 16 16 24 19 24 24 21 22
25 19 0 17 15 17 21 20 24 21 25 25 19 22 20 15 21 16 24
15 21 17 0 22 21 17 22 25 17 21 19 18 22 17 24 17 16 20
23 25 15 22 0 21 22 18 20 16 18 25 25 19 24 15 18 18 16
21 21 17 21 21 0 19 25 17 22 16 22 24 21 20 16 16 25 15
16 20 21 17 22 19 0 22 25 20 19 18 23 23 25 19 17 18 23
25 18 20 22 18 25 22 0 18 18 18 15 18 20 18 23 16 16 17
17 25 24 25 20 17 25 18 0 25 16 19 19 17 22 22 18 16 18
19 19 21 17 16 22 20 18 25 0 25 18 15 25 23 22 17 21 21
15 21 25 21 18 16 19 18 16 25 0 22 25 19 22 15 18 15 17
15 16 25 19 25 22 18 15 19 18 22 0 15 17 22 22 22 19 24
16 16 19 18 25 24 23 18 19 15 25 15 0 24 23 20 22 18 25
18 24 22 22 19 21 23 20 17 25 19 17 24 0 18 21 22 19 21
15 19 20 17 24 20 25 18 22 23 22 22 23 18 0 23 23 15 18
15 24 15 24 15 16 19 23 22 22 15 22 20 21 23 0 23 25 23
25 24 21 17 18 16 17 16 18 17 18 22 22 22 23 23 0 22 24
19 21 16 16 18 25 18 16 16 21 15 19 18 19 15 25 22 0 15
17 22 24 20 16 15 23 17 18 21 17 24 25 21 18 23 24 15 0
