17
26
58 9 60 40 31 17 38 52 4 26 73 62 18 52 14 29 3 50 63 21 20 63 77 58 14 11
33 59 10 68 14 26 43 41 15 32 31 50 63 31 55 64 35 31 54 70 42 54 73 18 79 1
30 62 43 79 35 38 80 50 58 73 7 36 67 26 19 9 12 12 10 21 12 68 40 78 46 4
50 67 31 11 31 33 30 24 22 27 27 32 64 5 48 3 14 41 27 2 77 64 9 42 13 46
2 56 78 31 17 51 45 30 9 57 54 53 38 60 77 30 27 27 24 11 35 56 17 76 50 8
60 21 64 60 47 30 69 51 69 57 42 50 63 11 28 49 48 68 4 43 10 52 47 30 54 20
17 46 77 58 76 12 53 65 31 46 39 49 65 44 41 49 52 62 61 9 63 59 25 62 80 74
59 54 13 2 23 50 46 49 54 71 39 74 45 61 1 7 54 21 48 80 7 24 49 22 47 39
34 2 37 25 9 80 77 19 23 46 65 21 22 71 80 39 31 77 41 68 80 64 59 28 56 29
47 49 22 22 8 70 53 11 77 23 56 45 62 73 8 38 36 50 7 70 55 16 54 15 1 43
11 67 19 80 54 47 67 28 18 65 38 57 74 41 14 62 6 28 14 37 25 62 22 2 3 34
3 67 46 66 52 78 27 27 57 73 41 41 17 41 46 74 14 33 57 71 24 14 33 9 70 4
38 32 64 25 54 25 10 37 63 77 73 51 28 49 29 58 4 40 61 78 23 24 23 65 48 43
62 37 44 10 50 54 73 52 47 17 60 70 49 69 57 56 16 5 2 59 62 13 13 41 75 66
44 75 43 64 24 20 45 11 12 33 44 19 61 54 43 30 44 2 65 79 28 70 39 67 7 1
63 28 38 77 19 10 31 21 77 36 10 20 48 68 26 49 20 28 4 52 6 6 65 20 62 27
46 19 35 20 61 18 39 37 11 27 10 35 76 24 22 22 28 49 7 79 57 38 15 64 36 76
0 18 22 23 20 16 17 20 21 23 18 21 18 25 21 25 16 18 15
18 0 17 24 18 20 22 15 17 17 19 15 24 21 23 15 25 24 16
22 17 0 21 21 24 25 20 18 21 25 24 23 22 15 19 23 19 22
23 24 21 0 25 19 18 18 19 15 19 17 18 23 15 23 15 22 20
20 18 21 25 0 15 16 22 21 23 24 20 15 23 21 23 18 18 16
16 20 24 19 15 0 19 21 23 17 24 19 15 20 15 17 24 25 22
17 22 25 18 16 19 0 21 23 18 17 17 15 23 20 20 25 22 22
20 15 20 18 22 21 21 0 18 16 20 19 15 21 16 19 22 18 21
21 17 18 19 21 23 23 18 0 19 17 17 21 20 16 16 15 19 16
23 17 21 15 23 17 18 16 19 0 17 25 15 15 15 16 23 24 18
18 19 25 19 24 24 17 20 17 17 0 23 24 22 20 23 23 15 15
21 15 24 17 20 19 17 19 17 25 23 0 17 21 16 18 18 21 23
18 24 23 18 15 15 15 15 21 15 24 17 0 24 22 24 24 25 24
25 21 22 23 23 20 23 21 20 15 22 21 24 0 24 21 19 18 25
21 23 15 15 21 15 20 16 16 15 20 16 22 24 0 18 24 23 15
25 15 19 23 23 17 20 19 16 16 23 18 24 21 18 0 16 18 15
16 25 23 15 18 24 25 22 15 23 23 18 24 19 24 16 0 19 19
18 24 19 22 18 25 22 18 19 24 15 21 25 18 23 18 19 0 20
15 16 22 20 16 22 22 21 16 18 15 23 24 25 15 15 19 20 0
