17
10
60 54 5 66 80 8 40 45 41 1
68 69 41 26 27 13 10 56 79 33
22 16 36 2 2 72 12 21 64 73
20 44 46 3 21 38 52 43 23 21
13 70 61 65 63 36 22 50 35 34
19 7 39 30 77 78 63 22 70 19
56 40 70 39 64 39 65 24 8 24
4 79 79 76 31 13 79 29 57 39
9 6 57 45 30 1 18 14 28 56
25 69 50 60 80 28 31 49 55 38
39 19 50 62 16 30 7 8 63 15
61 76 55 25 56 11 70 42 6 9
16 34 2 4 38 10 38 80 13 63
16 32 31 20 43 40 65 18 41 9
54 39 34 55 4 18 54 68 8 71
61 61 3 74 35 4 70 31 29 9
24 41 49 21 60 33 22 40 33 58
0 15 25 17 16 19 17 22 20 16 22 21 23 20 22 23 18 18 15
15 0 22 19 18 18 17 15 23 21 18 20 25 15 18 17 20 20 24
25 22 0 25 18 25 18 20 24 25 25 19 16 24 20 23 22 24 17
17 19 25 0 19 16 24 16 19 19 16 17 15 16 24 17 18 15 21
16 18 18 19 0 21 17 21 23 19 18 15 20 15 21 21 25 22 20
19 18 25 16 21 0 16 18 21 19 20 21 17 20 21 25 25 20 22
17 17 18 24 17 16 0 22 20 22 23 18 17 25 24 19 24 22 24
22 15 20 16 21 18 22 0 18 24 20 19 16 21 17 25 21 18 22
20 23 24 19 23 21 20 18 0 15 21 17 22 16 25 16 15 23 18
16 21 25 19 19 19 22 24 15 0 23 17 25 19 18 19 16 16 25
22 18 25 16 18 20 23 20 21 23 0 22 25 15 24 19 16 16 15
21 20 19 17 15 21 18 19 17 17 22 0 23 19 25 22 19 25 17
23 25 16 15 20 17 17 16 22 25 25 23 0 19 19 16 19 17 22
20 15 24 16 15 20 25 21 16 19 15 19 19 0 19 23 19 23 24
22 18 20 24 21 21 24 17 25 18 24 25 19 19 0 22 21 24 21
23 17 23 17 21 25 19 25 16 19 19 22 16 23 22 0 23 17 19
18 20 22 18 25 25 24 21 15 16 16 19 19 19 21 23 0 24 23
18 20 24 15 22 20 22 18 23 16 16 25 17 23 24 17 24 0 22
15 24 17 21 20 22 24 22 18 25 15 17 22 24 21 19 23 22 0
