17
18
53 140 92 8 114 85 109 118 2 40 22 143 3 106 78 27 52 102
20 38 140 67 55 130 140 125 29 89 47 31 107 17 6 37 3 68
119 160 140 153 93 31 155 19 71 7 41 140 1 119 90 113 31 58
58 50 77 124 149 128 66 47 139 154 62 139 98 98 97 137 121 151
102 159 143 94 133 17 129 56 13 12 111 22 74 157 106 120 81 150
39 137 116 77 119 62 39 84 6 22 130 10 16 147 134 141 48 112
132 36 121 49 89 121 29 23 151 95 123 103 46 149 125 136 141 81
98 94 42 135 142 116 2 143 94 12 90 80 13 140 2 87 103 78
119 119 121 120 149 32 6 70 146 62 83 101 76 53 34 61 86 146
33 119 8 96 113 31 105 113 122 69 110 44 20 140 102 59 25 113
90 101 130 94 149 36 97 7 32 134 68 150 3 69 58 125 144 1
42 109 143 102 55 53 7 64 39 60 131 120 71 133 67 17 55 159
35 61 75 66 109 19 114 133 82 14 152 59 11 87 121 31 21 87
54 93 104 89 11 66 112 106 56 108 104 140 135 36 137 35 159 62
139 103 44 133 126 34 55 107 134 128 47 148 97 14 88 55 113 136
75 19 130 58 52 100 75 34 93 80 43 113 13 133 17 86 12 126
21 34 103 45 104 155 76 16 29 45 52 129 96 68 9 37 3 67
0 19 19 23 19 15 25 21 23 22 21 19 24 20 25 18 18 15 23
19 0 21 22 21 19 20 20 20 20 16 16 23 24 20 19 25 25 19
19 21 0 22 16 17 15 19 23 20 23 20 25 19 17 22 15 15 17
23 22 22 0 20 21 16 20 15 18 16 18 16 23 18 21 17 25 25
19 21 16 20 0 19 24 18 24 25 21 21 16 20 15 20 25 18 15
15 19 17 21 19 0 18 23 20 25 18 23 18 23 15 23 19 24 24
25 20 15 16 24 18 0 20 18 15 25 21 18 16 17 22 24 20 21
21 20 19 20 18 23 20 0 21 25 19 16 20 15 21 18 18 22 18
23 20 23 15 24 20 18 21 0 17 22 21 20 19 22 17 17 21 17
22 20 20 18 25 25 15 25 17 0 19 23 18 15 24 21 18 23 21
21 16 23 16 21 18 25 19 22 19 0 15 20 19 18 16 21 25 18
19 16 20 18 21 23 21 16 21 23 15 0 25 23 17 21 15 25 15
24 23 25 16 16 18 18 20 20 18 20 25 0 21 21 17 18 25 18
20 24 19 23 20 23 16 15 19 15 19 23 21 0 21 22 15 22 24
25 20 17 18 15 15 17 21 22 24 18 17 21 21 0 24 16 16 23
18 19 22 21 20 23 22 18 17 21 16 21 17 22 24 0 20 21 21
18 25 15 17 25 19 24 18 17 18 21 15 18 15 16 20 0 16 25
15 25 15 25 18 24 20 22 21 23 25 25 25 22 16 21 16 0 21
23 19 17 25 15 24 21 18 17 21 18 15 18 24 23 21 25 21 0
