17
4
28 2 16 38
37 30 12 40
8 40 30 11
4 38 10 24
28 1 32 20
12 10 26 13
38 28 34 32
39 8 3 21
28 14 6 19
28 34 7 33
23 11 15 13
38 39 25 22
21 35 13 35
14 5 12 34
37 24 19 6
8 30 31 1
12 19 4 10
0 23 16 22 19 21 20 19 25 22 17 18 17 22 17 19 15 19 25
23 0 16 24 24 25 15 24 24 24 24 23 22 21 21 24 15 25 17
16 16 0 20 25 25 15 19 17 21 17 22 19 25 23 19 24 22 17
22 24 20 0 20 19 23 17 24 25 23 18 18 16 16 18 24 21 22
19 24 25 20 0 24 22 24 18 18 18 21 22 17 16 15 24 18 22
21 25 25 19 24 0 17 15 18 16 25 25 21 16 25 24 18 16 22
20 15 15 23 22 17 0 16 23 17 17 22 22 21 25 18 20 23 24
19 24 19 17 24 15 16 0 22 19 18 15 18 21 17 19 24 18 23
25 24 17 24 18 18 23 22 0 22 21 22 25 15 16 19 17 23 17
22 24 21 25 18 16 17 19 22 0 22 21 25 18 25 22 20 18 25
17 24 17 23 18 25 17 18 21 22 0 24 18 21 23 22 22 15 22
18 23 22 18 21 25 22 15 22 21 24 0 15 22 18 20 25 15 21
17 22 19 18 22 21 22 18 25 25 18 15 0 18 25 20 15 22 18
22 21 25 16 17 16 21 21 15 18 21 22 18 0 25 19 23 23 25
17 21 23 16 16 25 25 17 16 25 23 18 25 25 0 16 23 20 25
19 24 19 18 15 24 18 19 19 22 22 20 20 19 16 0 22 25 19
15 15 24 24 24 18 20 24 17 20 22 25 15 23 23 22 0 18 21
19 25 22 21 18 16 23 18 23 18 15 15 22 23 20 25 18 0 23
25 17 17 22 22 22 24 23 17 25 22 21 18 25 25 19 21 23 0
