17
8
12 89 44 52 73 96 82 41
113 16 84 14 72 118 104 1
53 35 86 84 44 12 88 52
30 107 112 46 100 62 82 105
30 69 49 64 14 23 85 94
118 29 20 85 113 84 86 16
21 34 93 111 120 44 98 87
39 26 88 87 58 87 54 103
115 59 12 49 55 96 112 97
82 87 117 108 44 91 103 14
105 104 3 38 64 19 108 112
66 11 28 38 102 22 110 111
24 55 36 118 98 25 104 113
22 114 119 36 116 4 12 115
29 54 23 40 92 99 106 55
34 36 24 52 59 38 96 3
92 3 32 24 90 75 60 96
0 20 15 22 17 20 24 25 24 19 21 19 19 17 24 21 15 23 17
20 0 20 17 22 17 18 18 21 21 20 24 22 19 24 19 23 23 21
15 20 0 23 25 21 21 17 24 24 20 17 20 17 22 22 19 22 20
22 17 23 0 24 20 23 24 19 21 17 18 19 15 21 19 19 22 21
17 22 25 24 0 16 18 20 16 16 23 15 22 21 23 15 22 16 22
20 17 21 20 16 0 22 24 19 15 21 25 20 23 25 23 22 23 16
24 18 21 23 18 22 0 18 15 19 25 16 21 25 24 21 20 15 20
25 18 17 24 20 24 18 0 18 15 19 22 16 15 16 18 25 24 24
24 21 24 19 16 19 15 18 0 19 18 19 24 19 25 25 24 25 16
19 21 24 21 16 15 19 15 19 0 20 25 16 16 22 16 23 20 25
21 20 20 17 23 21 25 19 18 20 0 23 20 22 20 17 16 23 25
19 24 17 18 15 25 16 22 19 25 23 0 20 25 20 17 24 23 22
19 22 20 19 22 20 21 16 24 16 20 20 0 18 16 21 23 15 22
17 19 17 15 21 23 25 15 19 16 22 25 18 0 16 15 23 17 25
24 24 22 21 23 25 24 16 25 22 20 20 16 16 0 23 16 21 15
21 19 22 19 15 23 21 18 25 16 17 17 21 15 23 0 21 15 25
15 23 19 19 22 22 20 25 24 23 16 24 23 23 16 21 0 20 22
23 23 22 22 16 23 15 24 25 20 23 23 15 17 21 15 20 0 25
17 21 20 21 22 16 20 24 16 25 25 22 22 25 15 25 22 25 0
