17
18
9 54 15 32 106 27 5 107 44 22 102 49 62 102 90 74 96 44
18 60 7 54 72 112 29 18 55 48 113 115 41 56 13 67 63 69
92 36 11 73 17 46 83 62 43 20 25 19 50 30 4 35 52 9
3 117 108 59 8 81 18 28 120 28 55 10 1 36 56 88 109 23
62 6 16 23 59 114 119 31 88 73 14 89 3 74 67 120 73 41
70 97 10 16 6 70 1 14 98 97 16 67 77 64 30 45 78 49
6 11 109 16 58 1 64 71 80 99 78 107 89 88 51 68 1 19
45 58 35 82 100 92 56 13 4 72 71 29 35 67 102 4 66 97
77 79 13 29 28 8 68 72 44 20 80 41 90 99 62 51 95 2
70 77 67 56 117 78 66 3 66 45 111 98 115 19 114 26 1 100
102 75 69 41 55 118 56 95 34 97 59 116 60 55 77 29 108 55
118 103 87 8 4 105 95 71 36 100 117 92 18 35 40 29 64 82
72 85 97 15 58 30 106 34 34 8 104 5 119 90 85 113 118 103
66 80 92 12 67 31 66 56 18 51 98 30 75 104 20 90 59 112
120 12 22 105 102 53 109 27 91 81 104 54 31 119 26 73 38 56
84 111 48 103 76 39 52 69 90 81 115 82 81 90 101 25 115 5
17 95 36 11 63 39 116 51 112 2 68 60 13 90 52 48 96 35
0 25 22 16 20 17 23 24 24 18 18 23 18 24 25 18 24 19 15
25 0 16 22 24 21 21 18 22 23 17 25 21 15 20 21 23 17 15
22 16 0 21 20 18 23 20 15 18 16 21 25 16 23 15 21 18 19
16 22 21 0 23 23 21 15 19 21 17 18 23 17 16 25 20 15 17
20 24 20 23 0 19 17 22 15 24 19 17 21 15 19 24 16 15 25
17 21 18 23 19 0 16 24 25 19 17 25 23 15 18 22 24 20 21
23 21 23 21 17 16 0 20 25 20 19 21 23 18 23 22 20 16 24
24 18 20 15 22 24 20 0 19 22 15 20 18 19 24 18 18 16 21
24 22 15 19 15 25 25 19 0 17 16 15 22 20 24 25 25 15 17
18 23 18 21 24 19 20 22 17 0 17 23 25 15 24 21 23 21 19
18 17 16 17 19 17 19 15 16 17 0 21 20 25 23 19 21 19 20
23 25 21 18 17 25 21 20 15 23 21 0 23 25 18 18 19 23 21
18 21 25 23 21 23 23 18 22 25 20 23 0 24 18 21 20 18 19
24 15 16 17 15 15 18 19 20 15 25 25 24 0 23 20 17 16 20
25 20 23 16 19 18 23 24 24 24 23 18 18 23 0 24 24 24 18
18 21 15 25 24 22 22 18 25 21 19 18 21 20 24 0 25 21 22
24 23 21 20 16 24 20 18 25 23 21 19 20 17 24 25 0 19 22
19 17 18 15 15 20 16 16 15 21 19 23 18 16 24 21 19 0 18
15 15 19 17 25 21 24 21 17 19 20 21 19 20 18 22 22 18 0
