17
12
26 30 15 29 26 3 39 20 24 12 10 37
27 34 24 20 37 18 24 8 25 38 15 40
31 5 32 1 14 38 9 7 30 18 31 31
8 30 29 24 35 10 6 34 11 31 40 3
13 36 36 19 10 6 14 22 10 3 10 22
7 26 36 20 23 25 23 25 39 33 10 4
32 16 3 29 33 20 31 31 8 20 23 18
5 10 22 10 17 8 22 29 15 29 21 25
13 26 16 37 29 36 10 10 29 3 19 15
21 32 35 40 24 13 15 18 3 38 38 38
35 7 40 25 31 34 34 5 1 18 4 14
28 38 37 14 32 16 39 8 24 13 24 1
2 9 11 38 9 33 33 27 7 38 12 13
40 29 7 4 13 31 25 9 18 31 37 18
23 38 5 36 29 35 21 25 36 36 13 35
3 37 30 32 23 28 36 14 16 5 23 9
11 11 31 13 14 35 27 14 35 21 23 33
0 22 23 25 20 23 19 23 18 16 22 15 21 24 17 24 22 18 18
22 0 16 24 19 15 23 15 24 23 18 23 20 19 18 20 20 19 20
23 16 0 24 18 15 17 19 20 15 23 24 23 18 20 25 23 23 17
25 24 24 0 18 16 20 23 21 24 25 15 20 24 16 17 18 15 23
20 19 18 18 0 17 18 23 22 19 19 20 24 16 15 21 15 23 15
23 15 15 16 17 0 16 17 24 21 24 18 19 23 20 21 24 23 19
19 23 17 20 18 16 0 17 15 18 25 21 20 25 19 19 17 20 22
23 15 19 23 23 17 17 0 15 16 24 19 18 22 23 24 22 24 21
18 24 20 21 22 24 15 15 0 19 18 24 16 23 25 25 24 24 20
16 23 15 24 19 21 18 16 19 0 15 23 18 23 24 23 22 15 19
22 18 23 25 19 24 25 24 18 15 0 15 24 16 21 20 16 18 21
15 23 24 15 20 18 21 19 24 23 15 0 23 24 22 15 25 17 20
21 20 23 20 24 19 20 18 16 18 24 23 0 16 19 15 23 18 22
24 19 18 24 16 23 25 22 23 23 16 24 16 0 22 20 24 24 18
17 18 20 16 15 20 19 23 25 24 21 22 19 22 0 22 19 15 19
24 20 25 17 21 21 19 24 25 23 20 15 15 20 22 0 21 22 19
22 20 23 18 15 24 17 22 24 22 16 25 23 24 19 21 0 25 23
18 19 23 15 23 23 20 24 24 15 18 17 18 24 15 22 25 0 22
18 20 17 23 15 19 22 21 20 19 21 20 22 18 19 19 23 22 0
