17
4
106 74 127 107
109 15 99 31
54 113 134 23
43 17 158 113
72 103 23 28
86 25 72 160
127 117 28 133
124 143 142 158
117 62 44 17
65 64 53 49
60 118 36 60
53 22 27 106
85 124 129 72
156 154 126 138
115 61 29 49
58 61 2 80
141 131 8 48
0 15 21 20 18 23 22 18 20 17 24 21 20 20 18 18 23 20 18
15 0 18 22 18 20 17 16 19 23 25 16 15 17 25 21 15 23 22
21 18 0 15 21 21 15 16 22 24 24 15 20 24 15 22 23 18 16
20 22 15 0 20 17 24 21 21 25 24 21 21 17 23 24 24 20 24
18 18 21 20 0 19 25 17 25 22 18 25 20 22 17 22 23 19 19
23 20 21 17 19 0 21 17 25 16 25 17 18 21 18 19 15 17 24
22 17 15 24 25 21 0 25 23 18 16 23 24 25 18 21 22 21 23
18 16 16 21 17 17 25 0 22 24 22 23 19 23 24 17 25 23 25
20 19 22 21 25 25 23 22 0 23 24 19 19 25 25 22 17 17 25
17 23 24 25 22 16 18 24 23 0 23 20 21 23 22 19 22 16 20
24 25 24 24 18 25 16 22 24 23 0 15 24 16 16 17 16 21 17
21 16 15 21 25 17 23 23 19 20 15 0 18 24 15 25 15 21 20
20 15 20 21 20 18 24 19 19 21 24 18 0 17 17 24 17 23 19
20 17 24 17 22 21 25 23 25 23 16 24 17 0 23 22 24 15 16
18 25 15 23 17 18 18 24 25 22 16 15 17 23 0 20 18 24 21
18 21 22 24 22 19 21 17 22 19 17 25 24 22 20 0 16 18 17
23 15 23 24 23 15 22 25 17 22 16 15 17 24 18 16 0 16 15
20 23 18 20 19 17 21 23 17 16 21 21 23 15 24 18 16 0 16
18 22 16 24 19 24 23 25 25 20 17 20 19 16 21 17 15 16 0
