17
18
37 31 96 123 8 2 95 147 5 11 7 11 157 9 84 142 158 32
141 69 38 41 159 16 35 79 130 124 2 12 139 98 105 42 124 14
52 159 43 48 116 153 51 3 62 27 106 107 22 22 21 6 116 132
89 132 81 35 107 122 52 69 101 59 136 25 153 123 130 3 6 125
15 149 105 111 63 150 137 111 153 36 94 156 73 71 37 17 54 122
131 148 156 112 72 21 159 49 28 110 136 147 62 111 59 29 31 79
37 121 32 113 33 12 59 130 56 107 125 62 27 51 20 69 105 27
6 81 21 1 139 116 129 52 138 115 13 105 125 27 7 77 117 80
79 109 115 105 50 121 160 156 26 159 48 91 54 33 40 47 37 68
63 95 121 146 15 84 158 133 156 45 85 75 95 160 114 79 57 151
19 98 18 40 54 45 48 120 6 45 139 40 130 128 106 131 11 77
144 158 85 71 146 49 11 39 135 120 51 43 32 121 151 142 138 52
130 15 56 46 66 145 151 4 88 41 149 117 147 9 54 19 29 16
94 62 137 105 160 113 148 45 106 14 37 38 85 139 34 158 39 118
43 1 103 46 37 21 142 60 157 160 11 39 144 56 120 52 159 35
109 104 89 135 39 147 145 22 58 160 3 120 155 12 7 46 36 155
152 24 111 92 16 21 76 133 150 47 22 123 16 136 61 61 102 101
0 21 21 20 20 17 18 23 22 17 24 17 18 15 25 17 22 22 16
21 0 15 25 20 24 18 18 16 16 18 20 25 25 24 21 25 17 17
21 15 0 20 22 20 19 18 18 24 25 24 22 19 24 21 15 20 22
20 25 20 0 16 20 20 16 17 23 22 16 19 18 20 15 21 25 21
20 20 22 16 0 23 18 22 19 22 18 25 25 18 25 15 15 17 15
17 24 20 20 23 0 21 17 21 19 16 16 21 15 16 18 25 16 20
18 18 19 20 18 21 0 16 21 18 18 17 25 18 21 16 23 18 24
23 18 18 16 22 17 16 0 18 15 16 23 16 21 19 23 15 15 16
22 16 18 17 19 21 21 18 0 17 21 24 15 16 16 23 16 22 25
17 16 24 23 22 19 18 15 17 0 22 20 22 16 24 25 15 20 16
24 18 25 22 18 16 18 16 21 22 0 25 18 23 25 16 25 21 21
17 20 24 16 25 16 17 23 24 20 25 0 16 22 19 15 21 17 22
18 25 22 19 25 21 25 16 15 22 18 16 0 19 17 20 22 15 17
15 25 19 18 18 15 18 21 16 16 23 22 19 0 18 21 20 19 23
25 24 24 20 25 16 21 19 16 24 25 19 17 18 0 19 20 18 24
17 21 21 15 15 18 16 23 23 25 16 15 20 21 19 0 23 19 20
22 25 15 21 15 25 23 15 16 15 25 21 22 20 20 23 0 24 25
22 17 20 25 17 16 18 15 22 20 21 17 15 19 18 19 24 0 23
16 17 22 21 15 20 24 16 25 16 21 22 17 23 24 20 25 23 0
