17
14
91 122 36 84 70 160 2 14 36 144 136 80 90 104
37 40 5 49 145 160 19 118 151 70 69 77 125 143
130 144 150 10 150 36 18 42 130 149 90 9 42 147
82 18 123 152 6 158 155 19 6 139 113 87 4 125
15 85 54 29 88 54 80 157 21 53 131 67 126 58
71 103 104 32 120 33 46 103 120 152 142 46 39 45
81 129 91 107 92 88 81 94 141 44 34 87 29 109
36 83 63 25 12 69 79 9 80 22 159 69 21 64
4 11 127 73 48 135 39 22 75 35 156 94 111 35
109 47 74 5 136 79 129 147 15 123 54 25 41 52
76 115 156 134 69 81 35 33 119 132 80 119 53 81
158 105 99 111 131 127 5 132 30 108 2 34 32 138
144 154 91 144 155 46 121 132 36 45 56 91 27 150
152 31 28 141 62 113 119 148 61 63 115 31 127 153
61 7 128 44 93 107 93 6 54 11 48 29 34 149
20 57 71 144 75 113 71 62 85 9 42 76 143 111
89 24 159 11 158 99 61 70 118 136 48 132 14 17
0 25 18 15 23 21 19 25 15 16 19 25 18 18 19 19 22 16 23
25 0 22 20 18 24 23 25 21 21 18 22 18 15 19 19 17 25 15
18 22 0 23 23 20 25 18 23 16 22 23 19 18 19 16 24 25 20
15 20 23 0 16 24 18 15 23 23 17 17 18 16 19 24 19 24 22
23 18 23 16 0 23 20 20 17 15 21 20 20 15 25 23 15 23 20
21 24 20 24 23 0 20 20 22 25 15 15 20 15 20 24 25 16 20
19 23 25 18 20 20 0 21 20 16 22 18 17 21 22 15 17 23 22
25 25 18 15 20 20 21 0 19 22 20 21 19 25 25 21 19 23 21
15 21 23 23 17 22 20 19 0 18 19 20 17 20 21 18 16 17 25
16 21 16 23 15 25 16 22 18 0 16 15 18 21 15 24 21 24 21
19 18 22 17 21 15 22 20 19 16 0 23 23 25 25 25 20 21 25
25 22 23 17 20 15 18 21 20 15 23 0 22 15 25 18 25 24 23
18 18 19 18 20 20 17 19 17 18 23 22 0 18 15 17 22 20 23
18 15 18 16 15 15 21 25 20 21 25 15 18 0 17 22 20 25 22
19 19 19 19 25 20 22 25 21 15 25 25 15 17 0 15 16 23 25
19 19 16 24 23 24 15 21 18 24 25 18 17 22 15 0 25 15 19
22 17 24 19 15 25 17 19 16 21 20 25 22 20 16 25 0 20 25
16 25 25 24 23 16 23 23 17 24 21 24 20 25 23 15 20 0 21
23 15 20 22 20 20 22 21 25 21 25 23 23 22 25 19 25 21 0
