17
10
55 93 65 65 60 95 65 38 65 65
3 107 9 114 104 19 93 16 63 16
28 21 97 73 70 107 47 54 32 57
54 44 77 39 46 77 120 72 43 88
60 100 120 111 68 111 114 103 115 106
10 119 100 74 45 77 48 41 15 17
25 115 119 46 83 53 117 24 97 72
35 110 92 118 70 96 50 11 77 84
93 19 19 102 51 25 118 14 86 41
19 28 50 116 91 118 1 57 54 101
71 92 2 97 75 1 42 33 45 81
7 117 62 60 21 45 47 102 96 113
119 9 64 41 7 101 22 92 71 54
115 68 97 78 59 96 94 97 74 55
103 50 114 100 85 11 35 91 112 13
111 7 108 27 54 99 102 95 26 112
110 45 112 9 113 39 54 44 88 33
0 24 17 20 22 20 18 23 16 19 17 18 18 19 22 22 17 25 20
24 0 17 18 20 21 23 21 24 18 16 17 23 16 20 22 17 22 24
17 17 0 18 18 25 17 15 19 25 17 24 18 24 17 18 18 20 16
20 18 18 0 21 18 19 18 19 22 16 21 22 25 18 23 17 23 22
22 20 18 21 0 24 16 21 23 20 24 24 15 20 19 25 19 25 19
20 21 25 18 24 0 23 20 16 21 25 22 21 21 16 16 16 18 22
18 23 17 19 16 23 0 19 23 15 15 16 22 20 24 24 18 21 24
23 21 15 18 21 20 19 0 24 17 23 24 17 21 19 24 18 18 19
16 24 19 19 23 16 23 24 0 23 20 17 22 18 16 20 17 16 23
19 18 25 22 20 21 15 17 23 0 18 25 24 24 15 18 20 24 23
17 16 17 16 24 25 15 23 20 18 0 16 16 19 16 19 18 18 17
18 17 24 21 24 22 16 24 17 25 16 0 18 20 16 15 22 16 24
18 23 18 22 15 21 22 17 22 24 16 18 0 21 22 20 17 19 20
19 16 24 25 20 21 20 21 18 24 19 20 21 0 21 21 16 20 19
22 20 17 18 19 16 24 19 16 15 16 16 22 21 0 23 25 25 23
22 22 18 23 25 16 24 24 20 18 19 15 20 21 23 0 16 15 19
17 17 18 17 19 16 18 18 17 20 18 22 17 16 25 16 0 16 22
25 22 20 23 25 18 21 18 16 24 18 16 19 20 25 15 16 0 21
20 24 16 22 19 22 24 19 23 23 17 24 20 19 23 19 22 21 0
