17
12
7 8 36 33 13 35 31 38 31 39 23 4
8 34 31 16 22 36 17 12 12 11 14 19
11 18 18 3 36 27 5 6 8 34 33 31
37 13 28 15 30 4 22 34 24 31 1 37
31 18 39 17 25 40 2 14 14 13 30 33
8 22 1 36 27 23 31 31 20 36 14 6
30 37 4 14 23 6 16 6 11 21 13 10
2 36 37 40 24 16 31 26 1 36 11 27
6 34 26 29 22 15 39 5 28 32 32 39
16 30 25 20 32 10 8 4 17 31 4 21
15 14 28 9 6 11 6 33 39 22 23 1
38 9 30 39 23 1 13 40 27 32 18 18
10 9 33 29 39 1 27 34 27 10 25 26
35 26 3 38 34 9 7 28 21 11 14 27
37 30 11 33 10 7 26 36 6 17 29 39
9 34 25 7 13 39 11 36 5 9 15 12
21 25 39 18 1 36 35 2 10 16 16 3
0 24 19 20 24 25 17 25 17 15 24 17 19 15 15 25 18 19 23
24 0 23 18 18 16 18 20 25 23 18 23 22 21 25 20 16 17 18
19 23 0 20 20 19 17 15 19 16 16 24 18 17 23 19 25 23 24
20 18 20 0 20 23 22 19 24 16 21 21 20 20 17 24 24 23 21
24 18 20 20 0 15 23 17 25 15 18 17 17 22 22 23 17 25 24
25 16 19 23 15 0 17 19 23 22 20 20 20 15 22 23 17 15 25
17 18 17 22 23 17 0 21 18 22 24 25 17 16 15 20 18 20 20
25 20 15 19 17 19 21 0 15 20 20 22 18 19 20 23 19 18 22
17 25 19 24 25 23 18 15 0 17 23 19 25 15 20 19 20 15 20
15 23 16 16 15 22 22 20 17 0 23 22 20 19 15 25 24 24 25
24 18 16 21 18 20 24 20 23 23 0 21 19 17 23 23 17 19 23
17 23 24 21 17 20 25 22 19 22 21 0 23 23 16 24 18 19 20
19 22 18 20 17 20 17 18 25 20 19 23 0 22 17 24 20 17 23
15 21 17 20 22 15 16 19 15 19 17 23 22 0 18 16 21 16 17
15 25 23 17 22 22 15 20 20 15 23 16 17 18 0 15 21 19 17
25 20 19 24 23 23 20 23 19 25 23 24 24 16 15 0 20 18 19
18 16 25 24 17 17 18 19 20 24 17 18 20 21 21 20 0 16 22
19 17 23 23 25 15 20 18 15 24 19 19 17 16 19 18 16 0 23
23 18 24 21 24 25 20 22 20 25 23 20 23 17 17 19 22 23 0
