17
18
36 17 13 30 28 39 37 26 15 40 20 26 15 21 33 17 4 20
23 35 28 35 1 10 13 27 37 5 37 9 38 21 37 13 15 37
32 14 40 34 25 4 36 26 22 3 22 30 12 5 6 26 16 15
2 27 17 24 9 36 27 29 17 12 30 11 30 8 15 30 5 10
38 5 33 16 9 17 25 32 18 29 18 16 21 28 36 38 4 1
3 10 35 5 32 28 7 12 24 8 25 37 24 28 16 37 8 40
34 12 40 30 3 31 16 18 13 14 3 22 9 27 1 23 35 22
35 2 26 24 5 11 38 5 27 31 18 24 13 18 8 32 30 15
34 23 15 5 27 16 26 3 29 17 23 22 29 10 29 39 2 2
33 40 22 24 25 24 33 18 7 39 11 5 13 18 30 20 31 25
21 26 33 4 37 25 16 3 13 23 5 28 7 18 34 13 32 13
33 19 26 32 4 11 23 13 6 40 31 22 1 23 4 5 23 26
24 33 30 35 19 12 9 20 1 40 18 27 30 2 37 5 3 28
27 34 12 20 12 19 5 12 34 26 36 2 32 32 29 21 19 33
33 38 8 14 3 34 38 25 10 35 1 28 17 8 29 18 17 25
10 29 22 31 34 36 30 31 20 31 20 24 40 8 24 40 31 25
17 29 28 40 4 18 2 17 27 15 31 24 2 35 28 12 26 20
0 25 22 21 17 15 22 23 25 17 15 24 15 25 20 19 24 16 22
25 0 16 15 16 25 18 16 24 24 23 20 20 21 17 23 18 17 16
22 16 0 19 16 18 15 17 25 25 16 22 21 15 22 18 19 22 18
21 15 19 0 20 25 21 19 23 19 15 16 20 19 17 25 22 25 19
17 16 16 20 0 22 16 23 23 20 17 22 22 24 15 15 24 16 25
15 25 18 25 22 0 20 23 21 23 15 16 22 20 16 25 17 17 15
22 18 15 21 16 20 0 17 20 25 21 20 23 24 23 15 22 24 24
23 16 17 19 23 23 17 0 23 20 23 15 21 24 15 22 23 17 23
25 24 25 23 23 21 20 23 0 23 15 15 19 23 22 20 22 18 25
17 24 25 19 20 23 25 20 23 0 18 22 23 24 23 25 16 16 15
15 23 16 15 17 15 21 23 15 18 0 20 18 24 22 25 16 22 16
24 20 22 16 22 16 20 15 15 22 20 0 20 17 18 23 22 25 17
15 20 21 20 22 22 23 21 19 23 18 20 0 17 15 18 19 25 18
25 21 15 19 24 20 24 24 23 24 24 17 17 0 19 22 24 15 22
20 17 22 17 15 16 23 15 22 23 22 18 15 19 0 16 20 18 17
19 23 18 25 15 25 15 22 20 25 25 23 18 22 16 0 24 25 20
24 18 19 22 24 17 22 23 22 16 16 22 19 24 20 24 0 17 18
16 17 22 25 16 17 24 17 18 16 22 25 25 15 18 25 17 0 20
22 16 18 19 25 15 24 23 25 15 16 17 18 22 17 20 18 20 0
