17
12
59 157 122 94 79 37 141 132 150 95 75 85
2 106 146 113 150 145 144 3 150 108 131 127
121 82 69 43 36 73 98 9 77 89 42 94
28 142 37 103 134 28 146 141 24 1 134 75
15 128 37 44 28 81 107 13 145 12 143 85
108 40 40 95 39 120 67 134 103 118 130 152
156 51 60 7 14 105 145 32 97 56 33 129
88 46 101 126 25 116 95 93 122 99 63 49
133 139 52 33 40 149 160 21 57 34 49 96
143 42 45 52 138 148 86 29 144 110 85 117
96 50 151 16 143 71 46 86 53 82 110 141
132 27 98 128 123 127 16 47 11 112 151 38
142 120 107 65 160 11 21 160 61 30 74 16
91 101 114 43 35 82 79 9 39 10 110 29
151 31 95 94 97 100 88 84 37 57 121 56
147 121 77 118 44 134 52 106 61 20 77 22
65 16 122 9 38 123 124 12 44 91 25 99
0 21 15 17 19 21 20 18 17 25 22 23 15 23 21 22 24 17 25
21 0 16 19 25 19 15 18 23 24 25 25 17 17 19 25 18 16 16
15 16 0 21 22 19 16 17 18 24 25 20 18 18 17 25 15 15 24
17 19 21 0 25 24 16 20 24 24 16 17 21 18 17 20 20 23 25
19 25 22 25 0 15 21 20 22 18 15 19 19 19 21 25 16 25 25
21 19 19 24 15 0 25 23 16 21 17 15 15 22 20 21 25 22 18
20 15 16 16 21 25 0 19 17 18 18 16 17 16 20 15 15 15 19
18 18 17 20 20 23 19 0 23 16 20 19 15 23 18 19 21 18 18
17 23 18 24 22 16 17 23 0 25 24 21 15 15 23 24 23 23 23
25 24 24 24 18 21 18 16 25 0 20 19 20 15 22 21 17 17 20
22 25 25 16 15 17 18 20 24 20 0 15 17 25 19 22 20 25 17
23 25 20 17 19 15 16 19 21 19 15 0 23 20 16 15 25 24 15
15 17 18 21 19 15 17 15 15 20 17 23 0 15 17 21 25 16 23
23 17 18 18 19 22 16 23 15 15 25 20 15 0 19 18 23 22 23
21 19 17 17 21 20 20 18 23 22 19 16 17 19 0 20 18 20 15
22 25 25 20 25 21 15 19 24 21 22 15 21 18 20 0 17 16 25
24 18 15 20 16 25 15 21 23 17 20 25 25 23 18 17 0 23 18
17 16 15 23 25 22 15 18 23 17 25 24 16 22 20 16 23 0 23
25 16 24 25 25 18 19 18 23 20 17 15 23 23 15 25 18 23 0
