17
6
4 37 101 70 44 41
44 74 30 91 27 72
19 49 83 5 106 19
30 13 30 112 20 31
9 39 11 44 94 95
26 30 9 23 63 3
29 38 45 105 10 39
100 120 66 91 28 49
109 27 70 41 53 114
66 29 3 88 2 104
64 52 106 72 23 120
8 6 99 22 65 119
5 18 82 15 74 20
114 105 13 36 111 79
48 102 51 65 88 50
85 114 73 77 4 109
108 93 89 13 18 112
0 25 25 25 21 24 24 24 17 22 20 15 17 16 23 24 17 24 15
25 0 20 18 19 24 15 25 22 22 16 24 21 17 20 20 19 18 23
25 20 0 25 15 22 18 22 20 16 25 19 25 25 21 19 18 25 23
25 18 25 0 22 16 23 18 19 16 23 25 19 15 23 21 21 23 17
21 19 15 22 0 20 21 20 20 21 24 22 23 18 23 17 17 22 20
24 24 22 16 20 0 25 16 22 25 22 23 20 19 15 23 25 21 17
24 15 18 23 21 25 0 21 15 24 16 21 16 24 24 21 19 17 15
24 25 22 18 20 16 21 0 15 23 17 25 16 21 24 15 23 20 17
17 22 20 19 20 22 15 15 0 15 15 22 23 21 17 24 23 20 19
22 22 16 16 21 25 24 23 15 0 20 17 20 19 15 20 19 22 19
20 16 25 23 24 22 16 17 15 20 0 25 21 24 15 25 24 23 17
15 24 19 25 22 23 21 25 22 17 25 0 20 19 16 21 23 24 23
17 21 25 19 23 20 16 16 23 20 21 20 0 22 19 22 19 15 21
16 17 25 15 18 19 24 21 21 19 24 19 22 0 19 19 15 15 23
23 20 21 23 23 15 24 24 17 15 15 16 19 19 0 17 19 17 21
24 20 19 21 17 23 21 15 24 20 25 21 22 19 17 0 25 21 25
17 19 18 21 17 25 19 23 23 19 24 23 19 15 19 25 0 19 17
24 18 25 23 22 21 17 20 20 22 23 24 15 15 17 21 19 0 20
15 23 23 17 20 17 15 17 19 19 17 23 21 23 21 25 17 20 0
