17
8
92 92 1 49 74 49 108 45
54 25 78 89 55 100 75 72
116 86 3 6 55 96 46 29
19 22 72 115 3 62 63 35
70 118 39 33 39 56 47 106
55 9 34 32 103 77 55 9
5 54 9 46 13 36 58 44
35 92 64 17 52 37 55 120
20 37 48 3 18 106 30 78
3 12 119 116 2 31 88 77
75 72 24 73 115 29 72 91
114 81 49 119 45 93 31 2
94 111 56 41 30 76 119 1
78 109 40 92 65 111 74 65
7 45 113 40 59 16 95 3
120 49 60 61 14 73 88 61
55 8 90 24 76 53 88 36
0 25 25 16 15 15 24 17 16 18 18 24 20 23 22 23 16 16 23
25 0 22 16 24 25 21 21 15 20 24 23 23 25 24 22 22 23 23
25 22 0 17 16 23 20 19 22 25 22 15 16 25 21 19 23 19 24
16 16 17 0 25 16 23 19 20 22 25 15 16 24 16 21 15 18 20
15 24 16 25 0 25 24 16 19 15 17 15 15 25 18 17 17 17 19
15 25 23 16 25 0 24 17 23 23 20 18 16 24 24 16 15 20 24
24 21 20 23 24 24 0 25 24 15 18 23 18 17 21 17 20 22 18
17 21 19 19 16 17 25 0 21 19 22 25 21 22 24 20 24 22 16
16 15 22 20 19 23 24 21 0 16 15 18 22 22 23 23 18 24 25
18 20 25 22 15 23 15 19 16 0 20 23 16 18 24 24 21 18 21
18 24 22 25 17 20 18 22 15 20 0 25 20 21 20 18 16 17 25
24 23 15 15 15 18 23 25 18 23 25 0 19 22 20 19 20 23 22
20 23 16 16 15 16 18 21 22 16 20 19 0 20 19 22 17 22 25
23 25 25 24 25 24 17 22 22 18 21 22 20 0 20 25 16 17 18
22 24 21 16 18 24 21 24 23 24 20 20 19 20 0 19 22 18 16
23 22 19 21 17 16 17 20 23 24 18 19 22 25 19 0 21 23 21
16 22 23 15 17 15 20 24 18 21 16 20 17 16 22 21 0 23 19
16 23 19 18 17 20 22 22 24 18 17 23 22 17 18 23 23 0 24
23 23 24 20 19 24 18 16 25 21 25 22 25 18 16 21 19 24 0
