17
22
39 2 37 39 31 15 21 21 39 37 22 17 11 28 16 34 19 18 33 33 18 33
19 2 20 35 27 3 37 20 28 16 30 8 6 11 7 32 25 23 32 20 34 28
37 32 23 3 3 28 15 12 11 37 36 11 14 17 11 39 6 37 38 37 17 23
33 13 22 14 34 21 3 18 35 23 34 14 24 31 25 33 12 22 32 14 5 35
26 1 26 37 26 33 19 11 21 30 13 34 28 13 2 10 27 27 3 19 32 8
40 11 40 4 33 7 11 17 16 5 29 21 35 24 14 33 36 18 27 34 32 15
31 34 16 38 18 39 25 19 2 28 34 29 34 16 19 3 18 1 13 34 34 11
7 31 17 10 3 4 18 5 7 10 23 32 20 20 28 35 17 19 7 10 13 36
38 7 28 33 29 25 38 4 20 29 3 5 18 21 37 22 32 34 6 35 25 23
8 14 22 40 22 18 22 23 35 28 8 25 18 1 14 22 35 36 12 6 6 39
26 34 40 15 31 2 40 28 35 20 20 33 25 14 10 40 9 3 32 10 1 26
30 27 8 35 25 25 8 16 37 36 40 6 5 15 10 33 10 3 40 39 36 1
2 36 9 31 1 18 39 25 8 15 39 5 8 32 15 31 4 36 1 38 25 35
34 12 30 7 22 3 15 21 33 38 8 1 6 19 17 1 11 38 23 35 9 33
28 7 3 21 38 13 8 3 33 20 22 21 23 40 25 27 20 9 38 23 11 37
14 5 5 30 23 15 40 1 40 4 35 11 20 15 16 23 8 3 9 20 31 22
37 29 9 3 35 39 34 18 26 16 11 15 15 5 29 7 35 38 28 2 16 23
0 24 25 17 18 16 20 19 22 18 16 18 18 22 23 25 19 18 15
24 0 15 21 15 17 19 24 18 17 23 25 18 20 23 25 21 17 22
25 15 0 22 16 21 22 25 16 19 21 17 22 15 21 19 24 16 22
17 21 22 0 21 22 23 21 19 16 19 17 24 16 17 22 25 23 15
18 15 16 21 0 25 21 22 24 20 22 16 15 24 21 19 22 16 20
16 17 21 22 25 0 18 25 17 23 16 17 22 18 20 24 20 18 25
20 19 22 23 21 18 0 23 21 17 21 18 19 16 16 15 17 17 25
19 24 25 21 22 25 23 0 19 18 19 18 16 19 17 15 16 20 16
22 18 16 19 24 17 21 19 0 25 21 20 17 17 25 23 16 16 20
18 17 19 16 20 23 17 18 25 0 20 17 16 22 22 22 16 20 25
16 23 21 19 22 16 21 19 21 20 0 17 25 24 25 22 17 16 25
18 25 17 17 16 17 18 18 20 17 17 0 22 23 16 23 25 17 25
18 18 22 24 15 22 19 16 17 16 25 22 0 25 17 19 19 16 23
22 20 15 16 24 18 16 19 17 22 24 23 25 0 19 20 18 24 24
23 23 21 17 21 20 16 17 25 22 25 16 17 19 0 15 15 25 23
25 25 19 22 19 24 15 15 23 22 22 23 19 20 15 0 24 19 19
19 21 24 25 22 20 17 16 16 16 17 25 19 18 15 24 0 21 17
18 17 16 23 16 18 17 20 16 20 16 17 16 24 25 19 21 0 23
15 22 22 15 20 25 25 16 20 25 25 25 23 24 23 19 17 23 0
