17
8
58 19 67 79 1 79 3 34
2 34 35 39 64 58 50 38
21 73 31 67 1 77 54 43
18 41 55 43 16 23 21 25
36 58 60 7 18 65 74 22
39 72 11 73 14 20 17 36
41 44 26 57 30 66 28 79
61 44 11 34 75 57 27 45
66 13 25 37 10 29 74 44
59 12 55 32 59 75 11 69
67 30 58 11 12 35 53 40
28 19 26 23 1 10 12 5
43 19 36 64 59 20 5 38
79 3 79 79 79 30 20 61
20 72 13 44 9 62 10 78
55 60 74 71 66 12 25 61
70 50 66 6 28 54 78 22
0 18 23 24 17 23 19 16 24 17 25 16 19 19 22 18 20 22 25
18 0 24 18 21 25 24 20 15 16 17 19 17 20 25 23 22 24 18
23 24 0 24 18 23 18 17 17 17 15 23 23 18 24 23 23 21 15
24 18 24 0 24 15 24 16 16 18 17 17 24 24 18 25 25 21 16
17 21 18 24 0 23 22 25 17 21 22 24 16 15 19 20 23 15 18
23 25 23 15 23 0 18 19 23 18 25 15 20 25 19 24 15 21 17
19 24 18 24 22 18 0 17 16 22 24 15 15 17 19 23 24 16 21
16 20 17 16 25 19 17 0 16 23 25 21 16 20 23 24 19 17 22
24 15 17 16 17 23 16 16 0 24 24 25 17 20 22 25 16 16 24
17 16 17 18 21 18 22 23 24 0 17 25 25 20 25 15 15 20 19
25 17 15 17 22 25 24 25 24 17 0 15 15 16 19 21 25 15 18
16 19 23 17 24 15 15 21 25 25 15 0 21 24 22 19 24 18 18
19 17 23 24 16 20 15 16 17 25 15 21 0 16 19 17 21 17 20
19 20 18 24 15 25 17 20 20 20 16 24 16 0 19 20 23 22 25
22 25 24 18 19 19 19 23 22 25 19 22 19 19 0 17 25 21 24
18 23 23 25 20 24 23 24 25 15 21 19 17 20 17 0 17 15 23
20 22 23 25 23 15 24 19 16 15 25 24 21 23 25 17 0 18 25
22 24 21 21 15 21 16 17 16 20 15 18 17 22 21 15 18 0 20
25 18 15 16 18 17 21 22 24 19 18 18 20 25 24 23 25 20 0
