12
30
21 60 23 43 47 23 32 31 56 22 35 2 32 43 21 21 27 20 8 35 23 25 22 13 12 43 20 54 26 9
21 49 55 44 7 50 6 9 14 20 3 56 53 55 8 46 21 36 13 35 3 53 34 14 5 60 1 24 21 13
18 45 25 27 51 18 37 32 50 32 58 14 2 35 18 13 8 16 39 37 56 56 5 29 56 45 7 23 58 22
8 13 22 52 20 36 41 57 49 29 8 8 9 14 29 19 49 46 39 37 24 37 50 16 52 17 13 40 38 40
58 49 3 20 6 51 39 60 1 55 43 1 28 44 37 42 52 41 27 49 45 32 15 56 8 9 19 9 16 17
21 20 48 24 12 28 3 34 9 16 9 56 45 33 40 36 50 9 34 59 22 27 11 3 37 24 46 17 44 27
17 57 7 52 59 27 49 37 4 10 56 38 27 20 34 1 40 11 22 6 49 45 17 44 52 15 1 9 1 20
36 44 32 54 41 35 19 43 49 19 3 14 3 44 10 34 17 26 55 56 56 4 30 3 14 8 38 23 18 44
50 12 39 51 48 58 38 23 17 32 35 25 44 51 6 37 58 50 8 30 44 24 13 3 60 47 7 6 2 3
21 48 44 6 16 34 57 1 7 58 30 37 20 32 26 19 14 46 5 18 21 47 22 60 8 24 43 10 3 35
26 38 32 2 39 7 43 19 6 16 20 17 57 33 27 38 40 50 3 20 14 47 57 30 58 44 31 55 14 28
23 7 6 43 43 26 53 22 33 50 53 1 44 22 58 41 47 16 18 24 17 28 57 37 55 11 57 17 56 31
0 4 5 6 6 5 5 5 6 6 4 3 5 3
4 0 3 4 4 4 6 7 8 8 7 5 5 4
5 3 0 3 3 4 6 8 9 10 8 6 7 5
6 4 3 0 2 3 6 8 10 10 9 7 8 6
6 4 3 2 0 3 6 8 9 10 9 7 8 6
5 4 4 3 3 0 4 7 8 9 7 6 8 6
5 6 6 6 6 4 0 4 5 7 5 6 8 6
5 7 8 8 8 7 4 0 3 4 3 4 7 6
6 8 9 10 9 8 5 3 0 4 3 6 8 7
6 8 10 10 10 9 7 4 4 0 3 5 7 7
4 7 8 9 9 7 5 3 3 3 0 4 6 5
3 5 6 7 7 6 6 4 6 5 4 0 4 3
5 5 7 8 8 8 8 7 8 7 6 4 0 4
3 4 5 6 6 6 6 6 7 7 5 3 4 0
