12
30
30 54 22 51 26 59 60 22 17 23 40 27 20 12 48 38 39 21 50 1 15 38 15 5 18 32 49 45 6 1
21 13 30 37 33 54 59 49 40 55 14 25 13 37 39 17 56 24 23 54 42 37 57 19 34 33 6 60 51 60
21 58 52 47 46 55 27 20 20 36 41 23 54 59 11 29 49 33 13 43 3 60 43 60 3 25 23 28 3 19
43 30 48 52 30 3 38 38 19 21 27 45 5 19 28 18 19 8 22 50 51 56 11 31 43 38 28 48 42 53
45 54 58 37 42 33 11 44 29 41 6 34 46 47 23 35 55 36 8 14 44 23 23 37 37 51 51 59 14 37
9 8 42 36 2 10 10 39 55 33 3 10 7 25 11 53 11 33 33 12 11 9 26 57 44 5 57 56 48 24
44 1 4 44 60 54 11 19 38 25 58 52 10 26 7 25 56 46 25 7 56 13 16 29 50 34 27 36 21 30
18 27 32 38 13 59 15 55 55 37 40 1 28 35 27 24 35 19 4 47 12 22 9 60 1 15 33 35 57 35
8 9 2 39 12 25 30 12 15 49 34 19 40 19 44 41 32 48 37 52 43 33 34 7 59 35 41 9 1 20
34 7 44 26 28 42 40 27 55 49 52 14 15 45 46 21 30 6 2 36 23 10 22 40 1 18 20 27 24 10
50 43 37 13 47 17 39 40 16 57 15 30 22 40 37 4 55 38 41 8 6 53 31 53 22 26 2 59 42 41
44 16 10 38 39 52 5 23 55 24 11 48 56 37 50 16 23 24 1 34 11 10 25 31 4 23 21 14 15 36
0 5 5 7 8 8 10 10 10 8 6 5 6 6
5 0 2 5 5 4 6 7 7 5 4 4 5 6
5 2 0 5 5 4 6 7 8 5 4 4 6 7
7 5 5 0 2 6 6 9 10 7 7 8 9 10
8 5 5 2 0 6 6 8 10 7 7 8 9 10
8 4 4 6 6 0 4 4 6 3 4 6 6 8
10 6 6 6 6 4 0 4 7 5 6 8 8 10
10 7 7 9 8 4 4 0 5 4 6 7 7 9
10 7 8 10 10 6 7 5 0 5 6 6 5 7
8 5 5 7 7 3 5 4 5 0 3 5 5 6
6 4 4 7 7 4 6 6 6 3 0 3 3 5
5 4 4 8 8 6 8 7 6 5 3 0 3 4
6 5 6 9 9 6 8 7 5 5 3 3 0 3
6 6 7 10 10 8 10 9 7 6 5 4 3 0
