12
30
17 40 49 40 27 17 1 9 53 31 25 48 22 43 36 28 30 6 5 31 51 56 53 54 37 49 21 25 15 10
35 42 54 51 23 24 57 24 26 2 21 45 46 50 26 49 37 15 48 41 28 31 36 46 41 48 33 39 42 27
56 58 11 37 13 16 4 7 37 49 17 28 31 38 52 26 56 50 57 60 19 58 28 53 53 53 28 7 33 41
56 34 51 60 54 6 58 27 60 27 18 19 45 29 32 53 55 15 9 46 43 28 54 7 59 14 23 6 54 9
40 32 31 39 34 10 39 27 53 6 17 56 21 28 49 37 27 7 33 22 43 2 20 8 6 25 53 6 51 53
30 52 18 43 48 35 34 8 57 34 4 7 2 7 8 55 47 11 14 14 26 3 22 35 4 58 50 47 56 38
12 10 25 7 19 56 6 33 31 15 25 60 26 54 46 4 20 15 29 31 57 26 2 6 45 42 37 1 44 7
28 8 26 29 47 39 38 32 2 34 46 21 8 60 60 19 16 45 54 16 14 56 54 52 12 45 5 22 44 2
33 35 57 16 13 46 57 39 24 22 25 27 59 30 11 26 19 40 31 53 15 14 45 36 18 20 3 29 6 45
18 59 22 43 16 47 13 54 2 54 27 9 3 46 13 34 6 48 5 3 10 4 46 49 42 32 36 39 51 35
30 25 26 31 11 42 1 18 59 29 20 29 7 47 25 11 50 42 59 14 1 31 31 24 48 37 28 53 47 48
51 50 12 10 2 17 24 12 48 7 29 17 50 44 36 34 24 37 32 50 25 34 59 24 54 35 1 18 59 23
0 3 5 6 5 5 5 7 7 8 6 7 5 4
3 0 4 5 4 4 4 7 7 8 7 8 5 4
5 4 0 3 3 3 4 6 8 8 9 10 7 6
6 5 3 0 3 4 4 5 8 9 9 10 8 7
5 4 3 3 0 2 3 4 7 7 8 9 8 7
5 4 3 4 2 0 2 4 6 7 7 8 8 6
5 4 4 4 3 2 0 4 5 6 7 8 8 7
7 7 6 5 4 4 4 0 4 6 8 9 10 9
7 7 8 8 7 6 5 4 0 3 6 7 10 9
8 8 8 9 7 7 6 6 3 0 5 6 10 10
6 7 9 9 8 7 7 8 6 5 0 3 8 8
7 8 10 10 9 8 8 9 7 6 3 0 9 8
5 5 7 8 8 8 8 10 10 10 8 9 0 3
4 4 6 7 7 6 7 9 9 10 8 8 3 0
