12
30
54 19 59 15 8 16 37 13 55 4 46 21 21 18 52 43 22 58 41 41 50 16 59 12 14 21 44 10 38 56
52 56 24 34 5 16 19 8 12 27 54 59 16 35 17 29 39 32 3 44 59 20 44 39 35 55 34 53 19 40
23 4 44 46 1 6 31 29 38 30 8 47 6 47 46 56 34 21 4 18 43 21 1 25 34 8 50 20 31 8
16 2 45 59 26 59 58 43 14 30 47 25 59 56 20 2 54 32 45 8 17 33 57 20 19 54 6 21 25 14
43 50 20 15 60 49 59 19 52 20 18 51 42 57 42 31 17 33 49 35 59 20 8 37 27 8 46 41 36 14
11 48 44 10 6 30 9 20 24 46 34 49 10 36 50 34 34 33 36 53 16 3 18 6 35 11 42 33 49 1
46 47 57 38 17 8 34 37 9 52 4 35 17 16 19 38 42 60 21 45 42 22 14 33 21 11 35 57 7 58
42 33 44 4 7 58 46 28 42 17 14 24 48 46 6 50 14 33 37 10 12 28 29 11 45 22 50 14 11 40
54 56 47 39 47 37 15 4 54 51 51 45 14 38 49 15 8 55 12 26 15 39 46 3 37 3 33 59 3 6
18 1 33 36 15 39 46 27 28 10 16 9 59 25 25 33 27 26 58 42 49 15 51 22 14 25 33 43 12 49
41 32 33 37 37 25 24 4 44 52 2 41 6 12 57 33 7 53 47 21 44 28 58 26 6 53 51 4 33 2
37 31 44 50 40 12 23 57 19 43 47 23 10 24 20 5 38 11 14 53 1 9 55 35 5 58 54 35 38 19
0 3 4 6 7 9 8 8 8 7 6 4 5 5
3 0 4 5 6 8 7 7 7 6 5 4 5 4
4 4 0 4 6 7 7 8 8 6 6 6 7 7
6 5 4 0 3 5 5 6 6 4 3 6 7 7
7 6 6 3 0 4 3 5 6 5 4 7 8 8
9 8 7 5 4 0 4 7 7 7 6 9 10 10
8 7 7 5 3 4 0 4 4 4 4 7 8 8
8 7 8 6 5 7 4 0 2 3 4 6 7 7
8 7 8 6 6 7 4 2 0 3 4 6 7 7
7 6 6 4 5 7 4 3 3 0 3 4 6 6
6 5 6 3 4 6 4 4 4 3 0 5 6 6
4 4 6 6 7 9 7 6 6 4 5 0 3 3
5 5 7 7 8 10 8 7 7 6 6 3 0 2
5 4 7 7 8 10 8 7 7 6 6 3 2 0
