12
10
16 8 40 2 43 51 58 14 58 35
42 35 6 12 17 40 15 29 44 58
7 59 51 52 43 59 37 33 8 15
6 59 29 19 16 47 43 44 49 8
43 31 8 43 40 24 8 2 2 33
27 53 5 22 28 13 15 26 30 10
22 26 56 41 13 35 37 8 48 2
4 44 22 13 14 59 55 39 45 38
33 18 27 6 23 11 56 33 19 13
30 44 19 28 34 46 31 15 5 46
33 21 52 60 16 1 56 26 48 32
41 1 27 30 47 14 56 22 7 59
0 3 4 6 7 9 8 8 8 7 7 3 3 2
3 0 5 7 9 10 10 10 9 8 9 5 4 3
4 5 0 4 6 8 8 8 8 7 9 4 5 4
6 7 4 0 4 6 7 7 7 7 9 5 6 6
7 9 6 4 0 4 5 6 6 6 8 6 7 7
9 10 8 6 4 0 3 4 5 6 8 7 8 9
8 10 8 7 5 3 0 2 3 4 6 6 7 8
8 10 8 7 6 4 2 0 2 3 5 6 7 8
8 9 8 7 6 5 3 2 0 3 5 6 6 8
7 8 7 7 6 6 4 3 3 0 3 5 5 6
7 9 9 9 8 8 6 5 5 3 0 6 6 7
3 5 4 5 6 7 6 6 6 5 6 0 2 3
3 4 5 6 7 8 7 7 6 5 6 2 0 3
2 3 4 6 7 9 8 8 8 6 7 3 3 0
