12
30
50 23 55 24 20 29 14 20 3 1 3 18 52 26 6 30 36 27 54 43 56 17 32 11 27 10 55 6 11 19
55 6 6 15 49 50 55 51 22 43 2 52 24 55 9 35 56 60 24 9 25 30 9 26 36 18 3 28 20 32
44 1 10 25 57 42 45 29 31 18 15 37 39 30 25 52 8 1 5 57 14 9 28 2 7 37 42 38 27 38
44 33 8 26 22 43 20 40 46 7 10 20 29 51 59 50 60 47 40 6 45 27 32 35 17 45 39 56 10 17
56 51 10 56 35 22 30 57 45 37 8 30 24 41 16 45 17 43 50 36 44 60 50 54 10 17 27 34 19 16
11 27 59 30 25 48 23 23 15 38 37 38 53 7 33 43 56 35 15 60 51 19 26 30 23 34 42 38 6 56
29 20 45 1 55 21 54 30 9 32 53 26 38 51 21 39 41 60 53 38 4 60 27 27 24 46 40 41 12 13
5 33 5 57 35 60 32 1 14 56 40 41 58 19 47 58 59 5 5 8 23 41 34 45 7 56 28 31 38 24
40 26 27 12 40 29 25 10 55 34 11 59 43 42 41 58 50 19 30 60 56 31 32 14 40 34 41 4 46 6
45 60 30 19 45 56 16 2 12 35 43 29 12 28 48 51 25 8 52 2 33 41 36 52 56 51 5 6 33 5
49 21 25 27 18 3 57 43 24 49 56 25 18 47 17 17 36 11 38 23 53 8 8 33 29 46 60 10 41 27
57 1 3 17 21 14 41 43 46 9 9 8 5 4 24 28 29 52 9 50 15 49 16 54 12 54 13 24 23 3
0 5 7 9 10 9 10 10 10 9 8 5 4 4
5 0 4 5 8 7 8 9 9 9 7 4 3 5
7 4 0 3 7 8 9 10 10 10 9 6 6 7
9 5 3 0 7 8 9 10 10 10 9 7 7 8
10 8 7 7 0 3 5 5 6 6 6 7 7 8
9 7 8 8 3 0 3 4 5 5 5 5 6 7
10 8 9 9 5 3 0 2 3 3 4 6 7 7
10 9 10 10 5 4 2 0 3 3 4 7 8 8
10 9 10 10 6 5 3 3 0 2 3 6 7 7
9 9 10 10 6 5 3 3 2 0 3 6 7 7
8 7 9 9 6 5 4 4 3 3 0 5 6 5
5 4 6 7 7 5 6 7 6 6 5 0 3 3
4 3 6 7 7 6 7 8 7 7 6 3 0 3
4 5 7 8 8 7 7 8 7 7 5 3 3 0
