12
20
4 29 38 35 1 41 45 26 43 25 23 53 41 22 42 36 37 54 52 1
12 45 60 58 2 26 19 40 6 46 44 31 43 40 52 23 54 10 18 10
20 5 29 60 48 5 1 37 3 16 9 12 5 43 5 16 54 54 47 34
29 37 13 34 53 21 38 52 32 38 45 46 18 58 45 33 53 49 26 54
59 25 31 37 37 43 3 39 4 13 5 60 60 40 29 37 22 18 22 17
19 8 9 26 44 38 7 5 31 46 22 13 38 7 37 15 24 42 16 39
35 14 20 5 16 9 30 44 50 21 22 50 28 42 1 9 12 37 39 16
39 39 1 29 42 33 40 12 8 53 49 46 52 41 22 18 36 52 32 54
26 41 40 9 52 22 51 4 8 19 55 41 15 47 51 60 49 60 30 3
3 32 12 5 20 60 53 23 37 20 17 15 40 44 38 23 37 43 41 19
37 15 57 23 54 43 50 30 17 30 18 51 6 56 33 1 44 52 40 43
57 32 32 45 55 15 16 15 13 20 16 2 56 45 48 60 30 20 27 37
0 4 6 7 5 4 4 7 8 7 5 5 4 3
4 0 4 5 4 5 6 9 10 9 7 8 6 4
6 4 0 3 3 6 7 9 10 10 9 10 8 7
7 5 3 0 3 6 7 8 9 10 8 10 9 8
5 4 3 3 0 5 6 8 8 9 8 9 8 6
4 5 6 6 5 0 2 5 6 6 4 6 6 5
4 6 7 7 6 2 0 5 6 5 3 5 6 5
7 9 9 8 8 5 5 0 3 4 4 7 9 9
8 10 10 9 8 6 6 3 0 5 6 8 10 10
7 9 10 10 9 6 5 4 5 0 3 5 8 8
5 7 9 8 8 4 3 4 6 3 0 4 6 6
5 8 10 10 9 6 5 7 8 5 4 0 5 6
4 6 8 9 8 6 6 9 10 8 6 5 0 3
3 4 7 8 6 5 5 9 10 8 6 6 3 0
