12
20
47 41 43 7 4 58 12 24 34 22 3 46 4 25 8 52 1 13 4 33
54 34 17 12 10 14 14 17 51 12 60 49 11 15 10 57 11 9 17 31
26 55 18 43 9 34 15 47 1 13 49 32 58 49 53 46 37 39 47 22
19 53 49 37 56 47 45 15 60 24 7 29 14 43 18 59 31 53 55 55
36 34 11 53 17 41 31 57 4 57 1 33 50 12 33 44 9 2 49 32
2 34 59 40 33 56 30 29 57 1 4 58 20 40 41 51 59 52 38 11
19 30 55 43 23 40 22 35 2 48 54 36 57 37 23 19 11 56 36 10
30 30 39 12 58 6 16 42 47 30 59 16 58 11 36 42 45 50 4 18
56 45 30 35 35 42 6 33 6 60 18 41 54 8 17 60 53 16 20 22
16 16 19 23 50 52 16 51 21 10 27 31 19 59 57 25 46 57 25 18
52 40 45 37 48 50 39 26 23 4 58 60 53 18 27 31 3 55 28 40
22 34 4 15 9 29 24 34 58 47 60 14 41 13 17 45 26 42 24 20
0 3 4 5 6 7 6 9 8 7 8 9 6 5
3 0 2 3 4 6 4 7 6 6 7 8 5 4
4 2 0 2 3 5 4 8 7 7 7 9 6 5
5 3 2 0 3 4 4 7 7 7 7 9 6 5
6 4 3 3 0 3 4 8 7 7 8 10 7 6
7 6 5 4 3 0 5 8 7 8 8 10 8 7
6 4 4 4 4 5 0 5 4 4 5 7 4 3
9 7 8 7 8 8 5 0 3 3 3 5 5 5
8 6 7 7 7 7 4 3 0 2 3 5 4 4
7 6 7 7 7 8 4 3 2 0 2 5 3 4
8 7 7 7 8 8 5 3 3 2 0 4 3 4
9 8 9 9 10 10 7 5 5 5 4 0 5 6
6 5 6 6 7 8 4 5 4 3 3 5 0 3
5 4 5 5 6 7 3 5 4 4 4 6 3 0
