12
20
18 25 1 35 49 15 13 52 33 3 29 52 60 60 47 49 47 57 40 21
8 46 42 9 50 24 24 44 58 29 46 1 14 48 30 55 43 36 40 19
14 25 42 2 31 6 1 12 23 15 7 35 49 12 54 40 21 33 19 24
5 46 55 26 48 27 13 9 21 12 39 30 17 33 34 21 33 54 49 44
18 13 60 56 46 53 51 22 5 11 18 21 26 32 35 7 5 54 59 5
32 5 8 18 36 47 15 15 42 28 23 25 42 19 16 24 48 21 43 60
12 46 51 47 9 43 56 31 24 30 20 10 23 47 51 43 26 15 17 28
31 19 26 57 34 26 57 31 52 1 6 50 42 15 2 39 7 39 49 2
37 54 48 42 56 6 14 13 26 16 52 48 32 47 24 7 59 56 2 15
18 5 58 19 48 16 7 47 27 7 55 23 28 17 21 58 5 13 5 27
57 45 43 20 27 32 7 35 54 47 12 26 40 51 24 60 20 41 10 14
27 16 33 49 6 2 31 18 58 9 54 57 9 20 2 45 55 28 53 13
0 4 5 7 9 7 10 10 8 8 7 6 3 3
4 0 2 5 8 7 10 10 8 10 9 8 5 4
5 2 0 4 8 6 10 10 8 10 9 8 6 4
7 5 4 0 5 5 8 9 8 9 10 9 7 6
9 8 8 5 0 5 6 7 7 9 10 10 9 8
7 7 6 5 5 0 5 5 4 6 7 7 6 5
10 10 10 8 6 5 0 3 4 5 8 8 9 8
10 10 10 9 7 5 3 0 4 4 8 8 8 8
8 8 8 8 7 4 4 4 0 3 6 5 6 6
8 10 10 9 9 6 5 4 3 0 5 5 6 7
7 9 9 10 10 7 8 8 6 5 0 3 5 6
6 8 8 9 10 7 8 8 5 5 3 0 4 5
3 5 6 7 9 6 9 8 6 6 5 4 0 3
3 4 4 6 8 5 8 8 6 7 6 5 3 0
