12
20
9 52 28 34 41 47 35 34 20 15 8 36 11 31 44 16 25 40 28 33
16 4 36 47 53 29 36 4 27 11 49 39 1 30 13 27 18 15 22 57
38 44 36 53 25 5 46 12 20 1 18 37 36 6 10 18 9 11 60 15
7 48 7 57 12 56 9 16 49 16 2 44 19 46 54 33 16 2 18 51
17 37 20 13 24 4 7 6 21 24 46 18 34 45 47 8 55 50 7 19
16 48 27 37 22 45 8 8 7 30 52 54 28 54 49 29 41 18 18 5
24 56 34 24 46 34 18 18 43 30 59 45 57 37 5 15 20 19 41 56
44 35 19 35 49 56 5 47 27 48 30 13 16 17 16 25 49 41 45 45
38 25 13 28 52 3 41 10 28 39 13 38 48 8 38 11 44 8 55 32
29 52 37 44 37 19 1 20 55 22 23 30 33 25 28 36 27 30 7 46
32 12 16 34 15 9 23 46 10 4 55 40 15 9 58 47 5 17 8 60
10 8 3 50 19 5 28 8 15 3 48 42 9 13 51 8 34 29 43 14
0 3 5 8 8 9 8 7 7 7 4 5 4 4
3 0 4 7 7 9 8 7 6 6 5 6 6 5
5 4 0 4 4 6 6 5 5 4 6 7 7 7
8 7 4 0 2 5 5 5 4 4 8 9 9 10
8 7 4 2 0 5 5 5 4 4 8 9 9 10
9 9 6 5 5 0 3 4 4 4 8 9 9 10
8 8 6 5 5 3 0 3 3 3 7 7 8 9
7 7 5 5 5 4 3 0 2 2 6 7 7 8
7 6 5 4 4 4 3 2 0 2 6 7 7 8
7 6 4 4 4 4 3 2 2 0 6 7 7 8
4 5 6 8 8 8 7 6 6 6 0 3 3 4
5 6 7 9 9 9 7 7 7 7 3 0 3 4
4 6 7 9 9 9 8 7 7 7 3 3 0 3
4 5 7 10 10 10 9 8 8 8 4 4 3 0
