12
20
25 37 3 23 26 2 35 28 25 53 14 29 52 45 33 10 32 32 5 15
12 2 31 22 17 37 22 31 4 56 59 19 20 10 44 52 28 56 13 8
56 52 18 30 39 44 26 29 24 45 20 31 38 37 49 30 17 38 17 17
53 56 16 47 26 14 20 33 3 12 1 50 51 50 24 44 56 27 2 30
43 16 13 24 7 15 11 26 20 27 49 33 2 32 20 13 4 20 52 32
4 18 52 23 32 8 27 60 8 56 39 25 45 42 37 30 11 60 22 22
27 55 34 36 29 32 21 11 25 3 44 11 33 22 60 6 34 41 6 57
6 8 46 21 25 58 53 1 26 33 31 1 33 1 34 48 21 26 11 20
18 2 49 1 27 54 12 46 43 20 34 52 21 24 5 5 13 12 10 59
38 21 45 44 54 14 15 42 28 3 41 33 4 1 1 9 4 52 37 18
35 37 35 6 22 54 32 30 5 17 35 24 50 26 32 33 17 23 3 60
45 48 21 54 11 8 54 53 5 13 54 19 17 30 47 49 6 24 58 15
0 4 4 5 7 6 9 9 8 8 6 8 7 5
4 0 2 3 5 4 6 7 6 6 4 7 7 4
4 2 0 2 5 4 7 7 7 7 5 8 8 5
5 3 2 0 4 3 6 7 6 6 5 8 8 6
7 5 5 4 0 4 6 7 7 7 7 10 10 8
6 4 4 3 4 0 4 5 5 5 5 8 8 6
9 6 7 6 6 4 0 3 4 4 6 8 9 8
9 7 7 7 7 5 3 0 4 4 6 8 9 8
8 6 7 6 7 5 4 4 0 2 4 5 7 6
8 6 7 6 7 5 4 4 2 0 4 5 7 6
6 4 5 5 7 5 6 6 4 4 0 4 5 3
8 7 8 8 10 8 8 8 5 5 4 0 3 5
7 7 8 8 10 8 9 9 7 7 5 3 0 4
5 4 5 6 8 6 8 8 6 6 3 5 4 0
