12
20
39 15 30 3 33 2 7 59 58 8 49 46 49 59 43 8 11 36 31 13
6 16 23 52 41 12 29 38 43 57 53 3 13 33 59 24 6 43 10 1
29 40 16 37 35 9 1 43 8 23 14 45 36 4 34 30 47 24 55 38
7 60 11 13 14 56 2 2 6 21 23 55 29 34 43 1 18 50 12 2
46 37 20 19 31 13 17 32 28 39 30 14 60 51 51 36 2 57 3 42
37 48 60 31 15 17 14 3 37 10 20 37 23 1 7 57 36 6 2 31
19 42 57 17 22 15 7 34 40 59 28 51 16 48 48 31 10 45 22 29
35 38 6 60 36 34 24 32 4 53 8 56 43 55 32 54 44 11 54 19
2 53 44 53 13 13 5 14 46 21 28 51 6 8 17 27 30 14 31 52
15 50 58 54 50 47 11 16 48 28 29 40 36 26 23 50 22 46 36 54
3 38 24 34 33 36 5 27 54 6 12 38 56 60 7 16 14 5 47 54
19 8 3 5 10 19 44 18 14 2 25 20 2 33 15 46 27 30 10 27
0 4 6 7 7 7 8 8 8 7 5 5 5 6
4 0 4 5 6 6 8 8 9 7 6 6 7 8
6 4 0 3 3 4 7 8 9 7 6 6 7 10
7 5 3 0 2 3 6 7 8 6 6 6 7 10
7 6 3 2 0 2 6 7 8 6 5 6 7 10
7 6 4 3 2 0 5 6 7 5 5 5 6 10
8 8 7 6 6 5 0 3 4 3 4 4 5 9
8 8 8 7 7 6 3 0 3 3 4 4 4 8
8 9 9 8 8 7 4 3 0 3 5 4 4 7
7 7 7 6 6 5 3 3 3 0 3 3 4 8
5 6 6 6 5 5 4 4 5 3 0 2 3 7
5 6 6 6 6 5 4 4 4 3 2 0 2 6
5 7 7 7 7 6 5 4 4 4 3 2 0 6
6 8 10 10 10 10 9 8 7 8 7 6 6 0
