12
10
47 57 59 45 3 36 14 6 10 4
50 39 10 4 32 19 1 17 52 57
34 18 8 18 33 42 9 56 41 21
19 50 50 1 28 17 46 32 37 35
36 34 20 23 45 10 25 57 12 60
57 54 10 18 25 35 29 51 40 29
55 43 24 8 51 4 43 2 26 55
28 56 34 55 1 29 50 1 51 21
6 40 7 14 58 27 25 31 38 43
34 46 45 4 45 51 19 25 38 4
60 15 7 26 3 31 12 18 11 44
12 42 45 15 37 9 58 32 38 9
0 3 5 7 5 4 4 6 4 6 4 6 6 3
3 0 3 5 5 4 5 7 5 7 5 7 6 4
5 3 0 3 5 5 6 8 7 9 7 8 8 6
7 5 3 0 5 6 7 8 9 10 9 10 10 8
5 5 5 5 0 3 4 5 7 9 8 10 10 7
4 4 5 6 3 0 2 4 5 7 6 8 9 5
4 5 6 7 4 2 0 3 5 6 6 8 9 6
6 7 8 8 5 4 3 0 5 6 7 9 10 7
4 5 7 9 7 5 5 5 0 3 3 5 6 3
6 7 9 10 9 7 6 6 3 0 3 5 7 5
4 5 7 9 8 6 6 7 3 3 0 3 5 3
6 7 8 10 10 8 8 9 5 5 3 0 4 4
6 6 8 10 10 9 9 10 6 7 5 4 0 5
3 4 6 8 7 5 6 7 3 5 3 4 5 0
