12
20
41 20 49 59 30 30 26 47 1 16 57 54 28 56 43 6 54 3 15 55
47 56 58 53 36 20 53 25 7 4 52 36 27 35 15 7 19 48 22 48
32 2 60 49 36 23 20 2 25 47 2 13 30 27 46 32 1 25 50 1
5 57 52 23 57 2 55 16 17 1 17 46 60 43 22 53 5 38 16 58
47 9 43 2 15 18 19 10 29 41 31 27 11 17 22 5 39 45 2 22
59 34 8 38 32 20 27 40 47 36 8 5 44 38 42 54 24 5 24 15
25 23 24 46 28 33 7 14 40 50 29 30 29 13 12 23 57 10 14 51
41 50 51 15 7 55 39 27 36 15 11 15 48 44 35 1 21 57 51 15
11 35 32 3 56 12 45 47 19 26 39 44 42 40 9 27 12 57 52 18
54 58 41 13 60 22 11 38 37 33 50 35 42 29 17 26 40 50 49 60
12 31 12 34 46 59 58 10 57 27 25 29 54 26 1 20 10 29 59 54
49 59 47 42 45 34 14 22 51 39 31 49 30 4 23 39 18 15 20 21
0 5 6 6 6 8 9 10 8 6 7 7 5 5
5 0 2 3 4 5 5 8 5 4 6 7 6 6
6 2 0 3 4 4 5 8 5 5 6 8 7 7
6 3 3 0 3 3 6 9 6 6 7 9 7 8
6 4 4 3 0 4 7 10 7 7 8 10 8 8
8 5 4 3 4 0 6 9 7 7 8 10 9 9
9 5 5 6 7 6 0 5 4 5 6 9 8 8
10 8 8 9 10 9 5 0 4 6 5 8 8 8
8 5 5 6 7 7 4 4 0 3 4 7 6 7
6 4 5 6 7 7 5 6 3 0 3 5 4 5
7 6 6 7 8 8 6 5 4 3 0 5 5 5
7 7 8 9 10 10 9 8 7 5 5 0 3 3
5 6 7 7 8 9 8 8 6 4 5 3 0 2
5 6 7 8 8 9 8 8 7 5 5 3 2 0
