12
10
52 51 3 50 54 7 59 28 43 8
44 12 18 20 50 31 34 46 33 21
23 42 18 5 20 52 12 57 55 19
41 36 59 46 14 17 54 16 25 17
24 47 2 39 23 4 41 33 16 57
48 45 54 19 56 56 39 11 42 5
8 10 42 32 16 49 18 15 18 53
39 46 12 28 24 29 9 56 35 22
54 12 23 22 50 13 28 45 53 15
57 4 11 32 31 6 48 41 8 57
30 4 35 25 1 21 25 49 55 6
38 13 3 9 28 15 4 45 5 40
0 5 5 7 5 8 9 9 7 7 7 4 5 3
5 0 2 4 4 6 7 8 7 8 8 6 8 6
5 2 0 4 4 6 7 7 7 8 8 7 8 7
7 4 4 0 5 5 6 6 8 8 9 8 10 9
5 4 4 5 0 4 5 5 5 5 6 5 8 7
8 6 6 5 4 0 3 3 5 5 7 7 10 8
9 7 7 6 5 3 0 2 5 6 7 8 10 10
9 8 7 6 5 3 2 0 5 5 7 8 10 10
7 7 7 8 5 5 5 5 0 2 4 6 8 7
7 8 8 8 5 5 6 5 2 0 3 6 8 7
7 8 8 9 6 7 7 7 4 3 0 5 6 6
4 6 7 8 5 7 8 8 6 6 5 0 4 3
5 8 8 10 8 10 10 10 8 8 6 4 0 3
3 6 7 9 7 8 10 10 7 7 6 3 3 0
