12
10
22 43 17 24 55 47 40 4 41 7
9 19 8 11 40 52 12 13 16 29
23 27 31 3 34 49 19 14 11 43
8 52 54 6 33 20 15 44 59 20
4 13 30 13 9 25 1 44 51 42
37 32 19 8 45 56 16 49 14 33
21 17 38 16 1 15 56 34 27 5
6 4 43 57 47 3 20 48 41 26
19 42 44 13 36 44 39 6 25 7
49 8 29 24 16 57 57 23 23 27
6 26 39 27 51 6 1 42 36 17
18 17 11 6 26 48 2 5 10 32
0 4 5 8 9 10 8 7 6 8 7 3 3 3
4 0 4 7 9 10 8 7 7 9 9 5 6 6
5 4 0 5 7 8 6 5 5 8 8 4 6 6
8 7 5 0 4 5 4 3 6 7 9 7 9 9
9 9 7 4 0 3 3 4 6 6 8 8 10 10
10 10 8 5 3 0 3 5 5 5 7 8 10 10
8 8 6 4 3 3 0 3 4 5 7 7 9 9
7 7 5 3 4 5 3 0 4 5 7 6 8 8
6 7 5 6 6 5 4 4 0 4 5 4 6 7
8 9 8 7 6 5 5 5 4 0 4 6 8 8
7 9 8 9 8 7 7 7 5 4 0 6 7 7
3 5 4 7 8 8 7 6 4 6 6 0 4 4
3 6 6 9 10 10 9 8 6 8 7 4 0 2
3 6 6 9 10 10 9 8 7 8 7 4 2 0
