12
30
59 18 51 52 4 30 32 15 7 49 48 31 10 39 7 14 19 25 47 22 22 21 17 35 32 57 48 5 40 24
39 18 55 47 58 32 56 47 42 51 51 35 49 10 7 47 45 16 29 43 8 25 33 7 46 32 50 26 55 11
49 59 7 44 4 55 33 37 4 54 58 58 14 29 23 43 12 16 46 17 59 37 56 41 42 37 25 36 3 4
2 48 38 13 41 58 40 43 41 53 36 5 10 18 37 16 36 14 47 39 10 54 52 33 8 20 22 43 57 24
4 59 7 4 4 17 13 10 20 46 21 59 52 59 29 30 56 38 20 40 50 10 18 40 15 39 48 57 48 7
60 17 27 3 37 35 6 56 37 34 46 19 2 50 17 20 45 53 42 37 2 31 20 53 43 42 7 37 28 40
52 54 38 1 39 26 4 52 54 14 18 34 50 17 17 9 56 39 17 18 8 9 24 28 34 7 6 24 47 22
11 47 3 25 33 26 49 3 13 28 60 15 59 1 25 51 27 11 16 47 8 30 5 19 29 6 3 33 16 53
41 26 26 26 23 4 57 54 9 50 27 55 18 29 28 6 30 8 35 48 29 58 31 30 60 42 25 54 9 11
48 8 24 35 8 20 51 38 7 21 51 47 56 17 23 54 12 44 20 47 55 16 11 24 15 22 39 58 5 27
43 8 16 48 16 21 35 43 40 54 2 27 55 55 25 37 52 41 32 47 24 52 6 22 31 10 50 18 55 11
31 51 29 23 16 36 49 15 25 28 40 37 26 33 12 38 47 53 57 19 58 45 24 15 20 52 13 57 56 14
0 2 2 7 9 8 6 7 8 9 7 7 5 3
2 0 2 7 9 8 6 7 9 10 7 7 5 4
2 2 0 6 8 7 5 7 8 9 6 6 5 4
7 7 6 0 4 4 4 5 8 9 8 9 9 8
9 9 8 4 0 3 5 5 8 9 9 10 10 10
8 8 7 4 3 0 3 4 6 7 7 8 9 9
6 6 5 4 5 3 0 3 6 7 6 7 7 7
7 7 7 5 5 4 3 0 4 5 5 7 7 8
8 9 8 8 8 6 6 4 0 3 4 5 7 9
9 10 9 9 9 7 7 5 3 0 5 6 8 10
7 7 6 8 9 7 6 5 4 5 0 3 5 7
7 7 6 9 10 8 7 7 5 6 3 0 4 6
5 5 5 9 10 9 7 7 7 8 5 4 0 4
3 4 4 8 10 9 7 8 9 10 7 6 4 0
