12
20
9 49 12 53 7 13 25 10 43 6 24 32 6 4 39 35 2 27 51 50
57 18 15 36 13 46 59 48 47 16 1 28 17 11 37 14 16 55 41 38
35 10 57 26 23 10 27 45 16 22 17 53 58 47 51 60 48 52 40 56
48 34 48 35 28 12 57 33 11 37 47 14 41 18 41 54 45 2 60 27
38 28 14 45 14 44 15 1 39 1 34 9 15 37 3 44 9 27 6 41
41 28 41 27 14 38 57 31 44 32 47 15 40 14 39 57 17 45 7 55
31 55 46 8 56 32 26 44 31 2 20 43 48 58 15 36 58 12 1 23
40 43 4 51 51 10 37 59 20 3 50 21 54 37 50 7 48 36 30 45
24 38 26 55 7 34 15 20 46 51 41 5 29 49 45 21 28 30 16 39
48 16 17 49 26 5 16 33 33 28 35 20 32 40 16 15 50 17 10 45
41 14 46 13 8 32 53 48 36 42 1 25 32 46 23 22 27 14 27 28
24 30 57 25 43 3 43 59 41 12 9 10 53 59 52 18 33 31 34 42
0 4 5 4 6 6 7 10 8 8 7 6 5 5
4 0 4 4 6 7 7 10 9 9 9 7 7 7
5 4 0 3 4 4 4 8 7 7 7 5 6 6
4 4 3 0 4 4 5 8 6 6 6 4 5 5
6 6 4 4 0 2 3 6 5 5 5 3 5 6
6 7 4 4 2 0 3 5 5 5 5 3 5 7
7 7 4 5 3 3 0 5 7 7 7 5 7 8
10 10 8 8 6 5 5 0 6 6 6 6 8 10
8 9 7 6 5 5 7 6 0 2 2 4 5 6
8 9 7 6 5 5 7 6 2 0 2 4 4 6
7 9 7 6 5 5 7 6 2 2 0 3 4 6
6 7 5 4 3 3 5 6 4 4 3 0 3 5
5 7 6 5 5 5 7 8 5 4 4 3 0 4
5 7 6 5 6 7 8 10 6 6 6 5 4 0
