12
20
43 57 39 48 33 35 9 44 60 48 39 37 7 35 46 8 6 30 28 43
32 17 39 40 53 11 53 52 57 60 54 4 21 45 42 32 27 16 3 59
54 32 8 56 39 30 54 60 6 12 7 40 21 51 28 14 5 31 43 22
57 29 58 43 49 3 14 37 9 40 14 56 14 26 21 36 51 19 51 37
39 13 35 23 9 54 37 22 15 9 35 25 52 2 20 41 35 5 14 28
60 14 35 1 54 12 37 17 19 12 40 15 57 49 38 21 52 34 47 20
40 49 16 31 6 3 35 49 5 45 49 23 37 37 46 34 47 4 38 41
4 19 59 46 13 11 58 47 30 42 49 8 59 42 8 31 21 33 9 32
57 22 47 44 34 13 20 51 59 32 18 36 56 14 20 33 51 21 10 37
39 31 32 51 45 51 46 24 18 11 55 40 48 52 8 28 41 13 15 51
45 13 12 60 40 9 16 3 28 34 55 2 15 7 24 23 13 47 32 42
54 51 41 46 51 48 18 12 46 10 51 42 19 60 42 6 6 10 20 38
0 4 7 7 8 9 6 7 6 6 8 6 6 6
4 0 7 7 9 10 7 8 8 9 10 8 8 8
7 7 0 2 4 5 5 6 7 8 9 10 9 8
7 7 2 0 4 5 5 6 7 9 10 10 9 9
8 9 4 4 0 3 5 6 7 9 10 10 10 9
9 10 5 5 3 0 5 6 7 9 9 10 9 9
6 7 5 5 5 5 0 3 4 5 6 7 6 5
7 8 6 6 6 6 3 0 3 4 5 6 5 5
6 8 7 7 7 7 4 3 0 3 4 5 4 3
6 9 8 9 9 9 5 4 3 0 3 3 3 2
8 10 9 10 10 9 6 5 4 3 0 4 4 3
6 8 10 10 10 10 7 6 5 3 4 0 2 3
6 8 9 9 10 9 6 5 4 3 4 2 0 2
6 8 8 9 9 9 5 5 3 2 3 3 2 0
