12
10
8 36 14 34 32 49 13 9 60 8
12 59 46 31 21 9 44 23 8 3
22 13 21 46 57 45 10 40 26 37
10 50 4 6 17 57 17 19 9 23
48 56 24 50 4 8 20 40 13 3
19 59 59 12 53 56 59 52 37 58
15 38 25 32 41 44 41 40 42 55
55 34 39 5 10 3 34 53 51 37
53 30 51 13 1 9 32 19 34 29
55 33 59 41 49 58 25 51 52 55
45 41 40 55 32 56 31 1 30 9
53 39 23 44 4 19 2 22 9 4
0 6 7 7 7 6 7 9 10 10 9 6 4 2
6 0 3 3 3 4 4 6 8 8 8 7 7 6
7 3 0 3 3 5 5 7 9 9 10 8 8 7
7 3 3 0 2 4 4 6 7 8 8 8 8 7
7 3 3 2 0 4 4 6 7 8 8 7 8 7
6 4 5 4 4 0 2 5 6 6 6 5 7 6
7 4 5 4 4 2 0 4 5 5 6 5 7 7
9 6 7 6 6 5 4 0 3 3 5 6 9 9
10 8 9 7 7 6 5 3 0 3 5 7 10 10
10 8 9 8 8 6 5 3 3 0 3 6 9 10
9 8 10 8 8 6 6 5 5 3 0 5 8 9
6 7 8 8 7 5 5 6 7 6 5 0 5 6
4 7 8 8 8 7 7 9 10 9 8 5 0 4
2 6 7 7 7 6 7 9 10 10 9 6 4 0
