12
10
29 40 10 24 3 10 37 17 17 17
57 55 52 36 13 50 53 8 57 14
11 60 51 55 35 60 53 58 19 38
57 20 55 31 43 9 50 6 3 2
6 41 9 20 43 43 35 19 55 43
48 40 7 11 59 30 7 50 59 18
41 36 27 45 56 14 19 52 52 43
51 33 43 26 39 23 58 15 42 36
47 7 2 3 1 25 28 36 8 5
45 60 37 37 19 39 34 21 10 22
3 33 2 10 55 3 28 29 23 31
29 18 54 41 60 7 35 24 59 17
0 5 3 4 4 7 5 5 6 7 8 6 4 5
5 0 4 5 5 6 7 7 8 9 10 9 7 8
3 4 0 3 3 6 5 5 6 7 8 7 6 7
4 5 3 0 2 5 3 3 5 6 6 6 5 7
4 5 3 2 0 5 4 4 6 6 7 7 6 7
7 6 6 5 5 0 5 6 7 7 8 9 9 10
5 7 5 3 4 5 0 3 4 4 5 5 6 8
5 7 5 3 4 6 3 0 3 4 5 5 5 7
6 8 6 5 6 7 4 3 0 3 3 3 5 7
7 9 7 6 6 7 4 4 3 0 2 4 6 9
8 10 8 6 7 8 5 5 3 2 0 4 6 8
6 9 7 6 7 9 5 5 3 4 4 0 4 6
4 7 6 5 6 9 6 5 5 6 6 4 0 4
5 8 7 7 7 10 8 7 7 9 8 6 4 0
