12
20
47 22 52 48 45 42 32 19 35 19 55 23 26 55 54 24 55 46 10 8
10 5 23 32 11 6 39 23 4 47 5 57 10 56 52 15 19 4 11 8
29 12 22 39 19 18 45 19 8 40 47 41 19 31 54 26 27 59 5 13
48 22 12 27 56 29 51 16 1 54 30 46 43 17 44 26 28 7 10 25
32 12 9 21 54 32 44 58 10 5 59 50 34 25 29 39 56 44 17 31
24 27 55 48 1 55 59 10 58 41 53 20 8 5 18 1 23 50 20 24
25 4 6 15 57 50 19 13 37 52 36 7 36 25 36 47 33 9 22 1
47 26 16 40 40 27 42 15 56 8 30 15 48 30 4 27 38 58 32 51
57 47 14 13 33 34 10 32 31 34 14 15 14 15 59 9 2 33 27 23
42 27 35 35 56 47 46 18 8 14 21 5 54 54 37 22 24 32 20 42
2 39 13 34 26 39 34 22 26 20 51 8 34 54 31 40 53 22 17 34
56 51 56 44 15 2 50 38 45 32 44 15 35 19 48 60 55 36 50 44
0 2 3 6 5 4 5 5 7 7 6 3 5 2
2 0 2 5 5 3 4 4 7 6 5 3 6 3
3 2 0 5 5 3 3 3 6 5 5 3 6 3
6 5 5 0 2 4 4 5 7 7 8 7 8 6
5 5 5 2 0 3 3 4 7 6 7 6 8 5
4 3 3 4 3 0 2 3 6 5 6 5 7 5
5 4 3 4 3 2 0 2 5 4 5 5 8 5
5 4 3 5 4 3 2 0 4 4 5 5 8 5
7 7 6 7 7 6 5 4 0 3 5 7 10 8
7 6 5 7 6 5 4 4 3 0 4 6 10 7
6 5 5 8 7 6 5 5 5 4 0 4 8 6
3 3 3 7 6 5 5 5 7 6 4 0 6 4
5 6 6 8 8 7 8 8 10 10 8 6 0 4
2 3 3 6 5 5 5 5 8 7 6 4 4 0
