12
30
6 25 24 22 14 42 45 35 30 52 6 49 52 59 52 20 46 1 44 51 48 49 40 41 57 42 44 48 3 44
15 9 31 52 33 52 51 3 52 4 15 1 44 9 21 52 51 57 19 17 29 45 1 42 12 15 50 50 7 43
32 29 29 19 15 27 49 52 41 8 60 39 12 54 27 24 54 26 54 34 55 23 7 28 57 55 12 33 27 42
49 6 3 15 14 45 34 44 23 6 14 12 20 5 13 23 43 15 5 24 33 48 38 25 12 14 22 4 34 35
40 2 24 33 1 50 52 7 6 1 46 36 51 21 38 7 36 53 3 37 3 38 55 53 27 49 16 7 54 46
19 2 45 26 17 52 42 31 14 2 20 49 6 40 27 28 26 19 34 52 1 31 15 44 41 57 6 33 6 37
24 26 9 49 7 49 28 24 29 5 50 32 37 10 45 29 32 50 7 6 18 25 3 41 2 34 27 14 14 52
12 29 33 47 7 45 44 16 42 57 48 39 52 57 8 30 43 37 23 22 56 7 59 48 40 10 20 56 8 53
45 50 43 6 33 34 24 49 56 15 10 47 59 30 26 21 55 8 31 16 27 31 40 56 43 54 8 2 47 16
23 25 46 33 43 35 42 38 54 55 49 22 10 20 10 17 28 57 20 26 56 60 12 57 34 3 11 32 8 22
1 4 1 57 52 32 48 46 30 48 59 30 21 4 22 18 56 57 35 49 21 42 42 53 43 47 8 53 33 21
11 59 19 38 36 37 54 5 26 42 38 23 60 28 43 52 30 20 58 44 31 14 57 3 4 36 10 26 35 43
0 2 4 5 8 9 9 9 10 10 8 8 5 4
2 0 4 6 8 9 9 9 10 10 8 9 5 5
4 4 0 4 6 7 7 7 8 7 6 6 4 3
5 6 4 0 4 5 5 5 6 6 4 7 6 5
8 8 6 4 0 3 2 3 4 5 4 8 9 7
9 9 7 5 3 0 3 3 5 6 6 9 10 8
9 9 7 5 2 3 0 2 4 4 4 8 9 8
9 9 7 5 3 3 2 0 3 4 4 8 9 8
10 10 8 6 4 5 4 3 0 3 4 8 10 9
10 10 7 6 5 6 4 4 3 0 3 7 9 8
8 8 6 4 4 6 4 4 4 3 0 5 7 6
8 9 6 7 8 9 8 8 8 7 5 0 5 5
5 5 4 6 9 10 9 9 10 9 7 5 0 3
4 5 3 5 7 8 8 8 9 8 6 5 3 0
