12
30
56 38 11 34 37 8 28 26 5 36 3 5 42 52 23 12 26 21 49 1 20 58 37 39 10 36 35 6 51 26
54 43 41 33 28 24 22 18 45 23 23 24 54 7 44 15 41 8 26 12 46 51 18 17 15 15 23 33 53 44
36 5 33 57 21 22 42 24 21 9 2 58 53 3 41 58 34 3 35 24 42 43 11 52 13 54 48 53 5 56
17 43 5 24 16 29 49 3 2 19 55 22 50 52 9 12 19 46 30 10 25 55 24 14 50 14 55 49 40 40
11 58 17 37 18 5 28 28 13 29 50 42 44 39 20 37 3 39 53 57 45 2 5 41 1 39 14 9 53 9
50 16 58 58 36 25 15 38 45 17 19 20 34 26 40 37 31 20 57 57 42 25 16 49 19 57 49 42 19 15
25 11 34 3 47 6 27 41 7 53 6 57 7 40 30 56 17 19 45 45 33 53 27 30 4 56 22 15 56 35
32 30 58 52 25 11 14 27 6 14 42 5 44 23 30 48 14 11 43 8 3 23 34 8 57 11 4 57 21 51
4 15 58 37 32 23 37 23 35 48 7 49 19 29 34 28 26 15 22 7 23 15 47 9 57 14 57 33 55 15
26 5 41 14 44 24 49 40 38 56 3 42 3 34 54 22 47 17 12 56 26 51 56 13 14 59 5 27 56 5
3 56 5 39 16 28 38 9 56 11 7 4 51 30 51 48 20 53 25 42 4 34 36 41 58 40 58 5 6 1
55 22 43 49 19 37 31 27 50 54 15 44 60 7 37 20 14 57 5 51 49 30 21 56 37 12 29 44 57 54
0 3 3 4 6 6 4 5 5 5 6 4 3 5
3 0 3 3 6 6 3 4 4 5 6 4 4 6
3 3 0 2 5 4 3 3 6 6 7 6 5 7
4 3 2 0 4 4 3 4 6 6 8 6 5 7
6 6 5 4 0 2 5 6 9 9 10 9 8 8
6 6 4 4 2 0 5 5 9 9 10 8 8 8
4 3 3 3 5 5 0 2 5 6 8 6 6 8
5 4 3 4 6 5 2 0 5 6 8 6 6 9
5 4 6 6 9 9 5 5 0 2 4 3 4 8
5 5 6 6 9 9 6 6 2 0 4 3 4 8
6 6 7 8 10 10 8 8 4 4 0 3 4 7
4 4 6 6 9 8 6 6 3 3 3 0 2 6
3 4 5 5 8 8 6 6 4 4 4 2 0 6
5 6 7 7 8 8 8 9 8 8 7 6 6 0
