12
20
36 27 22 39 31 9 15 2 55 3 5 24 4 44 16 46 46 27 18 5
20 24 45 46 58 13 19 29 36 16 8 1 6 60 11 18 26 8 32 1
33 54 31 13 40 55 58 38 15 21 27 8 27 37 5 22 14 13 9 48
27 22 6 2 39 32 54 25 54 26 43 32 23 45 33 29 47 37 60 13
42 33 14 27 46 45 31 50 34 47 35 31 37 55 40 4 52 48 32 18
52 22 7 42 45 40 35 56 37 39 3 5 25 29 50 6 3 30 45 52
36 25 51 21 9 30 42 1 30 46 46 23 33 10 2 22 8 1 26 39
26 15 30 33 53 9 14 46 20 16 42 28 36 7 42 45 11 22 16 23
39 58 44 47 29 13 52 57 48 31 60 5 33 2 18 1 60 10 9 16
12 59 41 26 14 28 16 59 13 8 23 15 35 42 40 40 60 39 48 56
52 27 21 44 56 38 17 24 38 45 44 56 44 49 38 42 52 9 8 30
33 37 17 5 20 45 20 4 14 60 55 44 53 18 29 9 29 56 6 12
0 4 6 6 7 8 9 6 5 3 3 3 2 2
4 0 4 4 5 6 8 5 3 3 5 4 4 4
6 4 0 2 4 6 8 6 4 5 7 6 6 6
6 4 2 0 4 6 7 6 4 5 7 7 6 6
7 5 4 4 0 3 5 4 4 5 8 8 8 8
8 6 6 6 3 0 3 3 5 6 9 9 8 8
9 8 8 7 5 3 0 5 6 7 10 10 10 10
6 5 6 6 4 3 5 0 3 4 7 8 7 7
5 3 4 4 4 5 6 3 0 3 6 6 5 5
3 3 5 5 5 6 7 4 3 0 5 5 4 4
3 5 7 7 8 9 10 7 6 5 0 4 3 3
3 4 6 7 8 9 10 8 6 5 4 0 2 2
2 4 6 6 8 8 10 7 5 4 3 2 0 2
2 4 6 6 8 8 10 7 5 4 3 2 2 0
