12
20
36 35 51 25 26 23 37 23 32 44 15 22 50 12 55 34 14 54 54 18
42 59 52 2 25 31 47 16 26 60 19 15 16 4 1 48 21 14 26 35
37 34 16 19 22 29 59 14 11 49 4 3 47 7 16 24 39 14 42 29
25 47 2 18 47 2 7 39 20 8 15 59 1 46 1 13 10 9 22 20
4 56 13 43 18 20 6 4 51 39 44 5 8 1 10 37 1 28 45 17
21 8 11 44 10 39 49 44 30 45 39 32 13 58 35 57 27 36 25 39
52 45 59 10 14 45 22 48 43 16 54 16 56 58 46 45 47 8 20 55
47 50 7 13 8 59 38 3 44 19 2 56 25 12 59 45 6 52 6 32
50 5 39 16 33 44 55 40 45 1 9 46 60 35 54 35 20 48 27 56
56 46 7 16 11 48 53 29 54 5 57 7 31 19 21 44 35 46 52 41
8 47 33 12 29 1 47 15 43 8 13 33 23 49 19 11 4 37 20 22
35 20 28 58 52 46 55 59 36 5 41 58 11 22 4 60 53 60 28 41
0 3 4 5 6 7 7 9 9 9 9 4 4 3
3 0 2 3 4 5 5 8 8 8 8 4 5 5
4 2 0 3 3 4 5 7 8 8 8 4 6 6
5 3 3 0 2 5 5 7 8 9 9 5 7 7
6 4 3 2 0 4 5 6 8 9 9 5 7 7
7 5 4 5 4 0 2 4 5 6 6 4 7 8
7 5 5 5 5 2 0 5 4 5 5 4 6 8
9 8 7 7 6 4 5 0 5 6 7 7 9 10
9 8 8 8 8 5 4 5 0 3 4 6 8 9
9 8 8 9 9 6 5 6 3 0 3 6 8 9
9 8 8 9 9 6 5 7 4 3 0 6 7 9
4 4 4 5 5 4 4 7 6 6 6 0 4 5
4 5 6 7 7 7 6 9 8 8 7 4 0 3
3 5 6 7 7 8 8 10 9 9 9 5 3 0
