12
20
38 28 26 35 47 38 2 52 47 29 40 46 3 54 37 24 46 38 48 12
1 46 22 3 33 42 27 26 50 53 22 53 8 53 56 55 43 47 21 25
16 37 12 54 39 26 18 14 16 6 17 45 28 18 58 53 4 3 48 7
43 47 26 41 52 38 48 49 31 18 60 7 16 37 59 15 10 49 19 19
24 22 60 44 31 60 52 24 5 36 52 20 14 27 4 35 39 22 38 57
23 53 48 41 6 45 39 18 37 27 17 19 27 12 23 8 36 28 4 41
8 14 32 41 59 7 45 58 23 18 46 56 54 24 30 18 27 43 8 17
39 35 5 13 14 17 55 5 32 39 33 17 44 39 11 40 2 1 39 20
49 10 17 58 8 42 30 39 3 52 4 49 49 36 32 29 28 40 23 19
41 1 3 43 30 18 48 7 6 36 3 22 59 42 16 8 11 60 24 12
33 23 53 24 18 59 30 33 46 44 23 11 30 38 23 36 47 39 45 27
2 58 3 10 52 41 44 2 26 19 58 50 48 53 19 31 27 28 3 25
0 3 6 7 7 9 7 7 7 4 3 4 3 3
3 0 4 5 5 8 6 7 7 4 4 5 5 4
6 4 0 3 4 8 7 8 10 6 6 8 7 6
7 5 3 0 4 8 8 9 10 8 8 9 9 7
7 5 4 4 0 6 6 7 9 7 7 9 9 8
9 8 8 8 6 0 3 4 7 7 7 9 10 10
7 6 7 8 6 3 0 2 5 5 6 7 8 8
7 7 8 9 7 4 2 0 5 5 5 7 8 8
7 7 10 10 9 7 5 5 0 5 5 5 6 8
4 4 6 8 7 7 5 5 5 0 2 4 4 5
3 4 6 8 7 7 6 5 5 2 0 3 4 4
4 5 8 9 9 9 7 7 5 4 3 0 3 4
3 5 7 9 9 10 8 8 6 4 4 3 0 3
3 4 6 7 8 10 8 8 8 5 4 4 3 0
