12
30
12 13 16 31 19 20 20 21 37 40 30 40 6 17 17 58 32 11 23 45 9 52 41 35 40 7 40 36 53 5
9 14 4 22 2 36 21 5 26 34 23 30 45 19 44 37 59 2 55 40 54 59 58 24 18 2 9 48 48 59
53 11 57 52 21 19 11 50 46 12 53 1 23 22 41 46 40 26 49 58 9 30 31 13 56 26 4 15 24 50
34 46 28 12 41 37 19 44 2 22 58 55 36 14 36 18 15 24 1 59 13 57 40 41 23 28 16 38 28 44
30 45 38 33 32 26 40 51 10 41 57 4 44 48 53 19 23 7 36 44 49 59 29 23 14 52 26 59 3 47
51 33 53 56 36 4 56 12 39 32 26 7 15 40 29 34 47 27 19 3 30 36 32 17 37 21 49 12 10 38
12 23 54 51 49 36 53 7 7 31 14 26 7 53 45 33 37 42 52 49 29 31 12 53 14 22 11 26 22 33
13 7 35 12 30 36 40 30 5 46 55 42 39 2 13 28 17 40 13 57 4 7 4 45 57 29 18 52 2 11
49 31 19 24 14 51 45 15 25 4 49 30 7 42 43 46 60 24 28 33 34 38 18 8 24 37 56 15 12 36
14 50 21 27 56 30 38 49 43 18 12 12 43 28 21 25 36 37 57 27 30 42 47 60 25 59 4 16 30 45
39 4 13 15 51 43 14 36 24 21 18 7 42 51 47 17 60 10 24 5 8 60 49 46 13 30 32 15 21 36
31 1 9 36 57 50 40 46 46 1 58 59 43 27 12 18 46 5 60 49 6 33 23 7 12 30 48 2 23 11
0 2 3 4 6 10 10 8 7 8 8 4 3 3
2 0 3 3 5 9 10 8 7 8 8 4 3 3
3 3 0 2 5 8 8 7 6 7 8 4 4 4
4 3 2 0 5 8 8 6 6 7 7 4 4 4
6 5 5 5 0 8 8 8 8 9 10 7 7 7
10 9 8 8 8 0 2 4 7 7 9 9 10 10
10 10 8 8 8 2 0 4 7 7 9 9 10 10
8 8 7 6 8 4 4 0 4 5 7 7 9 9
7 7 6 6 8 7 7 4 0 3 4 5 7 7
8 8 7 7 9 7 7 5 3 0 3 5 7 7
8 8 8 7 10 9 9 7 4 3 0 5 7 7
4 4 4 4 7 9 9 7 5 5 5 0 3 3
3 3 4 4 7 10 10 9 7 7 7 3 0 2
3 3 4 4 7 10 10 9 7 7 7 3 2 0
