12
10
34 3 56 9 36 40 12 55 46 6
51 6 25 20 52 19 45 57 48 33
6 42 44 23 30 26 48 34 44 11
13 23 14 30 54 24 44 28 49 53
48 35 54 34 23 33 1 32 21 39
17 46 38 26 32 44 45 49 1 36
52 43 39 58 50 4 54 25 8 49
43 41 8 12 2 8 27 4 28 43
39 19 2 30 22 36 13 52 60 46
36 57 7 22 43 43 37 52 6 28
44 60 49 2 17 11 51 6 39 43
6 53 39 27 59 23 25 11 5 23
0 7 7 6 9 7 7 7 5 5 5 4 3 2
7 0 3 3 8 8 9 10 9 8 7 7 7 8
7 3 0 2 7 7 8 10 9 7 6 6 6 7
6 3 2 0 6 6 7 9 8 6 5 5 5 6
9 8 7 6 0 3 5 7 8 6 5 6 7 8
7 8 7 6 3 0 3 5 6 4 3 5 6 6
7 9 8 7 5 3 0 4 5 3 4 5 6 6
7 10 10 9 7 5 4 0 4 4 5 6 6 6
5 9 9 8 8 6 5 4 0 3 4 4 5 4
5 8 7 6 6 4 3 4 3 0 2 3 4 5
5 7 6 5 5 3 4 5 4 2 0 3 4 4
4 7 6 5 6 5 5 6 4 3 3 0 2 3
3 7 6 5 7 6 6 6 5 4 4 2 0 3
2 8 7 6 8 6 6 6 4 5 4 3 3 0
