12
30
30 28 8 20 44 29 50 15 39 7 41 24 24 9 58 7 12 57 15 10 27 42 35 15 36 45 60 34 33 6
8 38 58 21 35 34 51 40 24 1 43 12 8 30 24 53 16 1 35 25 10 31 23 58 59 44 18 9 49 8
37 45 22 23 38 14 45 53 32 23 28 8 47 45 9 51 33 32 13 11 6 31 58 6 28 1 51 2 58 56
32 5 23 6 21 43 31 38 29 43 17 22 27 9 29 58 16 60 50 5 12 57 56 16 47 10 51 28 57 35
52 18 48 30 49 14 40 7 50 29 25 24 9 50 49 42 52 34 8 8 37 1 4 37 52 11 2 7 45 51
33 49 18 39 44 60 58 29 26 31 40 3 54 18 25 49 24 50 49 48 17 24 42 9 26 60 20 49 26 12
52 46 59 34 4 57 7 35 10 16 17 42 38 21 40 38 15 50 3 44 14 50 58 2 12 26 16 56 56 12
23 12 7 37 51 20 43 28 40 9 37 44 2 52 16 24 55 56 16 39 10 56 38 22 46 58 25 3 14 41
34 14 32 20 32 16 22 44 40 59 27 20 46 45 17 38 22 7 32 15 58 33 5 20 59 44 16 30 10 36
19 28 48 48 51 30 15 40 32 43 48 48 28 41 29 55 40 38 27 12 27 6 52 10 53 17 39 15 15 14
45 20 27 5 60 28 14 12 42 13 50 5 46 38 19 22 4 60 29 26 5 31 8 33 28 14 39 20 56 22
15 16 14 36 28 53 48 44 43 41 38 22 36 21 42 15 1 13 29 6 48 20 41 51 39 17 16 45 24 18
0 4 5 6 7 9 10 10 9 8 7 6 5 4
4 0 3 4 4 6 7 7 6 5 6 6 5 5
5 3 0 3 4 6 7 7 6 6 7 7 6 6
6 4 3 0 5 6 6 7 7 7 9 9 8 8
7 4 4 5 0 4 5 5 4 3 7 6 6 7
9 6 6 6 4 0 2 2 3 4 9 9 9 10
10 7 7 6 5 2 0 2 4 4 9 9 9 10
10 7 7 7 5 2 2 0 4 4 9 9 9 10
9 6 6 7 4 3 4 4 0 2 7 7 7 9
8 5 6 7 3 4 4 4 2 0 7 7 7 8
7 6 7 9 7 9 9 9 7 7 0 2 3 5
6 6 7 9 6 9 9 9 7 7 2 0 3 4
5 5 6 8 6 9 9 9 7 7 3 3 0 3
4 5 6 8 7 10 10 10 9 8 5 4 3 0
