12
10
7 51 59 29 12 24 19 2 46 26
49 39 17 52 3 51 19 26 24 10
35 4 23 25 50 15 17 16 20 6
17 38 6 13 34 5 50 14 47 28
55 15 52 43 18 60 54 48 59 31
35 54 1 28 46 16 34 59 21 60
25 45 34 24 39 31 24 6 28 4
27 15 6 4 9 30 60 43 41 7
40 47 51 48 57 47 28 28 52 10
19 55 50 20 35 10 13 3 14 12
1 9 25 7 45 33 25 31 47 41
43 13 19 22 41 46 44 52 21 42
0 4 9 8 6 7 8 8 8 8 8 8 6 2
4 0 6 5 4 5 7 8 7 8 8 8 7 4
9 6 0 4 6 7 7 9 9 10 10 10 10 8
8 5 4 0 4 4 5 7 7 8 8 8 9 7
6 4 6 4 0 3 5 6 6 7 7 6 6 5
7 5 7 4 3 0 3 4 4 5 5 5 6 6
8 7 7 5 5 3 0 4 5 5 5 5 7 8
8 8 9 7 6 4 4 0 3 3 3 3 5 7
8 7 9 7 6 4 5 3 0 2 2 2 4 7
8 8 10 8 7 5 5 3 2 0 2 2 4 7
8 8 10 8 7 5 5 3 2 2 0 2 4 7
8 8 10 8 6 5 5 3 2 2 2 0 4 7
6 7 10 9 6 6 7 5 4 4 4 4 0 6
2 4 8 7 5 6 8 7 7 7 7 7 6 0
