12
20
24 117 126 165 5 147 62 60 136 6 83 169 123 6 143 130 192 6 123 193
32 185 174 50 165 103 141 135 25 21 19 78 32 43 1 38 150 199 66 63
11 45 2 168 20 112 181 57 194 67 99 99 94 14 19 109 143 107 195 179
158 74 98 158 131 123 154 142 90 98 100 170 147 104 108 191 9 105 118 177
21 69 141 152 81 150 43 165 174 54 63 47 106 64 60 106 156 193 91 28
21 132 73 31 88 96 36 36 183 90 74 11 117 115 5 93 157 138 175 182
127 39 4 50 194 44 118 146 55 90 185 67 12 145 71 119 179 38 165 154
79 183 29 91 176 118 41 96 18 60 22 174 142 2 171 54 52 122 95 123
68 151 151 6 135 63 65 159 34 55 71 41 53 168 186 39 54 166 174 164
89 23 58 148 24 124 186 53 9 52 78 137 175 1 135 46 95 150 123 98
53 174 21 158 164 182 116 122 95 114 128 24 143 146 77 158 143 197 197 3
85 191 143 15 31 166 102 47 131 37 12 195 121 68 65 165 177 147 185 47
0 12 16 26 24 10 15 29 29 31 32 14 13 13
12 0 5 16 13 11 16 31 33 35 38 19 20 22
16 5 0 12 10 15 19 33 36 38 40 22 24 26
26 16 12 0 8 25 29 42 46 48 50 33 34 36
24 13 10 8 0 21 24 36 41 43 45 29 30 33
10 11 15 25 21 0 7 22 24 26 28 9 11 13
15 16 19 29 24 7 0 16 18 21 23 7 10 14
29 31 33 42 36 22 16 0 8 10 12 16 19 21
29 33 36 46 41 24 18 8 0 4 6 17 18 20
31 35 38 48 43 26 21 10 4 0 4 18 20 21
32 38 40 50 45 28 23 12 6 4 0 20 21 22
14 19 22 33 29 9 7 16 17 18 20 0 5 8
13 20 24 34 30 11 10 19 18 20 21 5 0 5
13 22 26 36 33 13 14 21 20 21 22 8 5 0
