12
30
63 99 8 18 181 193 42 46 56 77 51 157 127 20 171 61 176 153 86 175 100 34 176 175 101 33 151 157 138 28
136 176 24 32 4 64 97 94 12 6 183 131 123 174 153 91 32 76 65 200 183 16 107 99 129 104 67 91 170 94
36 124 93 67 115 171 127 120 198 157 27 80 159 145 57 134 6 170 10 173 183 54 61 98 18 163 48 186 62 47
83 76 82 162 193 8 137 120 137 157 30 95 27 117 21 141 129 149 68 117 71 105 105 121 132 61 144 69 5 125
69 165 132 196 63 147 86 134 11 7 82 72 148 157 60 121 52 130 106 66 17 148 24 147 10 92 136 120 143 32
64 140 89 192 148 145 157 168 57 138 4 126 172 8 144 117 87 108 45 161 55 186 171 187 82 58 23 180 32 33
149 78 65 165 174 65 13 170 58 131 173 82 24 27 197 26 112 38 71 45 132 88 185 163 6 119 26 11 193 175
25 198 48 175 150 133 77 2 5 9 93 24 85 9 197 178 101 138 44 158 42 146 184 153 187 121 1 178 5 72
64 74 138 140 32 22 23 190 177 156 181 70 139 64 114 43 155 171 57 155 148 180 92 46 123 68 28 11 48 144
130 16 174 85 156 71 110 87 165 136 10 126 11 160 46 190 32 80 67 97 120 69 157 23 97 74 137 175 36 135
20 156 33 23 72 19 9 103 143 14 22 135 161 110 24 14 40 165 39 133 124 188 96 8 144 168 25 122 179 4
136 6 71 178 136 11 140 105 174 63 16 126 141 60 168 11 38 173 74 83 133 86 164 163 67 182 149 160 140 98
0 9 9 10 18 20 35 34 42 50 30 34 34 12
9 0 2 6 18 20 31 33 40 50 33 38 40 18
9 2 0 5 17 19 30 32 39 50 33 38 39 18
10 6 5 0 14 16 27 28 35 46 29 35 37 17
18 18 17 14 0 4 21 18 26 34 19 25 28 16
20 20 19 16 4 0 20 16 24 32 18 24 28 18
35 31 30 27 21 20 0 14 14 33 32 39 44 36
34 33 32 28 18 16 14 0 10 22 21 28 34 31
42 40 39 35 26 24 14 10 0 22 28 34 41 40
50 50 50 46 34 32 33 22 22 0 24 26 32 43
30 33 33 29 19 18 32 21 28 24 0 9 14 22
34 38 38 35 25 24 39 28 34 26 9 0 8 24
34 40 39 37 28 28 44 34 41 32 14 8 0 24
12 18 18 17 16 18 36 31 40 43 22 24 24 0
