12
30
86 142 165 105 34 198 134 105 53 169 153 199 152 173 150 141 107 88 54 180 164 143 163 117 59 151 130 190 136 49
170 70 170 90 28 110 6 72 184 114 175 121 190 198 155 44 105 43 124 159 133 74 39 149 192 164 111 173 44 169
63 72 20 87 1 63 49 193 193 173 23 81 97 138 179 19 24 193 168 82 18 111 65 148 80 161 92 101 198 31
135 197 126 123 128 134 59 131 82 63 55 172 6 32 118 73 71 4 197 149 44 150 118 174 179 196 104 169 63 16
85 118 58 69 52 127 198 157 197 117 152 30 35 200 60 61 100 79 40 31 139 33 17 182 85 28 56 160 25 148
90 68 200 95 174 72 30 161 109 72 124 135 92 197 193 163 171 9 172 147 192 96 138 55 46 145 134 169 51 186
94 40 176 158 88 59 4 126 28 122 87 104 169 168 115 56 121 87 8 94 179 183 180 45 3 69 189 139 24 197
20 165 39 148 50 94 147 6 25 58 82 127 74 60 20 30 121 4 178 132 145 37 122 138 83 177 154 41 157 112
111 8 80 180 84 76 26 117 62 195 56 159 97 34 176 192 149 5 197 52 9 82 27 148 120 8 20 170 91 6
196 196 170 87 144 68 63 173 142 184 79 45 166 128 143 4 59 48 184 142 109 35 162 87 195 164 8 9 55 121
61 71 129 162 43 94 151 173 98 147 159 102 114 82 46 164 198 161 153 199 78 176 148 194 96 180 194 31 152 137
124 85 48 87 187 154 51 95 125 47 80 109 39 155 60 145 58 98 15 8 129 176 69 6 29 98 164 159 107 142
0 9 9 20 24 19 26 36 20 24 23 23 18 2
9 0 2 14 19 15 26 39 24 29 30 30 21 9
9 2 0 14 18 14 25 39 23 29 30 31 22 9
20 14 14 0 6 4 20 36 24 31 39 41 34 20
24 19 18 6 0 6 19 36 26 33 43 45 39 24
19 15 14 4 6 0 17 33 22 29 38 40 35 19
26 26 25 20 19 17 0 18 13 19 37 40 42 25
36 39 39 36 36 33 18 0 18 17 38 42 50 36
20 24 23 24 26 22 13 18 0 9 25 29 34 19
24 29 29 31 33 29 19 17 9 0 23 27 36 24
23 30 30 39 43 38 37 38 25 23 0 6 23 22
23 30 31 41 45 40 40 42 29 27 6 0 20 23
18 21 22 34 39 35 42 50 34 36 23 20 0 18
2 9 9 20 24 19 25 36 19 24 22 23 18 0
