12
30
81 104 58 11 66 161 126 8 199 69 178 50 91 128 171 115 17 60 137 93 86 101 188 131 171 136 13 119 31 143
109 69 194 157 108 53 34 171 43 135 47 178 64 73 57 100 57 84 185 62 27 152 54 45 96 55 89 184 133 148
135 22 164 73 76 32 17 200 105 191 177 153 171 32 44 59 75 96 1 32 83 36 26 86 48 64 22 35 2 184
155 40 79 49 32 22 180 21 86 185 132 196 49 71 51 76 79 32 2 28 64 93 192 31 71 123 10 134 194 102
192 3 19 23 5 110 75 161 152 180 88 139 171 53 151 132 180 177 135 109 13 117 7 118 173 100 30 158 162 24
118 133 185 148 157 149 110 43 196 120 155 102 22 38 157 63 189 182 23 172 99 24 122 131 48 8 116 154 109 7
94 51 53 119 55 57 122 180 97 60 154 88 107 164 167 142 120 178 47 123 94 130 149 14 168 68 140 109 102 17
105 134 35 16 184 93 172 195 124 89 50 191 165 185 173 63 158 166 47 121 17 109 191 120 22 64 26 17 84 18
41 154 2 31 184 157 122 36 4 136 171 150 12 118 35 199 33 145 168 190 141 93 30 33 80 1 115 19 135 73
17 48 171 166 39 34 8 55 62 49 133 94 99 52 45 108 48 4 3 144 10 169 89 93 67 49 144 100 171 98
99 56 48 21 180 117 137 128 30 199 16 113 142 61 138 164 41 112 94 23 147 159 200 64 185 7 86 168 158 77
191 16 153 188 168 99 63 193 60 16 27 31 161 122 57 130 176 58 37 187 190 20 125 129 196 196 18 119 121 190
0 15 14 15 15 19 32 13 31 38 28 13 7 7
15 0 6 16 23 29 44 26 42 49 34 17 14 19
14 6 0 12 19 26 41 24 43 50 37 20 16 19
15 16 12 0 11 18 33 20 44 50 41 25 20 20
15 23 19 11 0 9 24 13 38 45 39 26 20 18
19 29 26 18 9 0 17 12 37 42 41 29 25 21
32 44 41 33 24 17 0 21 36 40 46 40 37 31
13 26 24 20 13 12 21 0 27 33 30 20 17 12
31 42 43 44 38 37 36 27 0 9 18 27 30 26
38 49 50 50 45 42 40 33 9 0 23 34 37 33
28 34 37 41 39 41 46 30 18 23 0 18 23 23
13 17 20 25 26 29 40 20 27 34 18 0 7 10
7 14 16 20 20 25 37 17 30 37 23 7 0 7
7 19 19 20 18 21 31 12 26 33 23 10 7 0
