12
30
20 97 77 133 194 43 22 71 150 104 119 160 60 3 177 128 199 155 147 157 30 99 183 113 112 92 95 64 135 150
135 155 164 146 89 177 114 8 127 50 190 109 162 154 191 3 17 182 109 28 159 51 22 181 85 22 9 89 92 65
2 183 59 200 100 151 91 78 68 184 88 33 189 96 56 179 146 83 157 120 155 185 74 45 109 119 155 52 13 180
56 107 108 62 178 52 149 128 73 117 110 5 177 19 139 153 86 172 123 140 126 131 13 10 119 46 31 161 26 184
133 131 79 18 8 174 2 136 144 183 105 91 1 189 66 92 28 156 164 40 189 36 125 27 165 102 153 20 37 13
58 160 85 24 153 88 173 7 44 10 46 77 125 49 16 124 157 166 182 91 58 26 197 50 83 49 83 116 115 36
134 125 72 158 175 8 45 62 47 149 98 126 11 42 114 54 69 4 65 90 141 93 16 6 5 94 23 142 87 82
14 98 45 1 85 75 189 170 127 36 93 27 70 145 44 138 117 81 113 52 64 194 126 178 79 2 90 108 124 24
191 28 38 144 84 173 172 174 82 25 43 183 120 64 70 34 63 61 40 23 187 68 25 49 150 44 68 173 175 6
17 144 38 52 132 13 92 100 42 132 143 73 161 159 127 56 18 111 61 20 116 112 31 172 124 51 92 15 177 116
168 139 33 10 28 170 25 87 91 96 101 124 154 101 67 47 190 198 27 186 48 172 133 19 72 135 45 172 190 166
157 97 186 174 66 190 55 80 99 42 57 114 64 183 8 126 15 72 83 113 89 144 189 98 92 159 105 143 82 107
0 23 26 34 42 35 34 38 42 36 30 19 18 12
23 0 16 28 36 32 40 44 50 47 39 27 28 24
26 16 0 14 21 18 27 32 38 36 29 19 20 20
34 28 14 0 10 6 19 23 30 30 23 19 21 25
42 36 21 10 0 9 22 25 31 33 28 27 29 33
35 32 18 6 9 0 16 19 26 26 21 19 21 26
34 40 27 19 22 16 0 6 13 12 9 17 18 24
38 44 32 23 25 19 6 0 9 10 10 21 21 28
42 50 38 30 31 26 13 9 0 9 14 26 27 32
36 47 36 30 33 26 12 10 9 0 9 22 22 27
30 39 29 23 28 21 9 10 14 9 0 14 14 20
19 27 19 19 27 19 17 21 26 22 14 0 4 9
18 28 20 21 29 21 18 21 27 22 14 4 0 8
12 24 20 25 33 26 24 28 32 27 20 9 8 0
