12
20
135 170 59 155 27 199 195 159 178 106 34 42 60 29 142 148 145 74 24 9
150 116 26 17 161 49 28 107 139 37 123 122 89 174 157 187 127 158 134 136
177 117 64 158 189 24 107 149 149 103 61 145 141 1 47 60 156 38 180 189
20 89 190 106 185 169 65 128 17 10 79 99 109 125 115 149 129 44 81 144
58 190 119 11 20 183 131 93 170 29 66 105 101 54 153 199 59 131 34 100
123 13 172 152 23 33 164 153 152 87 172 54 156 176 36 91 28 79 113 121
112 158 158 164 5 190 92 116 76 39 24 40 96 180 133 165 92 92 91 31
111 195 52 16 77 84 1 182 194 125 130 122 193 79 197 130 19 108 132 152
130 28 82 90 134 179 116 142 174 128 127 120 122 148 75 166 81 138 86 163
61 74 170 36 156 180 124 109 109 66 103 98 73 153 102 166 80 118 34 49
83 46 158 17 180 170 131 194 200 27 79 110 13 22 36 8 162 106 153 57
33 126 51 80 50 49 189 88 160 31 15 195 141 160 88 97 152 90 166 18
0 23 22 33 37 38 43 34 40 42 34 24 21 14
23 0 10 23 22 25 34 35 42 50 41 29 31 32
22 10 0 15 17 19 27 27 34 43 33 22 24 28
33 23 15 0 9 7 13 19 25 38 27 21 26 34
37 22 17 9 0 6 16 26 32 45 34 28 32 40
38 25 19 7 6 0 12 23 28 42 32 26 31 39
43 34 27 13 16 12 0 18 21 36 27 26 31 41
34 35 27 19 26 23 18 0 8 20 10 12 17 28
40 42 34 25 32 28 21 8 0 16 10 18 22 32
42 50 43 38 45 42 36 20 16 0 12 23 23 31
34 41 33 27 34 32 27 10 10 12 0 13 16 25
24 29 22 21 28 26 26 12 18 23 13 0 7 18
21 31 24 26 32 31 31 17 22 23 16 7 0 12
14 32 28 34 40 39 41 28 32 31 25 18 12 0
