12
10
182 116 92 193 87 105 46 158 33 85
69 189 135 96 173 71 40 58 109 69
128 62 51 95 52 105 187 21 182 12
62 49 189 144 68 133 155 172 140 178
156 119 90 98 151 74 85 108 158 156
190 3 114 101 136 173 84 177 114 93
106 20 181 117 112 46 104 163 198 36
38 90 4 197 32 97 137 88 29 23
178 53 149 122 96 130 132 2 2 84
32 179 105 191 117 83 75 43 141 58
7 195 48 68 162 168 39 60 191 107
134 60 195 70 96 9 183 38 27 153
0 8 12 20 33 12 15 16 15 29 17 21 6 6
8 0 11 17 31 14 17 22 21 35 23 26 12 11
12 11 0 9 22 7 11 20 22 34 26 31 17 17
20 17 9 0 15 12 15 26 28 40 33 38 24 24
33 31 22 15 0 23 24 36 39 48 45 50 37 37
12 14 7 12 23 0 5 15 18 30 23 29 16 17
15 17 11 15 24 5 0 13 16 27 22 28 17 18
16 22 20 26 36 15 13 0 6 16 12 19 15 16
15 21 22 28 39 18 16 6 0 15 8 15 13 14
29 35 34 40 48 30 27 16 15 0 16 21 26 28
17 23 26 33 45 23 22 12 8 16 0 8 13 15
21 26 31 38 50 29 28 19 15 21 8 0 16 17
6 12 17 24 37 16 17 15 13 26 13 16 0 3
6 11 17 24 37 17 18 16 14 28 15 17 3 0
