12
20
100 154 16 200 169 131 194 34 141 164 108 140 38 134 173 115 24 66 45 73
79 166 156 27 105 3 53 81 83 159 173 20 199 200 131 190 129 183 35 11
157 88 96 180 77 96 162 137 22 180 61 117 175 65 194 24 196 46 156 130
19 34 50 184 94 38 16 184 163 137 131 164 42 153 126 62 149 14 115 124
73 197 163 128 147 118 36 77 94 4 152 132 73 120 120 111 90 181 170 58
75 37 128 29 122 96 128 88 87 186 197 192 120 109 135 32 161 56 143 18
6 35 42 166 35 175 115 82 57 116 25 166 76 7 145 33 184 21 47 138
74 135 186 132 148 91 107 137 10 141 51 19 101 55 162 149 76 145 72 197
190 87 174 22 27 52 23 91 158 153 169 197 152 118 64 43 200 92 172 73
43 189 120 2 165 134 65 136 110 28 115 79 7 70 134 104 51 163 34 168
16 164 63 95 16 171 72 82 31 22 92 13 145 186 18 83 178 33 65 146
65 183 86 6 120 147 145 85 157 11 145 60 161 175 191 48 15 191 119 37
0 9 11 14 14 29 39 27 34 35 34 31 27 15
9 0 7 7 6 22 32 19 27 30 31 27 28 17
11 7 0 6 8 26 35 19 25 25 25 21 22 12
14 7 6 0 4 21 30 14 21 24 26 21 25 16
14 6 8 4 0 19 29 15 23 27 28 24 27 18
29 22 26 21 19 0 13 16 26 35 40 36 44 36
39 32 35 30 29 13 0 20 26 37 43 40 50 44
27 19 19 14 15 16 20 0 12 21 26 22 32 27
34 27 25 21 23 26 26 12 0 13 20 17 31 31
35 30 25 24 27 35 37 21 13 0 9 9 23 27
34 31 25 26 28 40 43 26 20 9 0 6 17 24
31 27 21 21 24 36 40 22 17 9 6 0 16 21
27 28 22 25 27 44 50 32 31 23 17 16 0 14
15 17 12 16 18 36 44 27 31 27 24 21 14 0
