12
30
149 48 46 29 89 50 88 25 145 80 102 11 125 13 37 110 158 65 71 150 22 174 101 89 32 117 96 142 199 129
73 68 95 61 153 180 61 31 192 195 64 150 154 52 134 8 29 107 142 182 196 194 165 195 180 117 116 52 70 90
48 115 131 1 154 182 38 35 113 78 100 145 176 74 115 114 169 91 79 65 76 93 160 98 182 68 72 85 80 132
150 33 181 111 166 159 181 155 78 120 184 192 50 45 94 144 110 182 181 7 61 153 139 148 42 104 110 16 120 45
21 33 149 158 157 66 65 135 27 74 26 7 127 9 95 163 76 53 197 27 8 65 150 70 180 139 13 147 126 183
196 177 13 45 32 85 43 45 76 86 81 167 20 48 71 153 113 148 23 29 164 117 91 41 45 25 139 94 166 59
79 178 93 49 119 176 34 88 65 91 70 197 107 160 32 2 1 132 149 116 164 114 164 83 163 85 13 166 12 172
3 101 106 87 160 102 101 104 116 194 8 154 120 127 159 45 29 14 27 96 108 94 74 88 86 138 157 155 127 184
4 186 55 57 182 177 193 25 47 162 107 162 7 74 191 195 130 25 178 159 54 113 137 42 164 107 56 143 125 152
82 128 176 194 64 12 108 134 37 6 160 200 108 113 115 57 133 134 152 96 116 169 101 56 166 198 112 11 103 1
61 74 29 199 148 85 123 36 52 98 125 84 194 58 136 189 74 70 87 59 173 148 17 54 48 177 173 56 46 102
190 62 181 157 38 14 177 67 28 88 68 200 63 1 180 96 156 135 28 68 35 138 66 90 199 143 5 13 82 2
0 19 20 13 22 31 38 35 33 20 18 17 15 11
19 0 9 18 26 32 50 49 47 35 32 34 32 28
20 9 0 14 19 24 45 45 43 32 29 33 31 29
13 18 14 0 11 20 34 33 31 20 17 22 20 20
22 26 19 11 0 11 28 29 28 21 17 25 24 27
31 32 24 20 11 0 30 33 32 29 26 34 34 36
38 50 45 34 28 30 0 8 9 21 22 27 29 36
35 49 45 33 29 33 8 0 3 17 19 22 24 31
33 47 43 31 28 32 9 3 0 15 17 20 22 29
20 35 32 20 21 29 21 17 15 0 5 9 10 16
18 32 29 17 17 26 22 19 17 5 0 10 10 16
17 34 33 22 25 34 27 22 20 9 10 0 4 11
15 32 31 20 24 34 29 24 22 10 10 4 0 9
11 28 29 20 27 36 36 31 29 16 16 11 9 0
