12
20
182 196 48 145 192 38 143 71 126 38 56 20 130 165 28 37 79 118 90 39
136 6 37 82 4 90 146 24 22 99 100 142 79 35 173 26 14 133 172 194
100 184 63 149 80 90 177 31 32 107 153 65 77 116 156 199 108 139 121 4
38 90 113 31 2 200 69 186 142 110 163 68 186 123 187 130 127 30 169 193
155 109 45 142 53 134 2 7 111 54 21 9 69 69 82 161 2 146 144 165
18 57 85 200 25 95 33 190 132 42 168 98 9 20 199 86 42 22 121 19
10 47 89 122 61 12 31 100 194 58 171 186 90 185 30 151 52 40 41 105
64 108 121 63 9 50 79 195 142 3 144 171 98 108 128 111 4 115 15 185
184 196 32 41 98 144 172 49 7 93 168 106 25 123 94 36 56 95 155 150
152 142 133 149 112 167 24 60 13 189 137 153 69 65 198 124 164 35 127 131
51 193 33 79 8 157 152 4 85 81 192 64 171 200 2 190 95 183 100 43
33 66 140 153 75 58 166 52 188 189 106 168 27 119 49 178 191 77 42 27
0 11 10 25 17 26 36 42 27 16 13 16 29 16
11 0 10 19 19 31 40 49 35 25 23 26 39 23
10 10 0 17 11 22 32 42 27 19 19 22 36 24
25 19 17 0 17 26 35 48 36 32 33 36 50 39
17 19 11 17 0 13 23 34 21 18 20 23 36 30
26 31 22 26 13 0 11 23 14 20 25 25 37 37
36 40 32 35 23 11 0 17 16 27 32 32 41 46
42 49 42 48 34 23 17 0 16 29 34 32 36 47
27 35 27 36 21 14 16 16 0 15 20 19 27 34
16 25 19 32 18 20 27 29 15 0 7 7 20 21
13 23 19 33 20 25 32 34 20 7 0 5 19 15
16 26 22 36 23 25 32 32 19 7 5 0 16 16
29 39 36 50 36 37 41 36 27 20 19 16 0 22
16 23 24 39 30 37 46 47 34 21 15 16 22 0
