12
30
42 73 32 60 89 74 154 87 71 31 191 112 68 184 175 83 128 34 5 126 85 150 79 49 178 162 189 36 10 162
26 192 41 187 157 150 173 58 152 118 21 175 55 44 69 62 51 15 182 27 79 160 89 159 22 63 82 130 45 90
148 167 184 197 152 46 136 109 146 142 79 115 42 9 108 21 70 52 114 109 64 119 16 106 194 17 170 137 118 73
156 49 18 136 178 152 192 39 50 107 141 126 173 89 167 13 145 168 49 29 31 115 119 73 180 145 98 139 8 6
154 34 160 82 189 163 95 173 77 68 45 78 150 48 105 165 108 139 5 4 141 91 103 172 152 125 169 171 77 61
39 132 176 11 94 102 187 29 21 40 45 180 54 199 23 113 178 149 131 104 21 57 131 114 97 139 31 195 46 198
15 128 114 104 194 44 121 107 43 164 166 155 37 70 111 199 125 164 194 98 123 57 63 54 97 86 112 86 121 85
60 117 45 152 157 197 134 32 185 180 23 25 7 62 164 76 10 3 114 154 18 145 36 185 179 161 150 133 55 81
200 178 135 150 18 190 3 181 23 141 11 139 137 102 27 85 20 107 169 181 189 89 121 10 148 123 107 31 180 171
74 154 94 109 104 188 137 57 16 78 41 16 146 63 19 110 48 194 58 114 116 184 21 135 159 73 29 102 76 153
157 80 3 62 165 2 24 172 143 167 2 190 159 10 158 5 4 85 2 185 164 101 2 47 178 67 128 28 108 105
106 170 93 138 3 141 113 80 133 104 20 157 123 157 168 130 145 196 127 144 166 67 88 81 196 109 127 68 187 118
0 5 10 15 16 29 31 31 36 35 21 19 19 26
5 0 7 11 14 29 31 33 38 38 24 21 22 28
10 7 0 7 8 27 31 34 40 41 27 22 27 33
15 11 7 0 8 30 35 39 46 46 32 27 31 36
16 14 8 8 0 25 30 35 43 44 31 25 34 40
29 29 27 30 25 0 11 20 27 34 26 18 40 50
31 31 31 35 30 11 0 11 19 26 21 15 38 49
31 33 34 39 35 20 11 0 9 16 15 13 33 44
36 38 40 46 43 27 19 9 0 11 18 20 35 46
35 38 41 46 44 34 26 16 11 0 15 22 29 39
21 24 27 32 31 26 21 15 18 15 0 10 19 31
19 21 22 27 25 18 15 13 20 22 10 0 25 35
19 22 27 31 34 40 38 33 35 29 19 25 0 13
26 28 33 36 40 50 49 44 46 39 31 35 13 0
