12
10
196 32 61 30 162 152 40 163 124 7
98 134 64 188 148 76 168 153 117 143
117 93 162 32 109 136 73 56 58 19
168 62 137 18 163 100 131 151 79 26
149 168 11 114 36 189 15 111 51 81
32 87 185 194 52 107 41 107 159 12
35 126 109 184 105 4 95 131 124 154
187 135 87 36 83 70 184 24 105 175
126 37 112 54 113 4 110 29 61 42
72 23 16 168 40 142 176 164 159 50
16 11 188 127 137 156 148 85 86 99
87 2 8 49 123 57 49 108 185 69
0 9 16 27 29 41 47 49 47 41 31 21 20 27
9 0 12 20 22 35 41 44 42 37 27 20 19 29
16 12 0 16 28 41 46 50 49 45 36 31 29 39
27 20 16 0 22 33 37 43 43 40 35 34 33 46
29 22 28 22 0 15 20 24 23 20 16 21 21 34
41 35 41 33 15 0 7 12 12 14 19 29 30 40
47 41 46 37 20 7 0 8 10 15 23 33 34 44
49 44 50 43 24 12 8 0 5 13 23 34 35 43
47 42 49 43 23 12 10 5 0 9 20 31 32 40
41 37 45 40 20 14 15 13 9 0 12 24 25 32
31 27 36 35 16 19 23 23 20 12 0 13 14 23
21 20 31 34 21 29 33 34 31 24 13 0 3 14
20 19 29 33 21 30 34 35 32 25 14 3 0 15
27 29 39 46 34 40 44 43 40 32 23 14 15 0
