12
10
182 117 114 172 29 136 112 140 132 138
47 2 188 165 194 49 100 102 145 160
56 187 134 38 109 160 27 199 23 125
189 183 58 114 12 50 194 122 86 2
46 91 137 149 151 131 32 155 68 158
23 5 64 73 140 168 21 189 92 32
113 190 185 91 154 41 155 56 170 62
34 140 84 199 51 49 137 4 152 13
42 121 19 164 171 100 68 90 47 94
133 57 178 55 22 142 179 115 169 49
193 57 41 47 78 160 143 98 186 125
83 86 38 44 17 140 92 129 142 148
0 21 29 34 38 50 44 34 26 36 46 41 29 22
21 0 13 15 18 31 29 23 20 28 38 37 31 27
29 13 0 13 16 29 36 33 31 38 48 48 43 39
34 15 13 0 5 19 25 25 27 31 39 41 39 38
38 18 16 5 0 15 25 26 29 32 39 42 42 41
50 31 29 19 15 0 24 30 37 36 40 46 49 50
44 29 36 25 25 24 0 13 22 17 18 25 31 35
34 23 33 25 26 30 13 0 11 8 16 18 20 24
26 20 31 27 29 37 22 11 0 11 22 19 14 14
36 28 38 31 32 36 17 8 11 0 12 12 16 21
46 38 48 39 39 40 18 16 22 12 0 10 22 29
41 37 48 41 42 46 25 18 19 12 10 0 15 22
29 31 43 39 42 49 31 20 14 16 22 15 0 9
22 27 39 38 41 50 35 24 14 21 29 22 9 0
