12
30
22 120 80 200 63 152 163 52 38 42 2 168 142 47 183 189 160 176 157 7 26 112 187 123 8 168 4 47 16 156
168 50 32 56 141 135 16 84 22 34 171 58 4 170 191 1 101 141 77 133 19 63 148 53 156 44 171 144 69 75
113 87 42 153 88 88 182 152 95 170 72 153 101 155 80 7 151 82 36 149 54 11 48 63 53 132 48 36 18 189
165 167 75 79 170 85 42 80 98 68 182 61 71 151 15 151 58 187 104 109 63 101 2 146 31 46 125 170 103 70
5 18 61 46 78 179 108 118 183 126 156 174 47 3 180 92 16 95 60 29 149 165 84 71 38 122 95 81 105 169
73 171 132 125 126 119 103 56 142 97 19 38 158 9 73 96 147 161 91 79 151 41 9 174 48 133 77 59 169 159
142 91 7 153 102 4 161 83 33 136 170 69 20 50 40 47 138 17 161 164 35 3 64 170 171 87 35 63 111 24
104 82 132 5 154 63 81 80 12 181 181 38 179 1 136 122 120 27 154 149 60 114 118 30 89 88 75 143 53 116
124 184 90 122 86 85 173 139 41 170 140 179 157 88 93 24 178 163 109 197 85 52 125 5 131 175 160 68 177 196
88 192 102 133 83 182 171 24 101 37 57 181 2 179 193 8 194 92 47 56 183 3 141 87 57 139 23 40 11 175
70 108 74 16 151 102 39 52 52 10 53 32 191 104 170 198 177 189 173 119 24 73 127 88 63 87 152 20 114 110
48 167 185 149 98 159 179 168 5 30 147 184 62 124 111 174 20 64 49 71 200 76 33 17 186 118 29 102 24 153
0 7 8 27 37 45 40 34 25 25 17 18 7 3
7 0 9 31 43 50 45 39 31 29 21 19 13 8
8 9 0 23 37 47 43 39 30 31 23 24 12 8
27 31 23 0 22 37 39 44 34 41 36 41 25 26
37 43 37 22 0 18 24 36 28 38 38 45 32 36
45 50 47 37 18 0 13 29 26 36 39 47 39 44
40 45 43 39 24 13 0 18 17 26 31 38 34 39
34 39 39 44 36 29 18 0 12 12 20 26 29 34
25 31 30 34 28 26 17 12 0 12 15 23 20 25
25 29 31 41 38 36 26 12 12 0 10 15 21 25
17 21 23 36 38 39 31 20 15 10 0 9 14 17
18 19 24 41 45 47 38 26 23 15 9 0 18 19
7 13 12 25 32 39 34 29 20 21 14 18 0 7
3 8 8 26 36 44 39 34 25 25 17 19 7 0
