12
20
47 190 31 6 154 151 133 21 38 38 151 33 42 85 77 88 51 118 63 124
184 15 200 90 20 50 21 108 92 42 128 20 142 169 154 45 168 167 27 146
15 108 5 155 55 10 191 161 127 7 37 200 25 82 28 68 110 33 122 153
48 58 169 163 59 48 78 113 5 107 70 151 132 64 108 90 21 30 81 120
79 164 59 178 179 6 63 199 52 173 3 24 81 172 156 115 197 135 60 22
160 161 89 150 176 93 148 46 91 65 144 103 42 175 129 102 173 129 81 158
26 186 64 22 34 150 115 53 18 132 187 173 83 101 33 9 3 165 38 133
181 57 189 7 196 88 108 197 21 180 178 9 179 72 25 60 168 45 87 55
109 61 100 106 86 103 166 71 122 93 176 99 40 48 3 149 155 80 134 139
161 45 162 124 183 149 119 177 46 85 37 173 82 124 123 164 97 176 4 25
99 142 127 161 111 26 58 194 196 67 82 197 7 47 64 37 14 118 75 189
185 113 21 147 81 100 144 14 180 100 34 41 119 196 140 17 159 127 135 6
0 21 28 28 27 20 19 23 24 15 17 12 9 5
21 0 17 23 29 21 33 40 41 26 24 23 27 25
28 17 0 9 19 15 31 41 50 38 37 34 35 31
28 23 9 0 12 11 27 37 50 40 40 36 36 31
27 29 19 12 0 10 20 29 48 41 41 37 35 29
20 21 15 11 10 0 18 28 41 33 33 29 27 22
19 33 31 27 20 18 0 11 32 31 33 28 23 18
23 40 41 37 29 28 11 0 28 32 35 30 24 20
24 41 50 50 48 41 32 28 0 18 22 20 17 21
15 26 38 40 41 33 31 32 18 0 6 5 10 15
17 24 37 40 41 33 33 35 22 6 0 7 13 17
12 23 34 36 37 29 28 30 20 5 7 0 8 12
9 27 35 36 35 27 23 24 17 10 13 8 0 7
5 25 31 31 29 22 18 20 21 15 17 12 7 0
