12
10
89 31 165 44 96 45 39 123 165 104
27 10 80 190 181 164 116 118 71 56
178 56 176 178 65 181 129 73 146 18
161 89 2 106 37 170 183 57 180 88
118 148 47 85 41 92 182 164 40 101
36 136 163 91 57 161 97 182 65 123
141 187 176 52 197 134 169 168 61 143
83 140 32 86 130 154 189 26 185 141
57 6 193 115 137 32 26 22 36 134
95 67 140 169 167 154 195 150 98 152
17 91 60 164 135 60 177 72 88 46
31 62 199 66 134 81 73 184 148 116
0 13 18 22 29 40 41 43 50 43 37 37 33 11
13 0 10 11 18 31 33 36 45 37 33 30 28 12
18 10 0 8 16 24 25 27 36 29 24 21 19 12
22 11 8 0 10 22 24 27 38 31 28 23 22 17
29 18 16 10 0 21 26 29 41 35 33 27 28 26
40 31 24 22 21 0 7 10 23 19 21 13 18 33
41 33 25 24 26 7 0 5 17 13 16 8 14 33
43 36 27 27 29 10 5 0 14 11 15 9 14 35
50 45 36 38 41 23 17 14 0 9 15 16 19 41
43 37 29 31 35 19 13 11 9 0 8 9 11 33
37 33 24 28 33 21 16 15 15 8 0 9 7 28
37 30 21 23 27 13 8 9 16 9 9 0 7 28
33 28 19 22 28 18 14 14 19 11 7 7 0 24
11 12 12 17 26 33 33 35 41 33 28 28 24 0
