12
30
56 11 199 26 67 193 34 133 142 145 20 170 41 7 68 116 96 60 195 60 195 164 17 70 148 42 28 85 155 147
31 56 31 3 143 160 103 134 173 168 30 6 120 185 90 122 176 184 52 200 115 84 4 105 154 2 36 17 85 199
98 80 122 130 27 18 171 6 185 59 140 163 26 4 128 90 17 198 187 185 150 85 53 151 52 140 22 48 35 33
191 182 52 95 105 40 48 108 142 142 18 25 197 105 146 55 85 110 58 125 167 111 82 79 107 152 109 133 178 193
98 134 84 136 18 65 56 7 101 87 103 3 120 118 130 72 103 133 157 123 48 196 15 60 96 58 90 83 186 1
36 122 154 2 182 163 125 11 19 31 131 154 44 24 107 122 70 148 185 140 3 131 114 107 122 2 94 8 58 195
169 116 28 118 179 187 80 60 38 157 164 123 173 134 167 167 7 191 43 91 63 10 15 71 34 139 185 111 34 101
178 11 7 74 138 30 118 80 188 195 172 150 22 160 168 28 164 108 198 63 66 83 91 51 48 105 138 191 176 133
147 179 67 134 84 7 49 123 168 11 16 132 17 130 54 9 179 146 103 127 82 52 186 180 63 104 125 47 17 125
134 148 9 153 58 168 103 6 103 130 159 51 58 171 1 22 33 126 38 188 120 63 33 10 119 54 155 162 180 1
158 136 48 73 145 170 103 114 178 152 99 88 122 95 180 111 139 26 18 41 167 196 182 100 165 27 178 20 151 198
148 77 86 33 63 84 72 39 176 129 182 28 160 2 149 145 181 197 68 188 35 35 61 175 159 102 139 71 171 105
0 6 18 27 24 25 42 23 27 35 12 15 11 5
6 0 15 22 19 21 38 20 25 34 14 18 16 7
18 15 0 19 21 24 41 29 36 47 27 31 26 20
27 22 19 0 9 11 24 21 29 41 31 36 36 27
24 19 21 9 0 4 21 13 22 34 26 31 33 23
25 21 24 11 4 0 19 12 20 32 26 31 34 25
42 38 41 24 21 19 0 22 26 35 40 45 50 41
23 20 29 21 13 12 22 0 10 22 20 25 31 22
27 25 36 29 22 20 26 10 0 13 20 24 33 25
35 34 47 41 34 32 35 22 13 0 25 26 37 32
12 14 27 31 26 26 40 20 20 25 0 7 14 9
15 18 31 36 31 31 45 25 24 26 7 0 12 12
11 16 26 36 33 34 50 31 33 37 14 12 0 11
5 7 20 27 23 25 41 22 25 32 9 12 11 0
