12
10
128 73 100 133 67 148 165 22 185 90
11 131 32 7 138 167 179 75 92 84
20 28 34 156 112 125 46 108 45 59
134 150 79 18 106 152 167 129 35 49
88 50 100 181 25 193 152 94 161 110
107 84 60 195 11 14 156 42 18 192
83 173 55 140 79 71 33 122 4 99
21 52 77 116 147 13 24 68 159 78
92 106 169 170 162 63 96 55 189 93
183 62 130 34 162 150 67 126 6 181
39 192 165 158 89 154 37 96 134 197
147 27 56 195 18 156 71 89 10 136
0 7 16 19 35 22 28 33 36 47 41 40 37 25
7 0 10 13 30 20 26 30 32 45 40 41 38 27
16 10 0 5 21 18 23 26 27 42 41 42 41 32
19 13 5 0 18 16 21 24 23 39 39 41 40 32
35 30 21 18 0 26 27 26 21 39 46 49 50 45
22 20 18 16 26 0 8 13 17 27 25 27 27 21
28 26 23 21 27 8 0 7 13 21 21 23 25 22
33 30 26 24 26 13 7 0 8 17 22 26 29 28
36 32 27 23 21 17 13 8 0 20 28 32 35 34
47 45 42 39 39 27 21 17 20 0 19 24 29 34
41 40 41 39 46 25 21 22 28 19 0 6 12 21
40 41 42 41 49 27 23 26 32 24 6 0 8 18
37 38 41 40 50 27 25 29 35 29 12 8 0 13
25 27 32 32 45 21 22 28 34 34 21 18 13 0
