12
20
185 61 162 182 47 15 150 183 16 130 131 75 26 168 129 27 184 173 46 50
195 199 33 149 104 89 129 47 49 43 148 139 18 118 132 89 143 135 11 65
188 169 33 154 60 191 138 117 79 118 87 144 142 186 19 121 119 112 143 172
157 28 2 116 96 59 75 160 16 195 173 81 102 177 186 87 167 17 154 111
173 102 159 36 106 18 198 55 92 173 126 11 120 143 3 65 44 95 104 111
151 47 32 32 162 74 37 78 178 121 126 13 62 103 92 189 42 181 185 42
38 145 23 154 84 130 133 65 170 30 72 124 144 199 73 119 131 121 55 156
60 8 14 9 106 170 12 156 194 105 87 187 196 46 142 3 156 197 37 152
8 13 83 83 120 56 173 33 94 37 168 91 86 36 113 11 5 169 102 144
2 2 3 8 128 102 181 173 32 74 40 189 181 105 165 19 47 47 139 17
36 91 91 6 196 99 168 63 95 158 63 74 163 168 147 1 96 137 67 37
95 105 168 141 56 106 67 43 174 115 57 114 121 159 171 118 17 186 149 37
0 6 24 27 34 47 39 36 41 28 29 29 16 7
6 0 24 28 34 48 40 37 44 30 33 33 20 10
24 24 0 9 14 27 21 19 32 21 34 36 29 29
27 28 9 0 8 22 14 12 24 15 29 31 28 30
34 34 14 8 0 15 8 8 23 18 32 35 34 37
47 48 27 22 15 0 11 15 25 28 42 45 46 50
39 40 21 14 8 11 0 5 19 18 33 36 37 42
36 37 19 12 8 15 5 0 16 14 29 32 33 38
41 44 32 24 23 25 19 16 0 15 22 25 33 42
28 30 21 15 18 28 18 14 15 0 16 19 21 29
29 33 34 29 32 42 33 29 22 16 0 5 16 27
29 33 36 31 35 45 36 32 25 19 5 0 15 27
16 20 29 28 34 46 37 33 33 21 16 15 0 13
7 10 29 30 37 50 42 38 42 29 27 27 13 0
