12
30
44 186 24 80 55 82 88 1 82 167 3 18 174 81 127 51 112 29 56 137 170 194 76 154 19 188 108 113 34 137
19 10 114 173 70 153 188 85 57 195 114 108 133 41 30 20 170 4 79 190 177 76 39 9 39 154 69 82 2 154
19 117 58 92 88 162 160 76 82 104 130 29 109 95 67 40 139 132 158 160 78 86 84 179 171 156 67 140 178 163
93 46 10 79 195 99 8 58 100 98 70 43 12 78 178 47 46 168 36 136 61 115 165 159 189 196 85 93 103 125
171 114 48 63 27 101 122 78 165 153 153 118 38 33 80 98 54 88 151 9 132 125 109 73 73 6 115 116 25 72
12 169 94 1 106 67 48 142 123 135 15 51 126 14 146 73 122 51 173 176 131 63 18 121 192 104 177 78 39 40
60 124 175 18 37 165 106 33 111 61 148 165 6 10 8 20 23 16 99 19 85 60 184 80 34 144 128 81 164 99
186 35 134 136 87 184 75 193 17 176 65 89 185 164 60 112 199 106 8 159 79 133 118 148 56 75 114 177 49 134
95 166 13 55 109 75 177 68 161 174 111 85 72 185 44 28 143 87 87 181 139 74 77 123 92 79 95 38 124 11
88 21 49 173 21 35 110 74 145 103 20 92 59 109 9 11 198 14 74 117 116 51 54 33 175 166 181 161 86 113
25 125 146 162 76 16 147 27 105 158 40 165 178 32 43 58 42 52 101 107 6 133 71 38 163 87 2 49 80 165
165 53 157 132 191 134 128 176 66 148 133 8 106 187 104 118 182 13 78 3 198 182 25 95 179 143 187 177 52 152
0 8 22 26 23 33 40 31 37 44 47 23 18 2
8 0 19 22 17 28 35 27 33 43 46 27 23 7
22 19 0 8 14 20 23 14 17 27 30 30 25 21
26 22 8 0 10 13 16 7 14 28 31 36 31 25
23 17 14 10 0 12 20 13 22 37 40 39 33 23
33 28 20 13 12 0 11 11 20 37 40 47 42 33
40 35 23 16 20 11 0 10 14 31 34 50 46 39
31 27 14 7 13 11 10 0 12 28 31 42 37 31
37 33 17 14 22 20 14 12 0 19 21 42 37 36
44 43 27 28 37 37 31 28 19 0 5 40 37 43
47 46 30 31 40 40 34 31 21 5 0 42 40 46
23 27 30 36 39 47 50 42 42 40 42 0 7 22
18 23 25 31 33 42 46 37 37 37 40 7 0 18
2 7 21 25 23 33 39 31 36 43 46 22 18 0
