12
30
7 132 43 14 3 65 170 56 22 88 145 189 14 189 103 173 78 17 84 51 107 25 84 171 56 157 197 136 110 60
115 176 58 29 145 54 47 72 56 52 53 39 159 53 69 9 109 69 82 23 82 96 39 187 156 171 112 36 48 196
66 68 82 164 147 40 2 6 140 33 111 92 161 97 99 63 44 74 165 161 175 134 149 56 85 179 156 68 167 107
147 155 32 120 61 79 46 88 156 125 179 126 99 129 6 156 181 182 188 164 125 48 14 44 61 196 121 109 4 89
198 120 66 92 71 86 134 63 195 157 32 60 134 74 89 192 77 129 8 187 39 22 13 106 73 140 8 18 170 76
181 125 5 96 13 5 67 191 136 120 12 156 21 94 155 179 24 169 84 29 8 200 150 11 150 178 132 190 82 100
188 31 73 182 32 79 37 123 176 135 163 94 194 33 32 81 3 110 165 74 105 128 109 32 19 128 77 70 59 187
200 90 138 141 111 36 86 167 143 93 43 142 135 46 165 185 64 155 124 122 157 179 111 89 158 62 154 105 159 54
166 192 62 93 27 155 39 103 168 62 18 170 80 137 19 194 151 183 41 112 99 82 134 66 67 138 71 93 36 200
84 150 113 190 124 25 141 138 67 160 93 188 110 25 53 127 51 158 48 69 21 136 46 79 140 126 170 198 57 72
14 94 79 57 112 81 185 62 125 141 155 157 169 189 148 129 63 113 109 104 191 13 30 168 93 38 29 112 73 82
119 174 13 18 135 49 191 167 10 191 82 38 47 52 22 70 25 54 69 188 162 59 63 42 110 97 158 105 92 181
0 6 10 11 25 30 38 36 48 37 41 23 17 5
6 0 10 12 27 31 38 38 50 40 44 27 21 8
10 10 0 7 19 23 30 30 44 34 40 24 18 8
11 12 7 0 16 21 29 27 40 29 35 19 13 7
25 27 19 16 0 6 14 13 29 21 31 21 19 22
30 31 23 21 6 0 10 10 27 21 31 25 23 27
38 38 30 29 14 10 0 13 30 26 37 33 32 34
36 38 30 27 13 10 13 0 19 15 26 25 25 33
48 50 44 40 29 27 30 19 0 13 17 29 33 45
37 40 34 29 21 21 26 15 13 0 12 18 22 34
41 44 40 35 31 31 37 26 17 12 0 19 25 38
23 27 24 19 21 25 33 25 29 18 19 0 8 21
17 21 18 13 19 23 32 25 33 22 25 8 0 15
5 8 8 7 22 27 34 33 45 34 38 21 15 0
