12
10
59 150 175 33 184 33 44 194 164 115
21 17 198 100 171 46 103 96 115 195
24 199 1 108 104 21 69 117 200 163
109 18 8 58 14 4 18 127 128 20
192 51 43 190 108 175 49 140 126 119
96 145 49 82 21 34 155 56 108 15
151 127 161 165 189 64 104 54 6 87
154 120 157 17 49 17 88 177 52 184
10 187 93 38 171 1 75 200 77 33
22 44 138 76 139 160 165 147 6 80
19 20 55 66 158 102 198 66 110 37
32 82 65 164 103 28 32 60 174 175
0 14 23 25 42 50 49 50 41 35 30 29 11 9
14 0 13 13 31 37 37 39 32 31 20 18 11 13
23 13 0 8 21 30 30 39 39 40 25 20 23 25
25 13 8 0 19 26 26 33 33 36 19 14 22 25
42 31 21 19 0 13 13 34 43 50 32 26 40 42
50 37 30 26 13 0 3 28 41 50 32 27 46 48
49 37 30 26 13 3 0 26 39 49 31 26 45 48
50 39 39 33 34 28 26 0 20 32 22 23 42 45
41 32 39 33 43 41 39 20 0 14 15 20 31 34
35 31 40 36 50 50 49 32 14 0 20 25 26 27
30 20 25 19 32 32 31 22 15 20 0 7 22 24
29 18 20 14 26 27 26 23 20 25 7 0 22 25
11 11 23 22 40 46 45 42 31 26 22 22 0 4
9 13 25 25 42 48 48 45 34 27 24 25 4 0
