12
30
76 81 23 197 195 46 7 155 99 169 153 40 51 4 78 178 88 163 107 30 27 73 98 98 65 39 34 97 73 195
108 179 23 118 197 134 83 192 1 2 76 30 24 153 25 95 131 29 185 138 155 188 46 83 11 57 158 119 109 53
103 197 80 194 196 174 56 28 46 47 92 109 63 57 49 142 82 53 124 99 129 86 197 160 171 63 32 152 144 54
140 152 40 115 84 90 6 138 121 9 137 162 127 72 172 134 191 193 32 179 121 171 82 43 109 183 78 96 150 86
149 65 5 92 138 106 96 55 190 193 9 175 84 53 169 84 124 169 197 27 157 153 46 171 37 67 186 43 158 128
131 92 93 46 93 25 107 115 120 104 14 67 120 141 184 159 136 184 29 87 84 58 184 105 53 64 9 49 139 139
103 114 144 29 57 86 189 96 112 143 26 157 31 78 113 70 106 115 198 128 4 69 35 9 178 174 107 88 18 176
129 57 93 115 105 34 176 105 94 182 199 164 104 80 16 51 95 113 53 78 124 57 65 177 46 19 158 164 165 91
23 57 67 55 175 145 200 171 188 95 153 154 184 143 66 150 91 146 43 36 20 131 28 104 38 41 164 101 146 165
51 170 196 114 180 176 39 8 159 127 54 131 162 199 130 158 159 73 51 139 94 125 22 49 154 108 99 134 127 188
42 52 29 81 138 2 65 196 134 169 191 44 12 64 111 143 48 69 162 55 196 145 40 15 126 159 84 191 199 73
188 132 136 83 26 3 152 103 199 145 15 63 75 68 116 97 39 59 67 14 84 3 114 64 112 185 102 182 129 130
0 5 15 19 20 36 38 40 31 29 40 32 26 8
5 0 13 18 20 37 39 41 33 32 43 35 29 10
15 13 0 6 11 33 35 37 32 38 49 42 39 15
19 18 6 0 8 30 32 34 31 39 50 44 43 18
20 20 11 8 0 23 26 28 24 34 45 39 40 16
36 37 33 30 23 0 4 6 12 30 40 37 46 30
38 39 35 32 26 4 0 4 12 29 38 37 46 32
40 41 37 34 28 6 4 0 13 31 39 38 48 34
31 33 32 31 24 12 12 13 0 19 29 26 36 25
29 32 38 39 34 30 29 31 19 0 13 9 21 25
40 43 49 50 45 40 38 39 29 13 0 10 23 36
32 35 42 44 39 37 37 38 26 9 10 0 16 28
26 29 39 43 40 46 46 48 36 21 23 16 0 26
8 10 15 18 16 30 32 34 25 25 36 28 26 0
