12
10
8 175 49 103 52 2 150 138 57 121
97 163 26 80 200 31 102 92 39 87
1 199 165 25 30 23 175 104 164 13
29 155 200 104 142 70 170 91 18 165
178 41 67 84 107 30 155 122 190 155
92 84 11 16 44 16 103 133 58 188
191 108 92 14 90 183 71 14 8 45
170 124 94 136 39 193 136 22 132 20
42 176 17 16 73 95 94 153 176 157
158 187 34 39 7 80 36 152 90 33
105 196 181 167 169 36 194 173 90 63
191 69 121 47 150 25 101 8 28 188
0 22 24 36 37 38 42 21 19 15 29 20 18 8
22 0 6 16 29 34 41 22 26 25 40 36 37 28
24 6 0 14 24 30 37 20 25 24 39 36 38 30
36 16 14 0 27 35 42 30 36 36 50 48 50 42
37 29 24 27 0 10 17 18 23 26 33 36 43 41
38 34 30 35 10 0 9 19 21 25 27 33 40 41
42 41 37 42 17 9 0 24 25 29 27 34 42 45
21 22 20 30 18 19 24 0 7 9 21 21 26 24
19 26 25 36 23 21 25 7 0 6 16 15 21 22
15 25 24 36 26 25 29 9 6 0 17 14 19 17
29 40 39 50 33 27 27 21 16 17 0 12 20 27
20 36 36 48 36 33 34 21 15 14 12 0 10 18
18 37 38 50 43 40 42 26 21 19 20 10 0 13
8 28 30 42 41 41 45 24 22 17 27 18 13 0
