12
10
76 60 80 141 96 19 90 154 136 7
56 161 84 26 65 119 188 8 170 58
72 173 191 89 156 129 21 37 28 59
57 158 71 104 122 196 144 6 152 120
186 125 111 195 189 147 142 29 87 53
122 146 26 146 34 141 32 194 174 2
35 157 137 79 138 21 171 29 84 24
88 36 66 33 54 185 22 130 100 29
106 1 119 104 176 67 139 41 150 139
25 110 186 61 78 134 84 64 99 97
192 78 115 191 57 50 172 164 1 77
55 120 81 7 35 155 38 83 153 79
0 12 18 21 17 17 23 28 47 34 35 28 18 18
12 0 8 11 14 16 21 23 47 36 40 33 24 21
18 8 0 10 18 21 25 26 50 41 46 39 31 27
21 11 10 0 13 16 18 18 43 36 42 36 29 24
17 14 18 13 0 5 8 12 34 25 31 24 18 13
17 16 21 16 5 0 8 13 33 22 28 21 16 10
23 21 25 18 8 8 0 7 27 19 27 21 19 13
28 23 26 18 12 13 7 0 27 22 32 27 25 19
47 47 50 43 34 33 27 27 0 18 27 29 35 32
34 36 41 36 25 22 19 22 18 0 13 13 20 18
35 40 46 42 31 28 27 32 27 13 0 9 19 21
28 33 39 36 24 21 21 27 29 13 9 0 11 14
18 24 31 29 18 16 19 25 35 20 19 11 0 8
18 21 27 24 13 10 13 19 32 18 21 14 8 0
