12
10
6 5 43 172 50 187 48 29 162 47
146 82 150 144 115 196 46 113 39 97
152 169 120 138 24 31 92 172 59 175
100 119 196 15 176 11 107 114 181 125
39 79 128 42 36 152 61 102 188 150
87 140 80 65 90 51 52 87 58 16
23 40 164 114 152 78 51 126 158 117
100 99 116 149 136 19 150 11 40 26
115 178 127 51 136 100 83 180 159 196
21 44 59 7 79 156 90 118 158 160
191 71 80 48 99 174 114 194 187 59
54 159 102 85 198 21 125 51 47 148
0 7 8 16 27 33 32 31 40 39 24 24 20 17
7 0 10 18 33 39 37 36 44 43 25 25 23 22
8 10 0 10 29 34 34 34 44 43 30 30 25 22
16 18 10 0 32 36 38 38 50 50 39 38 32 29
27 33 29 32 0 8 7 8 25 25 31 29 19 17
33 39 34 36 8 0 8 10 27 27 37 34 25 23
32 37 34 38 7 8 0 4 20 21 31 29 21 19
31 36 34 38 8 10 4 0 18 18 29 27 19 17
40 44 44 50 25 27 20 18 0 3 26 24 22 24
39 43 43 50 25 27 21 18 3 0 25 23 21 23
24 25 30 39 31 37 31 29 26 25 0 4 13 17
24 25 30 38 29 34 29 27 24 23 4 0 11 15
20 23 25 32 19 25 21 19 22 21 13 11 0 5
17 22 22 29 17 23 19 17 24 23 17 15 5 0
