12
20
181 93 54 56 14 109 65 37 176 84 73 157 124 35 45 73 137 4 50 44
112 108 21 38 171 9 75 65 117 117 69 10 170 48 19 155 106 5 136 68
129 153 15 181 98 103 183 87 9 183 87 56 113 82 116 157 18 93 51 130
167 52 74 187 36 163 149 101 136 24 49 73 33 94 120 11 172 132 190 19
74 187 3 19 107 2 69 124 154 183 185 6 158 70 76 66 75 24 59 88
1 32 117 13 109 11 163 80 65 40 13 67 47 28 13 113 67 130 49 120
43 187 73 56 174 51 139 149 7 79 14 148 37 15 161 75 108 85 61 25
75 77 18 44 108 118 5 61 148 90 87 131 114 174 153 198 82 200 169 170
118 190 20 187 140 143 142 38 46 82 44 181 7 84 189 133 68 83 145 199
29 171 25 119 18 141 143 189 51 152 38 98 110 126 139 71 37 22 7 147
63 156 13 18 41 3 109 181 37 156 15 65 115 25 28 125 85 5 32 167
77 47 16 165 173 178 39 106 99 66 47 71 197 171 32 63 192 54 4 172
0 22 21 22 39 35 32 32 26 25 17 21 12 2
22 0 19 19 27 31 29 33 29 31 35 40 32 22
21 19 0 3 20 16 13 15 11 15 26 33 30 22
22 19 3 0 18 15 12 15 11 15 27 34 32 23
39 27 20 18 0 14 14 20 22 28 44 50 48 40
35 31 16 15 14 0 5 8 12 18 36 42 43 36
32 29 13 12 14 5 0 8 10 16 33 40 40 33
32 33 15 15 20 8 8 0 7 12 30 37 39 33
26 29 11 11 22 12 10 7 0 7 25 31 33 27
25 31 15 15 28 18 16 12 7 0 20 27 30 26
17 35 26 27 44 36 33 30 25 20 0 8 15 17
21 40 33 34 50 42 40 37 31 27 8 0 15 20
12 32 30 32 48 43 40 39 33 30 15 15 0 11
2 22 22 23 40 36 33 33 27 26 17 20 11 0
