12
20
188 133 127 45 35 129 156 14 51 196 24 186 72 86 135 41 117 161 157 114
30 93 111 107 92 2 58 183 47 61 6 48 143 42 163 101 93 88 75 56
112 176 31 149 183 85 85 133 114 20 186 182 57 62 146 123 1 93 88 103
65 178 128 46 38 159 121 101 185 72 42 84 57 62 111 18 101 129 61 9
139 158 187 115 161 6 87 196 196 182 121 30 74 125 61 108 195 125 18 124
184 191 125 140 174 133 155 16 41 113 10 41 169 196 165 20 87 34 127 122
89 199 48 49 134 168 69 200 125 150 136 100 31 61 175 174 135 11 34 136
146 37 103 119 118 66 129 99 105 121 15 95 160 99 127 38 24 195 4 125
4 154 152 86 189 170 47 158 105 176 199 47 39 94 60 158 172 74 49 78
198 92 32 161 53 89 196 118 106 163 171 110 63 158 125 62 47 157 30 184
55 97 191 179 160 82 21 110 28 106 156 103 72 144 58 102 26 63 1 100
129 24 24 124 133 60 100 62 47 59 172 77 32 47 94 58 78 198 103 24
0 14 31 34 30 41 42 32 27 28 19 25 9 9
14 0 19 21 19 32 33 23 18 22 21 33 20 15
31 19 0 5 15 30 33 26 24 29 35 49 37 32
34 21 5 0 13 28 31 24 23 29 35 50 39 34
30 19 15 13 0 17 20 12 12 17 26 42 34 28
41 32 30 28 17 0 4 10 16 17 29 44 41 36
42 33 33 31 20 4 0 11 17 16 29 43 41 36
32 23 26 24 12 10 11 0 7 9 21 37 33 27
27 18 24 23 12 16 17 7 0 7 17 33 27 22
28 22 29 29 17 17 16 9 7 0 14 30 27 22
19 21 35 35 26 29 29 21 17 14 0 18 16 12
25 33 49 50 42 44 43 37 33 30 18 0 17 20
9 20 37 39 34 41 41 33 27 27 16 17 0 7
9 15 32 34 28 36 36 27 22 22 12 20 7 0
