12
30
37 70 112 142 146 133 115 168 100 138 78 16 114 58 187 145 122 10 118 134 60 193 158 185 181 21 136 62 121 2
114 175 21 89 85 198 133 20 161 141 190 141 150 130 110 104 81 185 165 68 88 117 92 76 136 139 101 71 100 36
63 136 23 110 154 28 80 52 115 95 90 179 42 75 156 137 173 178 32 66 49 130 23 122 99 171 59 186 52 32
86 60 44 40 82 113 134 18 176 59 145 108 91 109 182 108 162 163 75 30 122 8 190 52 17 60 11 98 34 66
120 160 98 18 112 59 52 116 123 200 47 181 52 175 61 45 194 44 2 73 106 69 5 35 76 200 43 100 186 82
44 159 54 22 162 40 60 1 93 21 3 55 2 44 70 165 130 125 75 30 98 169 13 82 183 77 42 193 21 187
194 115 65 3 155 122 30 119 59 10 4 89 185 191 106 20 93 189 32 123 27 10 182 111 194 27 74 167 196 69
174 124 50 172 91 11 62 80 133 19 178 39 195 107 152 40 79 3 87 105 176 130 104 177 30 130 126 132 3 12
138 186 198 95 27 194 184 195 109 185 75 134 88 62 155 105 181 58 49 114 62 41 10 82 131 99 110 125 73 167
38 97 111 172 118 114 136 70 132 60 7 102 89 104 155 196 140 125 12 108 93 73 190 130 83 103 68 122 147 101
151 35 154 157 61 162 177 172 144 182 168 142 184 163 185 195 184 132 41 18 153 1 135 122 25 51 68 103 1 162
103 82 2 16 122 8 109 7 52 87 15 55 9 29 114 134 141 103 79 157 170 101 48 161 98 81 69 82 182 38
0 17 26 29 25 23 20 9 13 21 36 29 20 16
17 0 13 20 18 20 13 15 18 33 48 42 35 32
26 13 0 11 12 17 10 21 22 38 50 47 43 40
29 20 11 0 5 11 10 21 20 34 45 43 43 41
25 18 12 5 0 8 7 18 17 31 42 40 39 37
23 20 17 11 8 0 9 15 12 25 36 34 34 33
20 13 10 10 7 9 0 13 13 29 42 38 35 33
9 15 21 21 18 15 13 0 6 20 34 29 24 21
13 18 22 20 17 12 13 6 0 18 31 27 24 22
21 33 38 34 31 25 29 20 18 0 16 11 14 16
36 48 50 45 42 36 42 34 31 16 0 10 24 28
29 42 47 43 40 34 38 29 27 11 10 0 16 20
20 35 43 43 39 34 35 24 24 14 24 16 0 6
16 32 40 41 37 33 33 21 22 16 28 20 6 0
