12
20
42 86 107 72 187 113 98 60 56 101 121 156 193 65 110 137 45 158 94 127
160 198 158 107 177 99 86 12 131 4 195 81 125 50 81 83 1 43 132 177
82 114 31 56 87 19 167 47 4 142 113 150 2 130 172 161 108 26 71 150
112 195 193 98 192 119 35 45 58 134 142 124 116 154 10 43 69 60 71 128
115 180 172 186 114 51 139 22 196 122 155 58 42 2 35 50 6 163 54 5
51 170 62 117 55 29 31 5 15 59 43 120 19 35 131 69 169 38 112 85
61 170 69 82 163 159 13 192 78 197 143 10 79 59 123 136 194 123 66 103
122 96 36 55 151 117 56 149 71 89 55 102 15 46 123 200 95 153 59 118
164 132 56 45 167 139 103 184 17 17 7 175 10 76 119 35 44 92 174 26
29 148 168 42 112 135 117 55 101 51 115 105 57 107 195 153 37 76 20 67
43 126 31 74 65 154 168 129 188 42 177 173 22 191 175 139 50 136 27 104
5 102 59 179 32 76 118 137 169 170 2 66 51 131 151 141 36 7 179 15
0 9 17 24 26 36 39 35 34 19 13 10 12 14
9 0 9 16 18 28 32 27 28 21 21 17 18 17
17 9 0 11 14 24 28 22 21 23 27 25 26 25
24 16 11 0 4 15 18 13 26 32 35 30 31 28
26 18 14 4 0 12 16 11 27 35 37 32 33 29
36 28 24 15 12 0 5 7 35 45 47 40 41 36
39 32 28 18 16 5 0 9 37 49 50 44 45 40
35 27 22 13 11 7 9 0 29 43 46 41 42 38
34 28 21 26 27 35 37 29 0 28 41 43 44 44
19 21 23 32 35 45 49 43 28 0 19 26 27 31
13 21 27 35 37 47 50 46 41 19 0 12 12 19
10 17 25 30 32 40 44 41 43 26 12 0 3 9
12 18 26 31 33 41 45 42 44 27 12 3 0 9
14 17 25 28 29 36 40 38 44 31 19 9 9 0
