12
30
43 146 183 77 71 27 135 197 111 144 29 186 127 20 114 95 145 93 44 168 198 180 98 144 114 6 136 48 189 78
81 36 48 108 39 108 16 25 129 118 126 69 80 64 22 141 30 102 78 33 184 58 95 37 63 159 153 131 179 94
83 73 148 19 55 81 115 38 164 50 25 29 109 150 58 108 71 188 32 198 72 139 69 155 17 25 105 69 169 13
59 17 171 140 180 131 36 160 84 75 181 160 67 58 153 12 24 142 66 38 115 76 41 69 108 145 58 177 73 192
41 35 126 82 17 52 15 160 194 34 61 72 133 14 127 45 15 177 159 182 101 21 160 101 88 196 80 127 44 110
168 112 170 116 34 163 152 28 147 31 142 125 169 132 198 178 161 192 146 135 99 165 83 164 126 186 37 114 44 30
54 9 112 118 70 143 93 103 197 43 152 171 33 101 193 92 30 100 146 64 14 115 52 172 199 72 157 155 3 91
177 69 93 138 125 74 89 132 101 41 174 15 59 117 168 116 173 80 18 50 52 96 71 54 82 62 40 82 189 12
66 146 98 36 35 13 112 146 166 72 158 149 51 199 64 138 167 184 36 173 99 146 87 2 196 118 141 165 80 24
55 180 171 104 158 37 168 162 155 18 156 175 48 72 101 118 89 15 141 151 142 26 157 127 42 53 61 149 32 114
154 91 24 115 143 10 101 141 28 61 94 109 190 147 133 16 190 31 75 36 192 141 169 82 106 160 63 47 180 99
4 15 64 91 99 27 183 126 94 14 61 32 145 116 164 46 81 103 181 31 88 170 183 19 164 161 137 38 117 48
0 11 18 31 41 45 42 44 35 37 27 25 27 20
11 0 15 28 40 48 46 50 42 42 32 33 36 27
18 15 0 15 27 36 36 42 33 33 22 27 33 22
31 28 15 0 17 30 32 43 35 34 24 33 41 30
41 40 27 17 0 17 22 35 29 26 21 32 40 31
45 48 36 30 17 0 8 22 19 16 19 27 34 29
42 46 36 32 22 8 0 16 13 10 17 22 29 25
44 50 42 43 35 22 16 0 11 11 22 20 22 25
35 42 33 35 29 19 13 11 0 5 13 12 17 17
37 42 33 34 26 16 10 11 5 0 13 15 21 19
27 32 22 24 21 19 17 22 13 13 0 12 21 12
25 33 27 33 32 27 22 20 12 15 12 0 10 7
27 36 33 41 40 34 29 22 17 21 21 10 0 13
20 27 22 30 31 29 25 25 17 19 12 7 13 0
