12
10
187 77 38 135 139 121 11 13 44 169
146 129 183 87 147 151 45 118 13 175
80 38 168 113 142 19 80 99 73 54
114 181 79 143 183 167 20 24 17 78
132 121 47 111 34 101 67 141 48 29
104 181 148 121 88 163 185 161 139 164
24 14 96 63 131 118 169 19 83 31
34 176 162 24 130 146 80 104 169 60
47 176 72 20 38 63 44 29 87 142
128 57 19 162 53 125 67 99 198 99
188 186 111 31 50 52 190 106 83 83
31 195 23 54 6 49 156 89 122 184
0 9 7 16 19 40 41 37 37 26 23 27 24 25
9 0 4 14 17 37 39 37 37 29 28 32 30 32
7 4 0 12 15 36 38 35 35 26 25 29 27 30
16 14 12 0 5 26 27 24 24 20 21 25 25 32
19 17 15 5 0 23 24 21 21 18 20 24 25 33
40 37 36 26 23 0 7 11 12 28 34 37 39 50
41 39 38 27 24 7 0 7 8 26 32 34 37 49
37 37 35 24 21 11 7 0 3 21 27 29 32 44
37 37 35 24 21 12 8 3 0 20 26 28 31 43
26 29 26 20 18 28 26 21 20 0 8 10 13 25
23 28 25 21 20 34 32 27 26 8 0 6 6 18
27 32 29 25 24 37 34 29 28 10 6 0 5 18
24 30 27 25 25 39 37 32 31 13 6 5 0 14
25 32 30 32 33 50 49 44 43 25 18 18 14 0
