12
30
123 197 155 169 199 4 22 40 77 18 174 118 47 175 144 123 160 104 142 97 119 9 132 18 78 17 130 42 192 141
53 178 171 116 96 160 71 141 196 73 198 152 123 170 59 122 113 116 128 118 146 41 11 130 175 189 144 55 175 66
38 117 154 44 191 81 68 27 104 61 148 31 170 59 107 133 26 166 111 90 141 140 133 141 184 117 95 158 195 113
162 149 183 78 162 66 72 8 13 10 1 122 95 97 88 186 154 177 196 162 44 181 35 9 164 125 170 96 199 138
8 28 142 105 58 187 9 124 119 24 40 124 179 116 37 92 19 89 147 41 185 115 96 25 141 59 196 27 94 183
160 133 181 64 143 17 43 173 134 152 77 187 110 15 46 25 163 157 171 125 97 46 9 186 176 125 22 121 196 123
105 194 64 161 30 66 58 149 86 120 190 184 182 22 49 125 143 197 23 188 112 56 172 178 11 112 154 197 196 41
114 62 85 141 168 94 27 93 54 90 1 163 114 11 176 107 199 114 170 79 19 18 57 88 87 36 37 121 151 188
175 47 144 66 84 118 49 75 64 2 94 133 60 18 48 67 3 55 122 127 154 22 30 56 93 89 87 31 121 135
77 95 198 36 16 193 69 8 39 4 14 152 10 67 47 14 200 92 130 14 187 47 45 123 4 34 12 152 18 160
8 76 64 12 199 62 53 73 126 170 58 104 74 97 59 145 176 17 34 90 172 123 102 188 114 64 78 100 1 56
63 140 63 179 199 33 13 9 192 96 41 67 146 127 104 183 73 60 172 29 172 48 27 85 52 23 153 14 10 177
0 17 22 20 24 40 34 38 36 22 21 27 10 9
17 0 14 16 21 41 45 50 49 34 33 42 24 24
22 14 0 8 10 30 39 46 45 31 31 45 30 30
20 16 8 0 7 26 33 40 39 25 25 40 27 27
24 21 10 7 0 22 33 40 39 27 27 43 32 32
40 41 30 26 22 0 26 33 33 28 30 48 45 45
34 45 39 33 33 26 0 9 9 13 15 28 35 35
38 50 46 40 40 33 9 0 3 18 19 27 37 37
36 49 45 39 39 33 9 3 0 16 17 25 36 35
22 34 31 25 27 28 13 18 16 0 3 22 23 23
21 33 31 25 27 30 15 19 17 3 0 21 21 21
27 42 45 40 43 48 28 27 25 22 21 0 21 21
10 24 30 27 32 45 35 37 36 23 21 21 0 2
9 24 30 27 32 45 35 37 35 23 21 21 2 0
