12
30
121 8 115 125 29 65 53 82 15 174 166 122 87 93 168 1 110 140 156 3 51 46 138 42 41 78 105 48 182 141
101 178 111 199 162 16 21 50 46 25 30 20 28 171 157 33 160 57 53 187 168 194 172 89 200 169 135 86 47 34
98 200 25 90 95 15 57 164 133 79 135 196 153 78 153 119 44 149 50 150 52 184 109 172 4 14 17 87 90 52
98 83 63 132 185 8 138 36 147 9 162 72 115 84 52 116 48 117 143 164 2 78 56 88 63 12 133 181 80 30
71 150 195 104 166 38 91 177 83 73 159 186 13 184 46 3 118 109 55 94 51 115 190 200 178 81 74 31 66 4
88 178 175 117 18 101 92 62 198 26 83 33 75 144 74 105 199 108 143 10 82 161 27 169 153 199 9 1 76 174
102 71 87 115 93 41 131 47 165 54 76 109 40 36 145 117 107 56 14 27 162 65 12 168 149 170 127 166 23 90
131 65 165 124 161 168 124 122 129 114 124 37 73 183 77 134 188 22 134 38 164 176 103 142 195 25 178 144 94 106
166 136 200 165 162 5 103 198 138 77 37 47 194 105 55 65 186 95 25 5 83 117 130 20 136 175 6 173 82 106
86 36 3 164 95 30 13 6 98 54 65 30 4 18 108 140 161 39 78 123 100 162 19 197 75 143 182 142 67 12
166 160 21 179 122 104 131 64 71 200 167 106 145 26 86 180 114 29 189 15 185 86 79 52 26 160 91 34 33 17
193 7 121 56 135 184 180 192 99 199 189 58 147 74 53 168 185 157 15 44 110 84 47 137 49 71 83 169 141 93
0 12 13 29 33 16 17 30 24 27 17 10 22 5
12 0 3 18 22 13 14 28 30 34 27 20 30 15
13 3 0 17 21 12 14 27 30 34 27 20 31 16
29 18 17 0 11 24 25 34 44 49 43 36 44 32
33 22 21 11 0 23 24 29 43 48 46 39 50 36
16 13 12 24 23 0 3 17 22 27 26 19 37 20
17 14 14 25 24 3 0 16 20 26 25 18 37 20
30 28 27 34 29 17 16 0 23 27 35 29 50 33
24 30 30 44 43 22 20 23 0 7 18 17 39 25
27 34 34 49 48 27 26 27 7 0 18 19 39 27
17 27 27 43 46 26 25 35 18 18 0 9 23 15
10 20 20 36 39 19 18 29 17 19 9 0 24 10
22 30 31 44 50 37 37 50 39 39 23 24 0 19
5 15 16 32 36 20 20 33 25 27 15 10 19 0
