12
30
183 139 85 66 62 49 128 34 139 165 42 26 166 189 44 180 120 60 111 174 167 124 116 137 43 53 91 10 123 188
60 169 112 119 29 55 130 119 167 178 16 62 160 48 65 132 1 18 141 177 130 22 197 94 196 152 185 28 14 182
154 106 163 84 110 165 171 180 157 132 115 62 81 112 120 54 22 75 139 135 109 45 140 192 70 103 168 185 183 58
4 137 130 159 191 118 46 4 16 111 55 79 83 88 54 103 139 103 164 176 168 162 35 97 121 133 200 17 87 94
52 7 193 44 23 45 123 37 13 58 120 176 82 180 96 91 9 64 124 12 158 96 44 139 7 11 38 184 197 172
37 176 51 184 124 101 92 26 122 109 1 129 70 86 167 178 189 162 163 130 48 76 181 93 182 36 57 151 135 188
177 16 56 94 40 145 196 194 6 196 114 176 186 107 137 22 158 102 177 150 152 71 81 131 23 21 70 115 46 11
44 93 16 161 43 47 54 23 27 66 157 182 23 191 159 103 80 143 90 99 172 178 56 95 143 87 196 147 150 120
181 14 156 2 89 162 23 19 28 90 78 61 89 9 79 88 22 48 89 21 16 143 178 173 91 8 77 86 147 16
192 63 38 179 112 134 129 145 147 96 7 31 153 31 192 23 175 43 97 9 70 128 88 92 16 182 69 144 105 107
40 69 128 16 120 23 134 52 123 79 152 27 164 173 175 173 28 27 63 71 39 85 7 31 97 124 169 85 25 100
187 1 178 69 94 34 185 44 183 179 153 52 64 192 99 1 161 10 196 143 195 128 104 72 165 65 172 51 159 188
0 24 21 32 19 22 31 33 19 20 13 11 8 6
24 0 6 24 22 32 38 50 41 43 28 28 28 27
21 6 0 21 18 28 34 46 39 40 27 26 27 25
32 24 21 0 16 22 22 42 44 47 42 41 39 37
19 22 18 16 0 11 18 31 30 33 30 28 26 24
22 32 28 22 11 0 11 22 27 31 34 32 28 27
31 38 34 22 18 11 0 24 34 39 43 41 38 36
33 50 46 42 31 22 24 0 23 27 42 40 36 35
19 41 39 44 30 27 34 23 0 6 23 21 18 18
20 43 40 47 33 31 39 27 6 0 22 20 17 18
13 28 27 42 30 34 43 42 23 22 0 4 8 9
11 28 26 41 28 32 41 40 21 20 4 0 5 7
8 28 27 39 26 28 38 36 18 17 8 5 0 3
6 27 25 37 24 27 36 35 18 18 9 7 3 0
