12
10
138 116 16 179 22 70 153 7 161 5
23 193 165 100 25 115 83 145 133 94
84 124 75 141 59 185 48 129 52 69
56 83 2 67 172 80 20 72 50 145
45 93 61 182 139 142 84 55 120 162
34 51 116 112 77 169 5 65 78 133
134 60 191 114 193 2 181 57 14 59
62 8 176 26 161 13 65 98 184 139
59 193 173 169 163 39 102 77 6 42
22 14 49 118 13 131 19 175 109 36
39 188 37 79 190 153 137 46 126 65
152 42 19 190 48 127 64 67 54 41
0 14 19 14 16 21 33 22 24 24 34 26 22 12
14 0 7 6 16 22 35 31 34 35 45 38 35 20
19 7 0 9 19 26 37 36 39 40 50 44 40 24
14 6 9 0 12 18 30 29 32 33 44 39 35 22
16 16 19 12 0 8 20 22 25 27 37 35 32 27
21 22 26 18 8 0 14 19 22 25 34 35 33 32
33 35 37 30 20 14 0 23 25 29 35 41 40 43
22 31 36 29 22 19 23 0 5 8 17 20 19 29
24 34 39 32 25 22 25 5 0 6 14 19 18 31
24 35 40 33 27 25 29 8 6 0 12 15 14 29
34 45 50 44 37 34 35 17 14 12 0 17 19 38
26 38 44 39 35 35 41 20 19 15 17 0 6 26
22 35 40 35 32 33 40 19 18 14 19 6 0 22
12 20 24 22 27 32 43 29 31 29 38 26 22 0
