12
10
43 71 99 31 75 121 126 73 86 18
57 76 48 107 27 50 5 81 31 144
4 99 72 94 115 118 139 117 53 115
95 145 61 2 107 38 48 54 30 88
52 15 24 93 117 103 47 33 62 74
109 35 61 61 144 75 133 126 143 12
16 75 107 118 61 101 112 132 129 95
19 121 93 83 145 35 21 69 23 19
128 106 126 51 73 112 135 113 32 43
62 70 7 80 135 54 98 136 58 137
137 71 140 145 18 13 16 93 144 28
22 95 84 149 17 16 101 108 143 70
0 11 12 16 19 16 22 23 25 25 23 22 16 18
11 0 3 10 13 15 20 20 22 22 22 22 19 22
12 3 0 8 12 14 19 19 21 21 22 21 18 22
16 10 8 0 5 10 13 12 15 15 17 17 17 21
19 13 12 5 0 8 10 9 11 11 14 14 16 21
16 15 14 10 8 0 7 9 11 10 9 9 9 14
22 20 19 13 10 7 0 4 5 5 6 7 13 17
23 20 19 12 9 9 4 0 4 4 9 10 15 19
25 22 21 15 11 11 5 4 0 2 8 9 16 20
25 22 21 15 11 10 5 4 2 0 8 9 15 19
23 22 22 17 14 9 6 9 8 8 0 3 10 14
22 22 21 17 14 9 7 10 9 9 3 0 9 13
16 19 18 17 16 9 13 15 16 15 10 9 0 6
18 22 22 21 21 14 17 19 20 19 14 13 6 0
