12
30
55 105 54 1 125 66 60 8 23 46 22 93 90 147 86 38 10 30 47 43 139 52 26 123 88 23 74 32 104 131
123 48 107 23 111 90 119 59 122 26 139 43 6 9 16 82 92 143 127 107 69 71 29 56 21 110 129 11 145 109
65 9 67 1 120 35 74 87 44 126 20 121 101 73 86 87 67 15 131 32 3 74 4 61 1 27 26 101 104 103
132 103 139 42 3 120 49 17 106 37 20 130 84 114 136 80 77 104 49 116 94 71 50 73 2 58 105 2 5 56
73 113 43 87 26 148 57 148 131 16 139 87 121 80 52 71 107 107 120 60 35 11 118 129 130 146 48 46 75 149
65 85 108 42 148 107 84 86 26 28 97 122 131 40 26 143 7 77 3 21 85 145 17 103 83 13 59 77 3 61
72 74 60 12 7 93 15 134 23 34 124 49 55 27 82 120 109 125 34 33 19 143 66 9 116 21 57 84 9 48
32 52 68 90 98 81 91 86 29 53 6 23 130 42 91 41 88 50 91 129 5 94 37 71 41 34 136 130 110 87
8 99 43 79 93 48 72 22 120 89 26 95 47 133 12 67 44 102 136 36 67 14 49 32 79 15 64 110 97 53
37 74 89 8 54 6 44 100 33 72 64 43 38 44 40 33 9 15 28 127 102 69 107 44 64 138 98 110 43 135
120 43 72 73 117 117 41 133 102 108 49 98 149 78 53 34 143 11 136 39 79 2 42 6 125 3 143 65 88 36
82 84 140 146 48 82 139 106 118 141 99 44 123 15 28 89 119 94 16 39 149 116 131 52 117 31 2 53 133 102
0 6 9 10 12 14 8 16 11 14 13 15 9 9
6 0 5 5 8 12 8 17 14 18 17 19 12 10
9 5 0 3 5 13 11 20 17 21 21 23 15 12
10 5 3 0 4 12 10 19 17 21 21 23 16 13
12 8 5 4 0 12 12 21 19 24 24 25 18 15
14 12 13 12 12 0 9 12 13 19 21 23 22 20
8 8 11 10 12 9 0 11 8 13 15 17 15 15
16 17 20 19 21 12 11 0 7 12 15 17 22 23
11 14 17 17 19 13 8 7 0 8 10 13 16 18
14 18 21 21 24 19 13 12 8 0 5 7 15 18
13 17 21 21 24 21 15 15 10 5 0 4 13 16
15 19 23 23 25 23 17 17 13 7 4 0 13 17
9 12 15 16 18 22 15 22 16 15 13 13 0 5
9 10 12 13 15 20 15 23 18 18 16 17 5 0
