12
30
75 55 112 71 59 92 28 149 78 64 88 141 92 146 30 25 83 92 98 20 44 55 72 91 82 31 112 60 74 130
20 68 7 13 119 141 19 109 52 92 107 68 102 114 66 147 48 66 118 37 20 20 147 61 98 70 6 87 42 121
130 18 39 71 68 120 113 10 42 145 51 134 147 60 141 33 70 59 31 118 99 69 97 66 119 88 132 32 62 5
128 21 100 115 33 119 32 28 141 49 20 53 121 27 25 117 137 83 87 45 73 109 32 32 58 141 43 7 94 84
119 42 141 33 100 60 146 135 6 46 89 77 68 4 56 18 71 38 20 12 149 101 139 29 40 121 115 100 75 106
18 132 110 39 46 63 18 36 85 76 70 112 145 48 69 122 141 7 138 125 39 102 48 132 66 138 138 24 149 115
139 18 11 146 75 111 147 60 6 131 83 76 58 41 116 59 117 70 115 67 71 62 18 9 85 42 18 68 74 64
52 19 85 60 96 120 144 73 59 59 105 102 112 150 80 142 18 128 90 119 25 42 92 146 137 6 84 28 146 141
96 47 50 105 22 5 83 94 112 43 41 83 61 114 116 70 123 145 140 115 149 100 17 29 48 108 23 7 104 44
84 48 99 62 18 105 69 98 18 17 16 104 11 141 88 118 16 4 113 72 45 112 20 63 140 120 46 144 134 150
112 28 111 56 62 118 106 118 75 120 102 123 93 3 20 114 112 109 51 138 128 15 19 125 52 46 25 11 113 38
74 57 52 87 94 90 31 29 142 147 1 45 4 1 76 65 2 145 76 129 104 111 123 15 82 137 68 47 61 57
0 14 22 24 19 16 15 25 25 23 22 17 9 6
14 0 10 14 11 11 13 19 20 24 23 21 17 13
22 10 0 6 8 12 14 14 15 23 22 24 22 19
24 14 6 0 8 12 14 11 12 21 21 24 23 21
19 11 8 8 0 6 8 9 10 16 16 17 17 15
16 11 12 12 6 0 4 11 11 14 13 14 13 12
15 13 14 14 8 4 0 12 12 13 12 11 11 10
25 19 14 11 9 11 12 0 3 13 13 18 22 21
25 20 15 12 10 11 12 3 0 12 12 18 21 21
23 24 23 21 16 14 13 13 12 0 2 9 16 19
22 23 22 21 16 13 12 13 12 2 0 9 15 18
17 21 24 24 17 14 11 18 18 9 9 0 9 13
9 17 22 23 17 13 11 22 21 16 15 9 0 6
6 13 19 21 15 12 10 21 21 19 18 13 6 0
