12
30
78 111 64 47 101 50 74 82 141 92 87 148 4 27 108 15 116 149 139 46 141 25 128 75 15 5 9 124 36 35
48 53 113 99 91 52 144 116 85 139 88 18 134 92 123 108 105 33 77 101 76 107 54 142 109 57 40 13 97 48
36 82 110 67 140 48 70 143 14 134 142 8 61 106 97 19 1 122 90 77 96 118 14 150 79 132 64 4 85 29
89 111 86 25 133 28 86 124 28 50 33 139 34 28 34 8 124 97 84 116 139 47 24 51 89 103 133 88 141 47
71 124 109 40 116 24 13 147 9 147 129 82 81 110 106 4 131 90 70 12 132 50 99 106 68 131 88 25 50 142
81 141 74 149 10 39 121 116 21 77 94 49 4 3 38 24 91 60 131 100 76 86 40 56 48 22 89 63 104 105
37 56 17 102 109 17 23 18 81 57 45 79 78 2 37 73 102 29 2 47 88 7 13 119 119 2 74 75 68 92
30 149 65 148 52 11 75 22 142 127 84 72 1 121 135 134 125 134 16 64 70 42 124 7 13 113 140 18 51 117
41 17 16 65 88 102 138 7 17 48 134 28 100 15 72 148 111 17 128 43 134 88 99 77 93 123 64 146 95 53
99 33 150 101 135 17 74 68 120 127 53 121 30 124 52 58 57 58 56 85 29 111 150 87 46 97 111 115 103 41
89 150 67 138 150 83 67 149 21 95 120 127 118 98 99 50 86 17 76 98 134 131 82 97 126 22 66 13 98 35
109 47 7 67 44 40 30 19 70 118 64 136 55 6 58 2 14 124 30 91 45 74 31 14 111 132 143 86 112 140
0 6 8 17 15 18 7 7 13 6 6 7 7 5
6 0 4 13 13 17 8 9 16 11 10 9 9 7
8 4 0 11 13 18 10 11 19 13 11 10 10 8
17 13 11 0 13 18 16 18 25 22 21 20 20 18
15 13 13 13 0 7 10 12 17 17 19 20 20 18
18 17 18 18 7 0 12 13 16 19 21 23 23 21
7 8 10 16 10 12 0 4 11 9 11 13 13 11
7 9 11 18 12 13 4 0 9 7 10 12 12 11
13 16 19 25 17 16 11 9 0 10 14 17 17 16
6 11 13 22 17 19 9 7 10 0 5 8 8 8
6 10 11 21 19 21 11 10 14 5 0 5 5 5
7 9 10 20 20 23 13 12 17 8 5 0 2 4
7 9 10 20 20 23 13 12 17 8 5 2 0 3
5 7 8 18 18 21 11 11 16 8 5 4 3 0
