12
30
97 130 37 138 100 102 86 15 79 78 104 136 150 37 59 128 68 16 6 137 108 111 108 16 122 66 74 141 77 96
53 33 29 64 143 20 91 137 101 116 124 105 124 36 70 25 12 81 140 127 15 108 67 98 145 87 103 42 16 101
124 108 28 121 116 51 137 39 147 33 118 51 108 98 18 131 3 44 97 43 98 136 77 4 44 100 95 85 8 83
92 59 98 105 47 99 103 31 96 126 134 70 137 92 87 28 27 6 85 107 126 15 134 131 110 103 116 35 102 130
33 63 130 26 88 65 116 59 77 129 26 100 54 136 98 113 61 134 20 37 133 67 74 44 62 131 5 14 14 126
69 142 48 3 75 144 62 125 81 17 134 85 81 127 115 93 95 21 91 12 13 52 98 31 139 104 85 133 100 97
30 138 128 41 145 135 124 64 150 82 115 117 41 72 126 15 57 54 14 64 11 100 138 111 70 60 69 47 10 126
84 40 94 33 72 112 55 72 119 87 19 18 13 129 50 22 21 5 58 88 150 67 114 99 86 91 40 36 43 13
50 138 7 20 37 126 93 140 55 29 132 101 135 86 129 137 146 41 33 108 16 17 141 93 92 35 43 28 69 22
74 5 105 27 66 83 79 3 27 14 5 108 126 48 82 22 149 96 66 80 88 66 119 58 1 63 31 100 13 64
138 45 25 42 75 89 9 116 12 19 67 12 61 143 1 31 99 48 61 92 133 100 97 147 112 117 40 3 47 94
89 4 78 18 124 86 57 130 102 57 130 81 132 3 45 99 51 57 25 71 127 3 25 141 112 4 9 52 125 130
0 11 13 12 16 20 25 22 21 25 21 13 9 2
11 0 3 5 11 12 16 17 17 24 22 11 11 12
13 3 0 5 10 10 15 16 16 24 22 11 12 14
12 5 5 0 7 9 15 13 13 20 18 7 9 12
16 11 10 7 0 6 11 8 8 16 15 6 10 17
20 12 10 9 6 0 7 9 11 20 19 11 15 20
25 16 15 15 11 7 0 11 13 22 22 16 20 25
22 17 16 13 8 9 11 0 4 13 13 11 15 22
21 17 16 13 8 11 13 4 0 10 10 9 13 21
25 24 24 20 16 20 22 13 10 0 5 15 17 24
21 22 22 18 15 19 22 13 10 5 0 12 14 21
13 11 11 7 6 11 16 11 9 15 12 0 6 13
9 11 12 9 10 15 20 15 13 17 14 6 0 9
2 12 14 12 17 20 25 22 21 24 21 13 9 0
