12
10
46 44 80 16 62 66 10 121 104 60
75 91 79 6 7 145 54 116 112 34
1 76 101 146 1 106 86 136 73 85
146 27 19 63 134 101 73 89 113 90
8 94 92 115 44 23 18 111 39 110
137 27 105 140 126 94 56 104 119 19
125 122 150 76 76 104 88 142 108 91
10 23 121 84 126 70 104 56 82 28
6 89 77 112 103 127 80 73 11 16
135 136 68 24 103 118 116 5 137 63
59 57 144 68 75 79 13 20 68 116
93 28 51 66 59 28 92 141 112 39
0 10 16 17 14 17 17 16 19 13 14 13 10 5
10 0 12 14 13 20 20 20 25 19 21 21 18 13
16 12 0 4 7 15 15 16 24 18 21 24 22 18
17 14 4 0 6 13 13 14 22 17 20 24 22 19
14 13 7 6 0 9 9 10 18 12 15 19 18 15
17 20 15 13 9 0 2 3 12 9 12 18 18 17
17 20 15 13 9 2 0 3 11 9 11 17 17 17
16 20 16 14 10 3 3 0 10 7 10 16 16 16
19 25 24 22 18 12 11 10 0 8 7 13 15 17
13 19 18 17 12 9 9 7 8 0 4 10 11 11
14 21 21 20 15 12 11 10 7 4 0 8 9 12
13 21 24 24 19 18 17 16 13 10 8 0 5 9
10 18 22 22 18 18 17 16 15 11 9 5 0 6
5 13 18 19 15 17 17 16 17 11 12 9 6 0
