12
30
105 28 109 91 10 79 102 8 17 27 21 91 68 71 33 59 5 146 28 92 56 45 117 124 144 34 39 133 126 57
2 64 116 136 102 62 48 36 88 92 26 24 103 46 131 93 126 28 123 5 142 16 138 89 110 138 66 23 128 111
27 124 53 120 43 103 136 27 6 26 49 25 3 1 124 105 58 75 52 71 123 117 111 52 53 49 128 48 89 48
123 34 11 36 138 103 94 105 71 96 38 78 128 115 117 63 93 150 32 119 59 21 68 5 59 112 17 90 2 48
98 10 24 34 97 19 130 41 117 16 146 38 4 112 36 76 48 36 94 144 83 122 36 73 112 97 117 127 121 96
138 12 133 47 46 31 39 143 110 35 102 52 8 24 35 75 8 11 123 85 64 93 61 103 36 57 119 100 119 13
115 31 3 85 144 20 93 93 81 136 131 7 85 65 12 12 9 141 2 124 20 109 150 26 82 125 130 136 120 104
52 55 121 63 26 51 46 21 71 127 57 91 103 5 150 44 16 100 139 77 130 120 129 78 64 73 97 29 71 19
19 134 17 119 100 132 41 66 94 5 65 21 116 6 63 27 13 47 110 59 124 25 141 118 38 35 54 143 142 29
100 11 109 74 86 122 49 78 79 112 145 100 60 19 40 41 120 53 128 75 9 107 4 26 77 63 94 104 54 120
124 101 64 111 35 127 100 122 95 116 79 19 106 86 81 131 67 2 122 47 144 86 143 74 117 96 122 110 86 65
21 14 8 114 62 126 99 2 110 51 51 4 137 94 44 126 30 20 52 121 36 66 148 85 118 88 22 121 129 100
0 6 13 14 15 14 9 11 19 17 15 11 4 5
6 0 10 10 11 9 4 8 17 17 16 16 8 8
13 10 0 5 6 6 9 13 24 25 24 22 14 13
14 10 5 0 3 3 8 11 22 23 22 23 15 14
15 11 6 3 0 3 9 12 22 24 23 24 16 15
14 9 6 3 3 0 7 10 21 22 21 23 15 14
9 4 9 8 9 7 0 6 17 17 16 19 11 11
11 8 13 11 12 10 6 0 12 14 13 20 14 14
19 17 24 22 22 21 17 12 0 8 7 25 21 23
17 17 25 23 24 22 17 14 8 0 3 21 19 20
15 16 24 22 23 21 16 13 7 3 0 20 17 19
11 16 22 23 24 23 19 20 25 21 20 0 9 11
4 8 14 15 16 15 11 14 21 19 17 9 0 4
5 8 13 14 15 14 11 14 23 20 19 11 4 0
