12
30
147 88 122 76 39 94 139 21 1 22 75 97 134 26 100 51 123 137 12 51 38 45 137 136 11 13 78 25 102 146
141 97 134 67 132 27 90 63 7 128 117 116 59 68 65 54 21 26 50 81 89 132 46 90 106 146 77 125 55 126
70 126 100 124 55 89 141 58 3 120 147 75 74 82 78 150 123 126 24 103 100 41 80 116 99 91 77 44 41 71
86 23 10 7 92 113 65 90 92 20 59 21 98 69 3 8 140 86 21 87 59 100 56 66 5 79 10 72 74 86
28 61 110 121 146 20 76 98 62 102 69 55 133 117 144 107 87 102 36 138 56 125 26 67 124 127 88 55 54 63
13 24 128 21 82 35 148 20 26 14 1 147 107 103 112 33 106 8 13 88 90 76 17 28 77 142 122 81 109 125
139 68 150 120 36 54 8 113 127 110 86 85 127 52 22 100 51 146 44 7 110 62 122 70 145 50 38 53 8 106
118 102 64 120 56 114 72 59 16 14 61 61 26 69 42 115 42 58 83 149 55 102 40 35 87 96 135 21 78 146
145 95 72 22 58 1 111 114 86 78 148 3 111 119 13 116 115 70 38 65 116 29 9 95 72 74 47 129 114 27
86 116 130 100 124 64 134 4 105 27 4 26 74 89 114 79 83 84 3 107 26 137 97 139 52 137 65 12 56 67
81 47 105 77 41 8 54 13 136 97 12 46 129 149 79 132 70 103 64 68 4 145 112 120 84 147 38 17 75 65
84 123 34 66 109 107 57 100 101 150 100 60 9 138 109 112 56 64 149 149 104 79 30 115 88 133 146 17 20 72
0 11 21 22 23 19 16 13 18 16 15 9 8 9
11 0 12 16 18 14 10 10 18 20 18 12 10 10
21 12 0 13 17 13 11 14 21 25 24 19 18 17
22 16 13 0 6 5 8 11 13 19 18 17 16 15
23 18 17 6 0 6 10 11 10 16 16 16 16 15
19 14 13 5 6 0 5 7 10 16 15 13 13 12
16 10 11 8 10 5 0 5 11 16 15 11 11 9
13 10 14 11 11 7 5 0 9 13 12 8 7 6
18 18 21 13 10 10 11 9 0 8 8 11 11 11
16 20 25 19 16 16 16 13 8 0 3 10 11 12
15 18 24 18 16 15 15 12 8 3 0 8 10 10
9 12 19 17 16 13 11 8 11 10 8 0 3 4
8 10 18 16 16 13 11 7 11 11 10 3 0 3
9 10 17 15 15 12 9 6 11 12 10 4 3 0
