12
30
125 105 116 120 78 26 139 23 2 42 109 11 97 9 97 40 69 2 8 63 10 117 113 100 63 81 5 7 148 142
80 112 77 115 38 42 63 44 122 18 14 31 109 146 137 71 125 46 96 89 26 38 88 101 1 91 107 42 47 75
136 133 150 132 94 102 110 44 143 97 115 112 98 68 123 120 81 106 27 38 87 18 77 84 95 124 66 69 17 124
100 123 100 47 29 132 147 77 130 50 148 149 47 23 95 78 123 91 86 143 133 93 50 146 12 76 66 62 125 123
70 62 42 12 53 40 145 37 50 144 110 130 108 68 73 131 106 131 123 110 88 143 44 117 147 129 25 41 56 10
76 83 82 19 28 53 149 97 100 114 69 83 50 113 19 64 32 1 101 127 30 66 87 102 131 115 43 55 96 1
13 17 149 145 140 62 25 38 25 34 9 11 104 107 101 115 59 79 3 148 123 2 149 90 98 1 62 101 123 32
145 100 92 3 55 78 116 140 55 52 38 122 136 86 95 91 41 49 79 127 60 89 38 25 23 102 88 132 57 15
34 16 49 92 73 49 109 30 70 94 129 133 73 131 146 137 90 19 117 113 48 139 93 133 22 45 92 94 36 94
99 17 3 17 120 107 42 66 90 39 76 75 66 38 149 25 30 138 90 113 62 66 135 110 141 95 72 49 36 11
107 106 96 35 25 143 114 65 108 119 121 54 142 147 17 144 81 149 92 21 62 104 26 83 8 38 95 79 69 107
18 105 96 125 35 134 89 126 21 67 137 128 116 82 122 68 43 52 140 49 10 120 47 8 110 67 87 87 65 149
0 6 10 12 13 18 20 21 21 24 17 10 11 6
6 0 5 11 13 18 20 21 22 25 21 12 12 7
10 5 0 10 13 18 19 20 22 25 23 14 14 9
12 11 10 0 5 9 11 12 13 17 18 9 7 8
13 13 13 5 0 7 8 10 10 14 14 7 4 8
18 18 18 9 7 0 3 4 5 9 16 11 9 14
20 20 19 11 8 3 0 3 5 9 16 13 10 15
21 21 20 12 10 4 3 0 5 8 17 14 11 16
21 22 22 13 10 5 5 5 0 5 14 13 11 17
24 25 25 17 14 9 9 8 5 0 15 16 14 20
17 21 23 18 14 16 16 17 14 15 0 11 12 15
10 12 14 9 7 11 13 14 13 16 11 0 4 6
11 12 14 7 4 9 10 11 11 14 12 4 0 7
6 7 9 8 8 14 15 16 17 20 15 6 7 0
