12
10
32 120 97 122 54 63 59 5 16 132
53 48 6 69 109 109 34 147 21 69
52 143 26 103 44 36 119 26 83 72
7 34 116 142 55 23 67 43 63 95
52 129 2 5 134 87 121 104 104 94
16 14 12 125 51 88 44 90 14 50
42 15 4 116 106 52 20 105 78 45
40 77 114 15 99 124 4 12 40 108
122 148 41 46 14 5 51 92 95 41
140 101 115 77 85 38 116 12 57 99
26 79 125 52 63 22 6 99 78 15
148 103 38 129 135 35 33 100 90 31
0 4 4 6 12 11 11 24 22 20 22 10 7 3
4 0 3 6 11 12 11 25 23 22 24 12 9 5
4 3 0 4 10 11 10 25 22 21 23 12 10 5
6 6 4 0 8 8 7 22 20 19 22 11 10 6
12 11 10 8 0 8 9 22 21 22 25 16 17 13
11 12 11 8 8 0 3 16 14 16 18 11 13 11
11 11 10 7 9 3 0 16 14 15 18 9 12 10
24 25 25 22 22 16 16 0 4 10 12 18 23 23
22 23 22 20 21 14 14 4 0 7 10 15 20 21
20 22 21 19 22 16 15 10 7 0 4 12 17 19
22 24 23 22 25 18 18 12 10 4 0 14 18 21
10 12 12 11 16 11 9 18 15 12 14 0 6 9
7 9 10 10 17 13 12 23 20 17 18 6 0 6
3 5 5 6 13 11 10 23 21 19 21 9 6 0
