12
10
53 83 77 93 28 63 75 44 113 23
131 133 50 121 34 145 136 61 122 12
138 74 52 116 127 76 43 86 69 123
53 39 18 106 104 58 143 102 11 46
59 40 5 103 147 111 143 140 28 55
32 68 78 150 29 41 69 128 13 5
68 111 97 102 71 38 2 85 71 4
128 97 64 105 96 37 108 75 129 25
41 64 4 101 77 8 91 34 95 117
127 3 82 99 66 9 103 50 124 107
95 63 131 33 109 120 72 45 54 13
145 98 112 85 80 83 46 19 61 19
0 10 12 13 17 23 23 24 25 23 15 11 6 6
10 0 4 5 10 18 18 20 24 24 16 11 9 8
12 4 0 3 7 15 15 18 22 23 14 10 10 9
13 5 3 0 7 15 15 18 23 24 16 11 12 11
17 10 7 7 0 9 10 13 19 21 15 11 14 13
23 18 15 15 9 0 3 7 14 19 16 15 19 19
23 18 15 15 10 3 0 6 13 19 16 15 19 19
24 20 18 18 13 7 6 0 9 15 14 15 20 20
25 24 22 23 19 14 13 9 0 8 13 16 21 21
23 24 23 24 21 19 19 15 8 0 11 15 19 20
15 16 14 16 15 16 16 14 13 11 0 6 10 11
11 11 10 11 11 15 15 15 16 15 6 0 7 7
6 9 10 12 14 19 19 20 21 19 10 7 0 3
6 8 9 11 13 19 19 20 21 20 11 7 3 0
