12
30
138 107 101 8 34 113 33 125 149 76 120 49 63 49 11 9 49 117 66 57 58 23 46 69 140 13 62 109 12 63
83 54 103 107 65 46 45 78 82 1 52 84 144 60 52 63 140 91 93 148 72 60 34 98 37 37 23 63 127 128
82 18 19 104 140 105 31 103 147 58 17 60 58 84 59 87 149 150 25 76 131 131 66 104 126 94 107 82 13 57
119 127 122 119 76 85 118 94 12 36 127 135 127 30 32 89 77 102 141 3 113 24 108 120 20 144 75 115 7 92
91 129 49 127 139 18 100 39 56 40 1 150 72 125 11 74 16 30 67 27 61 2 131 116 23 98 67 136 75 125
115 101 149 44 79 26 79 14 17 10 63 77 41 72 106 35 68 87 116 38 140 131 78 123 113 5 12 117 41 27
71 110 24 95 25 76 77 51 103 51 108 56 57 113 131 26 123 137 97 69 71 89 104 143 3 32 72 73 17 131
55 6 83 4 99 143 62 79 130 27 38 124 139 96 22 78 103 134 84 68 101 131 19 43 66 22 85 117 114 55
128 1 35 16 101 47 49 127 87 108 132 101 85 41 43 20 99 40 74 9 106 125 11 139 96 98 118 44 94 41
118 48 31 79 77 28 144 101 40 23 126 96 26 50 131 51 25 29 90 76 141 90 62 116 56 50 94 115 133 56
114 32 136 62 48 102 61 138 6 80 107 71 63 64 116 4 139 59 144 46 134 57 37 144 93 105 118 37 127 40
37 94 107 34 28 61 22 2 117 92 105 73 136 35 78 13 1 82 76 110 131 143 100 44 135 109 142 11 127 40
0 4 7 8 10 17 20 21 16 20 24 17 10 3
4 0 8 9 9 16 19 21 16 21 25 19 12 5
7 8 0 2 7 13 15 16 10 15 19 13 9 8
8 9 2 0 7 13 15 15 9 14 18 12 9 9
10 9 7 7 0 9 12 14 10 18 21 17 14 11
17 16 13 13 9 0 5 9 9 18 21 20 20 19
20 19 15 15 12 5 0 6 9 16 19 19 22 21
21 21 16 15 14 9 6 0 8 13 15 17 22 22
16 16 10 9 10 9 9 8 0 10 13 12 15 17
20 21 15 14 18 18 16 13 10 0 6 7 15 20
24 25 19 18 21 21 19 15 13 6 0 9 19 24
17 19 13 12 17 20 19 17 12 7 9 0 11 17
10 12 9 9 14 20 22 22 15 15 19 11 0 9
3 5 8 9 11 19 21 22 17 20 24 17 9 0
