12
30
2 97 148 98 90 107 49 109 149 143 6 12 110 91 57 38 43 143 5 124 125 69 140 78 66 78 112 93 110 17
68 64 110 17 9 107 18 92 26 71 115 87 70 128 34 104 73 109 40 73 95 5 36 59 6 24 3 61 150 143
48 146 58 143 98 89 62 3 112 81 60 2 80 129 148 129 13 90 80 117 32 5 98 120 121 27 145 122 110 16
47 106 72 29 4 3 40 25 52 58 145 96 138 122 139 29 32 141 120 21 112 106 9 90 141 144 119 120 142 131
44 31 133 94 68 120 119 1 32 112 66 142 80 150 23 143 68 94 123 7 23 148 29 107 14 55 96 21 78 10
38 3 8 63 36 34 36 72 36 136 140 84 49 21 29 11 88 148 16 50 129 62 33 100 41 87 114 63 100 76
121 106 122 81 147 113 29 29 3 53 115 127 142 134 58 147 93 134 31 64 148 100 53 111 92 102 85 60 25 35
70 123 88 65 96 133 121 83 73 119 35 116 85 29 46 64 71 113 62 30 99 142 98 143 69 104 71 78 32 75
91 83 103 26 94 137 150 74 9 128 60 149 89 39 98 79 81 127 99 50 76 94 108 30 138 28 74 114 126 102
139 20 4 35 123 137 9 20 15 85 13 64 36 88 52 33 78 143 101 125 124 116 92 130 82 39 70 22 147 115
69 61 59 126 144 101 145 150 85 96 64 106 107 93 124 50 19 143 5 27 104 106 73 81 113 55 1 114 36 76
124 13 44 71 66 9 59 113 143 10 94 4 77 92 66 146 102 39 24 117 111 23 81 75 12 25 145 75 124 60
0 11 9 14 22 16 9 10 11 14 16 16 6 4
11 0 12 15 23 18 15 18 18 20 24 25 16 14
9 12 0 7 15 9 4 8 7 9 13 16 11 11
14 15 7 0 10 5 8 12 10 10 14 20 17 16
22 23 15 10 0 7 14 16 14 12 15 22 23 23
16 18 9 5 7 0 8 11 9 8 12 18 17 17
9 15 4 8 14 8 0 6 4 7 10 14 11 11
10 18 8 12 16 11 6 0 4 6 7 10 9 10
11 18 7 10 14 9 4 4 0 5 7 11 11 12
14 20 9 10 12 8 7 6 5 0 6 12 14 15
16 24 13 14 15 12 10 7 7 6 0 9 14 16
16 25 16 20 22 18 14 10 11 12 9 0 12 15
6 16 11 17 23 17 11 9 11 14 14 12 0 4
4 14 11 16 23 17 11 10 12 15 16 15 4 0
