12
20
81 62 87 27 51 129 60 106 62 116 127 144 11 14 32 63 98 8 31 43
80 62 137 35 133 16 39 8 60 75 50 78 58 149 79 20 34 73 20 109
75 110 126 105 131 38 108 134 51 148 92 130 92 149 64 129 42 79 142 14
34 144 28 28 90 97 38 99 42 84 97 10 52 125 134 64 45 77 123 113
82 10 99 6 140 56 25 44 46 134 136 102 1 94 134 11 124 51 106 134
32 89 73 124 49 137 141 53 15 111 125 104 16 54 134 85 66 38 19 6
120 85 10 5 140 129 58 74 96 19 143 22 126 64 35 80 107 93 42 125
111 94 93 2 108 96 53 11 144 126 30 89 67 127 98 43 4 110 60 55
39 96 122 89 20 21 10 20 62 56 2 85 70 111 65 101 145 36 1 49
112 8 5 42 2 111 63 39 39 69 70 103 43 130 105 42 131 31 139 31
89 122 9 66 144 53 45 147 49 119 85 101 145 88 65 64 39 45 91 106
50 134 11 50 101 73 131 136 49 92 7 101 56 124 115 98 118 100 96 114
0 4 12 13 15 16 18 19 21 25 22 18 15 12
4 0 9 10 13 14 16 16 18 23 19 16 15 12
12 9 0 3 5 6 10 12 12 15 12 11 13 12
13 10 3 0 5 6 9 11 11 15 12 12 15 14
15 13 5 5 0 3 10 13 12 12 8 9 13 14
16 14 6 6 3 0 9 12 10 11 8 10 15 15
18 16 10 9 10 9 0 4 4 15 14 18 22 21
19 16 12 11 13 12 4 0 6 18 16 20 24 23
21 18 12 11 12 10 4 6 0 14 13 19 23 23
25 23 15 15 12 11 15 18 14 0 5 13 20 22
22 19 12 12 8 8 14 16 13 5 0 10 16 18
18 16 11 12 9 10 18 20 19 13 10 0 8 11
15 15 13 15 13 15 22 24 23 20 16 8 0 6
12 12 12 14 14 15 21 23 23 22 18 11 6 0
