12
20
130 105 108 143 97 20 130 41 86 74 22 30 74 110 117 112 20 67 90 118
21 27 77 2 110 146 9 70 82 132 142 147 82 149 98 93 126 57 20 49
113 36 123 31 48 47 15 40 113 111 35 46 144 102 23 132 42 133 101 18
95 87 87 131 39 66 149 23 40 75 69 8 131 49 57 29 109 141 139 15
111 97 72 10 91 132 119 46 89 101 132 134 5 62 62 143 109 128 18 76
69 130 64 135 62 93 115 114 21 53 41 150 90 107 92 88 57 77 10 94
147 136 14 124 64 139 101 142 141 29 107 125 26 3 25 122 104 136 43 61
27 23 110 112 116 21 11 49 18 20 32 81 109 61 4 116 30 69 118 94
123 20 84 130 38 91 55 141 135 29 130 35 118 24 132 48 108 40 84 64
39 6 101 142 91 1 95 117 34 83 9 92 101 124 148 141 3 109 4 10
149 57 13 69 107 5 5 97 13 41 30 67 34 85 86 144 36 108 48 114
133 79 25 54 48 129 123 131 138 50 46 52 72 32 2 143 7 126 118 150
0 14 15 18 22 24 24 21 15 13 11 12 7 6
14 0 12 18 19 21 25 25 18 18 16 21 16 14
15 12 0 7 9 10 15 15 9 11 10 15 12 12
18 18 7 0 7 8 9 9 6 8 9 14 13 14
22 19 9 7 0 3 9 12 11 13 14 19 17 18
24 21 10 8 3 0 9 13 12 15 15 20 19 20
24 25 15 9 9 9 0 7 11 13 15 17 19 20
21 25 15 9 12 13 7 0 8 9 11 12 15 17
15 18 9 6 11 12 11 8 0 4 5 9 9 10
13 18 11 8 13 15 13 9 4 0 4 7 7 9
11 16 10 9 14 15 15 11 5 4 0 7 5 7
12 21 15 14 19 20 17 12 9 7 7 0 7 9
7 16 12 13 17 19 19 15 9 7 5 7 0 3
6 14 12 14 18 20 20 17 10 9 7 9 3 0
