12
10
83 21 140 15 95 42 2 95 55 13
30 147 68 83 37 77 54 31 150 59
67 40 43 110 4 42 132 24 132 36
39 17 12 115 113 107 80 35 76 74
127 5 21 11 89 65 41 106 122 137
18 34 145 110 29 138 29 24 24 33
40 101 21 96 40 108 125 1 55 84
83 120 56 104 81 32 65 51 5 119
37 136 126 63 80 138 146 68 140 13
90 32 29 128 88 53 138 130 47 123
85 150 124 112 125 73 45 94 29 100
140 8 127 144 99 108 138 111 71 119
0 2 5 5 8 14 22 24 25 11 10 9 15 7
2 0 5 5 8 14 21 23 25 11 9 9 15 8
5 5 0 4 6 13 19 20 22 8 6 6 12 7
5 5 4 0 5 11 18 20 22 9 8 8 15 9
8 8 6 5 0 9 15 17 19 9 7 9 15 11
14 14 13 11 9 0 13 16 19 15 13 16 22 18
22 21 19 18 15 13 0 5 8 16 15 18 22 23
24 23 20 20 17 16 5 0 4 16 16 19 22 24
25 25 22 22 19 19 8 4 0 17 18 20 22 25
11 11 8 9 9 15 16 16 17 0 4 5 9 9
10 9 6 8 7 13 15 16 18 4 0 5 10 9
9 9 6 8 9 16 18 19 20 5 5 0 8 6
15 15 12 15 15 22 22 22 22 9 10 8 0 9
7 8 7 9 11 18 23 24 25 9 9 6 9 0
