12
20
47 129 97 130 81 95 49 2 79 115 80 103 125 106 90 127 84 137 75 73
144 86 38 114 90 33 133 94 139 15 40 104 109 117 67 13 6 14 94 116
15 72 36 62 76 54 138 75 88 51 8 93 90 3 73 101 143 3 130 30
4 145 70 3 31 68 68 125 28 49 22 112 27 19 88 145 25 9 38 59
128 19 34 102 80 14 115 114 36 146 150 122 14 125 6 35 67 53 88 24
130 13 40 50 126 133 61 31 88 5 131 111 67 84 49 136 149 63 60 115
130 18 81 85 138 86 129 45 108 106 53 61 121 100 86 43 98 42 100 145
18 98 24 52 27 114 48 60 56 146 141 1 26 10 105 84 86 60 98 28
67 126 59 82 141 13 45 55 127 110 93 11 97 94 61 54 35 100 137 29
51 24 145 41 2 142 46 18 77 150 43 142 26 32 46 13 78 6 119 92
82 90 128 68 64 136 28 25 125 22 76 107 95 60 133 102 9 44 86 128
15 100 133 118 38 63 65 141 127 75 129 134 51 104 81 64 45 15 23 141
0 8 10 16 18 19 17 18 22 24 16 16 6 4
8 0 8 13 14 14 12 12 16 18 12 12 7 10
10 8 0 7 11 11 10 13 19 22 19 18 13 12
16 13 7 0 7 7 7 12 19 22 22 21 18 17
18 14 11 7 0 2 4 8 15 18 20 20 19 20
19 14 11 7 2 0 4 8 15 18 20 20 19 21
17 12 10 7 4 4 0 6 14 16 18 18 17 19
18 12 13 12 8 8 6 0 9 12 15 15 17 20
22 16 19 19 15 15 14 9 0 4 12 12 19 24
24 18 22 22 18 18 16 12 4 0 12 12 20 25
16 12 19 22 20 20 18 15 12 12 0 2 12 18
16 12 18 21 20 20 18 15 12 12 2 0 12 17
6 7 13 18 19 19 17 17 19 20 12 12 0 7
4 10 12 17 20 21 19 20 24 25 18 17 7 0
