12
20
120 93 149 93 67 92 146 9 24 98 16 31 113 113 29 26 66 38 43 14
43 41 94 32 141 64 107 77 89 123 135 65 100 108 16 17 64 89 45 98
59 56 145 96 73 20 78 137 18 15 104 14 15 95 71 7 143 130 137 105
22 16 116 28 123 37 42 107 14 119 119 108 60 101 58 21 95 9 150 132
101 115 108 13 128 140 137 21 103 22 131 144 122 127 128 87 73 56 39 50
10 3 11 145 118 23 128 64 101 31 114 84 10 99 135 37 87 106 50 123
63 72 126 111 76 66 6 105 149 146 51 135 97 58 59 57 19 64 70 49
16 25 8 131 63 33 6 74 17 127 122 122 18 55 31 84 85 124 87 106
5 146 54 127 21 105 48 23 19 123 24 22 94 150 75 87 142 45 76 59
81 87 102 58 140 102 35 92 58 51 131 43 89 142 104 122 85 94 35 4
77 111 100 65 43 82 148 80 129 53 21 60 135 62 128 1 150 89 37 122
16 32 67 143 142 56 12 106 75 95 102 15 44 29 53 141 103 62 126 71
0 6 7 13 16 16 11 16 11 13 7 7 11 3
6 0 3 11 12 11 10 16 13 16 11 11 16 7
7 3 0 12 11 10 9 15 14 17 12 12 17 8
13 11 12 0 14 14 19 25 22 25 19 18 19 12
16 12 11 14 0 3 15 20 22 25 21 21 25 17
16 11 10 14 3 0 14 19 21 25 20 20 25 17
11 10 9 19 15 14 0 8 10 14 11 12 19 13
16 16 15 25 20 19 8 0 10 14 14 15 23 18
11 13 14 22 22 21 10 10 0 6 6 7 14 12
13 16 17 25 25 25 14 14 6 0 7 8 13 14
7 11 12 19 21 20 11 14 6 7 0 2 10 8
7 11 12 18 21 20 12 15 7 8 2 0 9 8
11 16 17 19 25 25 19 23 14 13 10 9 0 10
3 7 8 12 17 17 13 18 12 14 8 8 10 0
