12
20
89 33 74 77 38 1 65 53 20 43 102 47 105 141 116 50 42 62 64 68
34 4 72 131 101 79 147 87 90 51 64 135 146 42 78 130 53 131 99 4
27 134 122 46 128 50 67 57 78 82 18 118 117 11 70 42 138 117 16 127
33 102 33 105 122 97 109 78 10 143 55 47 108 57 88 61 35 37 85 29
31 136 46 123 15 117 111 36 128 121 43 145 95 129 25 1 90 40 68 50
37 85 144 68 23 32 56 73 117 79 104 99 87 89 80 113 24 65 146 111
69 13 143 54 37 47 22 68 82 37 68 11 6 137 86 56 142 150 135 18
131 103 53 71 65 141 44 18 59 34 81 43 104 107 18 67 14 58 21 69
130 142 4 24 114 50 85 85 104 131 114 32 121 63 139 53 122 137 43 45
136 106 22 70 9 67 53 41 109 59 13 45 3 63 91 64 35 58 71 50
55 80 108 50 87 56 7 89 14 77 136 135 133 64 81 45 74 100 69 149
119 108 29 118 100 51 80 62 144 65 33 37 28 94 64 59 148 59 103 81
0 9 15 25 24 23 17 13 11 8 11 9 6 4
9 0 8 20 20 19 17 14 10 10 14 12 11 11
15 8 0 18 19 18 20 17 15 15 19 18 17 17
25 20 18 0 4 5 14 16 17 19 21 21 24 25
24 20 19 4 0 3 12 15 16 18 19 20 22 24
23 19 18 5 3 0 11 13 14 17 18 19 21 23
17 17 20 14 12 11 0 5 8 10 10 11 14 17
13 14 17 16 15 13 5 0 5 6 6 7 10 13
11 10 15 17 16 14 8 5 0 4 7 6 8 10
8 10 15 19 18 17 10 6 4 0 6 4 6 8
11 14 19 21 19 18 10 6 7 6 0 4 7 9
9 12 18 21 20 19 11 7 6 4 4 0 5 7
6 11 17 24 22 21 14 10 8 6 7 5 0 4
4 11 17 25 24 23 17 13 10 8 9 7 4 0
