12
20
132 89 55 114 125 111 135 15 86 57 70 120 66 113 5 37 89 143 49 34
144 12 148 133 133 47 43 8 36 93 39 120 72 22 28 6 26 87 33 73
76 106 22 22 29 57 17 40 119 129 55 118 7 31 35 31 62 13 18 73
5 12 30 105 101 58 95 99 43 126 46 29 30 7 149 41 51 146 23 21
128 14 150 120 114 26 51 96 43 93 1 99 139 1 47 5 52 61 26 107
136 43 72 36 12 147 104 62 87 4 149 107 95 5 34 6 99 51 1 98
35 71 10 79 81 81 91 26 55 35 8 136 91 92 27 47 111 11 131 62
95 75 61 7 113 66 86 113 128 88 31 110 127 27 50 85 13 110 25 104
51 104 18 80 44 87 81 39 11 65 47 13 24 48 61 22 74 137 124 1
1 91 11 54 88 120 79 110 79 55 49 49 24 59 34 120 67 108 10 37
134 65 31 146 133 58 32 67 5 122 17 99 142 119 130 43 40 47 16 22
73 44 98 123 14 86 34 24 120 65 106 4 133 79 34 36 35 11 66 63
0 9 8 9 13 11 10 14 17 19 11 8 9 8
9 0 9 11 16 16 16 20 24 25 17 14 15 15
8 9 0 4 9 9 11 13 18 25 17 15 15 14
9 11 4 0 7 6 10 11 16 25 17 15 14 14
13 16 9 7 0 3 9 7 12 25 20 18 16 16
11 16 9 6 3 0 7 6 12 24 18 16 15 14
10 16 11 10 9 7 0 6 9 18 13 12 10 9
14 20 13 11 7 6 6 0 7 22 18 16 14 14
17 24 18 16 12 12 9 7 0 20 18 18 15 15
19 25 25 25 25 24 18 22 20 0 10 13 12 13
11 17 17 17 20 18 13 18 18 10 0 4 5 6
8 14 15 15 18 16 12 16 18 13 4 0 4 4
9 15 15 14 16 15 10 14 15 12 5 4 0 2
8 15 14 14 16 14 9 14 15 13 6 4 2 0
