12
10
51 107 9 94 12 18 120 67 112 96
116 18 132 81 99 76 66 145 57 55
77 75 128 39 32 124 1 53 87 64
53 41 41 79 65 71 71 126 44 131
72 39 111 81 130 36 82 78 90 100
138 81 44 13 97 142 7 93 135 51
58 31 132 12 23 69 72 96 85 96
115 37 38 74 23 130 116 44 55 18
75 19 65 72 140 76 150 84 71 128
98 4 87 55 62 22 100 139 8 6
103 56 100 96 54 108 33 148 13 1
53 105 119 127 10 63 2 96 29 144
0 10 13 21 22 21 19 19 19 14 20 21 15 9
10 0 10 17 19 18 19 20 20 17 24 25 20 17
13 10 0 9 11 10 11 12 13 11 17 20 16 17
21 17 9 0 4 4 9 11 12 14 19 21 20 23
22 19 11 4 0 3 7 9 11 14 18 20 20 24
21 18 10 4 3 0 6 8 10 13 17 19 19 23
19 19 11 9 7 6 0 3 5 9 12 14 14 19
19 20 12 11 9 8 3 0 3 7 10 12 13 18
19 20 13 12 11 10 5 3 0 7 9 11 12 18
14 17 11 14 14 13 9 7 7 0 8 10 7 12
20 24 17 19 18 17 12 10 9 8 0 4 7 16
21 25 20 21 20 19 14 12 11 10 4 0 8 16
15 20 16 20 20 19 14 13 12 7 7 8 0 10
9 17 17 23 24 23 19 18 18 12 16 16 10 0
