12
10
94 36 75 39 83 16 141 12 121 85
7 4 54 38 80 6 72 70 95 62
77 80 102 58 120 46 65 47 54 123
123 89 52 53 126 48 149 148 138 40
79 146 42 150 127 3 54 118 29 21
11 5 38 87 49 111 65 113 113 104
59 88 107 74 41 56 27 60 25 145
102 143 72 49 116 13 39 83 37 106
96 18 138 82 118 131 87 137 76 42
131 3 34 122 122 86 145 86 136 109
135 34 33 27 16 99 31 27 14 83
80 79 149 109 25 78 143 99 36 13
0 7 9 12 21 20 13 11 13 9 8 6 4 4
7 0 6 8 18 20 14 14 17 14 14 10 8 9
9 6 0 4 14 16 11 11 17 15 15 9 9 12
12 8 4 0 11 15 12 13 19 18 17 12 12 15
21 18 14 11 0 12 14 17 24 25 25 19 20 24
20 20 16 15 12 0 8 11 17 21 20 16 18 22
13 14 11 12 14 8 0 4 11 14 14 9 11 15
11 14 11 13 17 11 4 0 9 11 11 7 9 13
13 17 17 19 24 17 11 9 0 7 7 9 11 12
9 14 15 18 25 21 14 11 7 0 2 8 8 7
8 14 15 17 25 20 14 11 7 2 0 7 7 7
6 10 9 12 19 16 9 7 9 8 7 0 4 7
4 8 9 12 20 18 11 9 11 8 7 4 0 5
4 9 12 15 24 22 15 13 12 7 7 7 5 0
