12
20
106 74 127 107 109 15 99 31 54 113 134 23 43 17 113 72 103 23 28 86
25 72 127 117 28 133 124 143 142 117 62 44 17 65 64 53 49 60 118 36
60 53 22 27 106 85 124 129 72 126 138 115 61 29 49 58 61 2 80 141
131 8 48 16 104 85 49 144 121 61 86 38 148 108 83 93 63 58 138 87
55 54 122 64 83 33 29 65 140 25 11 34 102 12 135 117 7 100 104 16
24 113 150 7 90 15 120 131 51 31 84 37 100 107 146 103 99 43 137 148
95 79 44 123 51 87 123 41 125 138 77 69 103 43 29 35 57 112 61 66
12 37 147 142 63 18 140 147 63 106 121 107 133 120 122 139 77 131 34 137
135 150 78 65 118 37 35 142 93 99 133 124 77 121 29 85 12 32 20 44
18 104 44 60 147 6 2 101 87 36 35 145 42 142 77 132 120 15 18 94
54 108 27 54 34 24 6 17 44 142 27 75 29 61 12 98 147 77 123 109
25 110 60 47 40 34 140 93 8 83 49 34 60 134 96 57 33 116 6 55
0 4 5 10 7 8 17 15 18 19 14 8 6 5
4 0 3 9 8 10 18 17 20 21 16 8 6 6
5 3 0 9 10 12 20 18 22 23 17 9 7 7
10 9 9 0 11 14 17 17 22 25 21 16 14 14
7 8 10 11 0 4 12 10 13 16 11 11 10 9
8 10 12 14 4 0 13 9 12 13 9 10 10 9
17 18 20 17 12 13 0 6 10 17 17 21 21 20
15 17 18 17 10 9 6 0 6 13 12 18 18 17
18 20 22 22 13 12 10 6 0 9 11 19 20 19
19 21 23 25 16 13 17 13 9 0 8 18 19 19
14 16 17 21 11 9 17 12 11 8 0 12 13 13
8 8 9 16 11 10 21 18 19 18 12 0 4 4
6 6 7 14 10 10 21 18 20 19 13 4 0 2
5 6 7 14 9 9 20 17 19 19 13 4 2 0
