12
30
99 129 70 48 44 59 11 149 73 16 33 150 140 78 123 113 89 76 90 141 85 58 7 52 60 19 62 59 146 29
117 129 35 57 83 75 149 33 91 14 142 140 104 14 37 94 51 7 45 127 127 8 54 44 43 108 132 34 22 49
84 122 99 108 43 47 119 137 105 78 98 88 42 79 10 108 63 3 110 72 112 109 12 72 67 9 25 140 85 14
129 48 149 131 8 40 41 45 99 65 61 86 21 76 118 100 40 89 32 125 147 59 72 112 74 87 107 7 23 19
131 133 26 64 130 9 118 84 128 148 15 26 52 50 119 150 27 7 104 22 2 113 60 90 25 46 121 40 30 97
12 127 41 98 70 71 140 2 16 35 136 22 15 58 22 21 140 2 107 121 86 118 54 4 93 36 117 3 77 129
107 81 62 104 7 54 92 48 39 34 28 10 98 65 61 23 109 100 67 149 63 30 85 33 54 40 60 113 2 149
119 30 40 133 147 13 114 145 119 129 17 148 120 133 2 28 14 117 52 127 94 140 75 103 54 19 3 147 149 20
107 43 76 20 14 77 109 100 23 102 88 57 110 100 145 12 97 34 54 75 144 128 122 53 84 97 85 138 139 83
7 74 4 13 66 33 36 86 88 17 105 141 39 95 70 72 114 12 10 80 35 139 111 29 40 123 6 146 48 147
135 66 93 112 58 147 140 80 109 87 11 90 119 8 86 137 101 126 99 11 112 44 98 147 55 140 32 76 84 42
145 53 149 94 68 79 16 83 146 89 27 14 43 15 135 107 125 27 52 55 47 106 17 1 63 28 95 99 56 15
0 2 5 16 12 14 17 11 8 9 16 19 9 5
2 0 6 15 11 13 16 11 8 8 15 18 9 6
5 6 0 14 12 15 19 13 12 12 19 22 13 7
16 15 14 0 9 12 15 14 16 18 22 25 22 19
12 11 12 9 0 6 9 7 10 11 15 18 17 16
14 13 15 12 6 0 5 5 9 10 11 15 16 17
17 16 19 15 9 5 0 8 12 13 11 14 18 21
11 11 13 14 7 5 8 0 6 7 9 13 13 15
8 8 12 16 10 9 12 6 0 3 9 12 9 11
9 8 12 18 11 10 13 7 3 0 9 11 7 11
16 15 19 22 15 11 11 9 9 9 0 5 13 18
19 18 22 25 18 15 14 13 12 11 5 0 14 20
9 9 13 22 17 16 18 13 9 7 13 14 0 9
5 6 7 19 16 17 21 15 11 11 18 20 9 0
