12
10
45 69 133 145 63 85 83 14 130 50
97 56 53 19 94 44 34 135 54 18
73 143 2 74 146 2 19 139 106 142
22 69 59 87 2 146 17 73 23 4
69 42 64 34 63 140 52 111 137 18
57 111 133 22 35 65 27 32 96 43
40 137 100 78 58 77 139 39 23 145
105 121 101 111 143 91 9 37 142 108
138 117 44 78 68 95 137 41 116 28
114 112 136 68 45 103 69 119 139 57
149 92 123 64 70 88 84 113 35 107
142 110 71 19 49 108 116 46 82 87
0 10 12 13 17 17 21 22 18 16 15 13 16 7
10 0 4 5 9 9 15 17 12 11 12 13 19 9
12 4 0 3 7 7 14 16 12 11 12 14 20 11
13 5 3 0 6 6 13 15 12 11 12 15 21 12
17 9 7 6 0 8 15 18 15 15 16 20 25 17
17 9 7 6 8 0 8 11 8 9 10 14 20 14
21 15 14 13 15 8 0 4 5 8 8 14 19 16
22 17 16 15 18 11 4 0 6 8 9 14 18 17
18 12 12 12 15 8 5 6 0 4 5 10 15 13
16 11 11 11 15 9 8 8 4 0 3 8 14 10
15 12 12 12 16 10 8 9 5 3 0 7 12 10
13 13 14 15 20 14 14 14 10 8 7 0 8 7
16 19 20 21 25 20 19 18 15 14 12 8 0 12
7 9 11 12 17 14 16 17 13 10 10 7 12 0
