12
30
67 30 10 62 120 39 5 100 102 57 41 11 20 104 34 145 88 23 16 2 149 59 120 74 22 11 31 67 55 36
120 114 15 99 75 110 142 66 149 41 125 42 11 21 98 2 93 88 127 86 51 25 123 147 98 41 132 134 1 12
90 16 144 5 74 108 32 92 63 20 57 26 61 76 122 126 23 53 114 104 117 8 21 114 27 33 134 53 55 48
96 92 1 130 14 60 5 51 129 141 68 52 146 20 40 21 75 79 26 107 26 58 121 139 98 131 3 13 134 8
134 81 132 112 148 7 43 119 65 19 14 23 17 50 108 64 10 37 38 5 85 35 113 76 46 145 35 127 147 78
92 65 17 33 140 148 97 148 5 119 117 97 5 59 8 44 84 32 18 140 95 98 74 9 65 92 22 139 12 37
93 101 147 115 89 31 104 141 54 5 92 97 43 81 148 82 76 123 140 35 109 43 6 107 75 47 4 67 10 101
123 54 82 123 90 108 99 69 127 142 24 114 39 29 97 77 26 28 110 42 60 66 16 122 117 57 106 123 112 128
57 147 92 23 46 19 66 98 111 142 117 79 28 19 129 76 59 37 23 126 8 63 145 87 62 28 100 133 88 25
64 133 105 25 108 9 85 105 115 131 63 41 136 41 43 69 13 62 15 72 93 118 16 134 46 21 136 78 31 5
41 16 19 139 113 44 74 135 38 27 104 94 84 128 73 75 17 88 106 51 64 111 80 53 67 107 64 102 93 59
71 15 50 111 26 87 25 129 133 68 3 6 64 57 131 48 108 65 105 122 7 50 7 54 47 90 38 126 102 138
0 9 12 10 13 17 13 10 17 13 11 12 10 5
9 0 8 12 15 20 18 17 24 21 17 17 14 13
12 8 0 10 11 17 17 17 24 23 22 22 19 15
10 12 10 0 5 10 9 9 16 17 18 19 18 11
13 15 11 5 0 8 10 12 17 20 22 23 22 15
17 20 17 10 8 0 8 12 15 20 25 25 25 17
13 18 17 9 10 8 0 6 9 13 18 19 20 12
10 17 17 9 12 12 6 0 8 9 14 15 16 8
17 24 24 16 17 15 9 8 0 10 18 19 21 14
13 21 23 17 20 20 13 9 10 0 10 11 14 9
11 17 22 18 22 25 18 14 18 10 0 3 7 9
12 17 22 19 23 25 19 15 19 11 3 0 6 10
10 14 19 18 22 25 20 16 21 14 7 6 0 10
5 13 15 11 15 17 12 8 14 9 9 10 10 0
