12
20
129 51 68 11 101 57 1 131 127 10 25 29 113 127 4 76 16 124 46 8
135 115 107 79 27 81 117 53 59 91 25 83 71 80 108 18 25 96 133 69
126 59 122 47 90 149 16 29 92 11 99 111 23 48 86 73 131 70 84 5
131 136 56 79 134 70 25 75 78 128 120 116 91 47 15 18 20 59 136 14
97 38 125 120 91 60 9 21 32 59 5 33 84 100 92 136 14 32 77 114
131 13 58 146 117 85 111 23 56 146 92 53 45 90 144 68 52 114 150 86
113 53 90 13 127 34 25 73 103 137 91 18 40 115 3 90 42 107 107 87
126 114 119 132 11 129 97 124 27 8 104 56 121 47 66 118 10 11 1 89
109 54 7 110 42 19 147 87 59 43 39 99 77 98 55 60 89 96 21 47
137 14 133 127 56 126 37 3 97 44 66 94 62 32 1 33 17 39 137 149
23 38 1 71 14 17 2 63 54 133 83 26 6 91 89 56 28 108 150 93
136 74 84 6 87 105 93 121 79 20 132 106 139 70 149 32 2 30 64 2
0 5 9 11 15 21 20 15 13 11 8 8 6 4
5 0 9 15 18 24 24 19 17 15 12 11 9 8
9 9 0 12 13 25 25 20 18 15 12 14 14 11
11 15 12 0 5 15 17 12 10 7 7 11 13 11
15 18 13 5 0 16 19 15 13 10 10 15 16 14
21 24 25 15 16 0 6 7 9 12 14 15 18 18
20 24 25 17 19 6 0 7 9 12 15 14 17 18
15 19 20 12 15 7 7 0 3 7 9 9 12 13
13 17 18 10 13 9 9 3 0 5 7 8 11 11
11 15 15 7 10 12 12 7 5 0 4 7 9 9
8 12 12 7 10 14 15 9 7 4 0 6 8 6
8 11 14 11 15 15 14 9 8 7 6 0 4 5
6 9 14 13 16 18 17 12 11 9 8 4 0 4
4 8 11 11 14 18 18 13 11 9 6 5 4 0
