12
20
72 134 92 124 5 64 129 22 112 38 132 23 129 12 67 38 146 47 51 150
1 132 95 51 77 120 121 128 54 104 19 104 147 70 131 29 98 70 88 67
58 111 31 35 14 27 127 147 69 68 148 37 114 20 95 17 68 150 3 129
28 3 118 47 2 94 127 70 20 93 18 52 145 99 134 14 119 16 150 71
19 65 83 51 94 46 97 43 35 39 114 2 87 94 86 77 122 100 146 90
10 147 27 95 68 88 79 40 23 112 4 8 29 53 4 62 132 72 5 27
46 135 48 140 108 41 84 41 49 139 72 22 24 147 6 129 113 30 55 38
74 117 81 147 33 19 26 60 122 96 63 132 136 81 7 48 116 46 137 142
137 67 113 97 2 134 6 142 36 119 15 3 138 14 89 148 27 55 123 45
132 18 122 115 126 83 17 150 10 35 56 110 120 100 11 67 129 17 51 135
65 69 3 122 81 61 142 149 87 3 21 113 57 70 60 125 8 34 52 105
142 122 57 55 107 105 89 104 38 86 116 19 90 141 146 112 107 92 74 37
0 5 11 15 19 16 24 25 24 19 15 13 8 8
5 0 7 12 16 14 22 25 23 18 13 11 8 6
11 7 0 7 12 10 20 25 24 18 11 10 10 8
15 12 7 0 6 6 16 22 21 15 9 9 12 10
19 16 12 6 0 5 12 20 19 13 9 9 14 13
16 14 10 6 5 0 12 18 17 11 5 6 11 10
24 22 20 16 12 12 0 10 11 8 11 12 17 18
25 25 25 22 20 18 10 0 3 9 15 16 19 21
24 23 24 21 19 17 11 3 0 8 14 15 17 19
19 18 18 15 13 11 8 9 8 0 8 9 12 14
15 13 11 9 9 5 11 15 14 8 0 3 8 9
13 11 10 9 9 6 12 16 15 9 3 0 7 7
8 8 10 12 14 11 17 19 17 12 8 7 0 4
8 6 8 10 13 10 18 21 19 14 9 7 4 0
