12
10
63 140 136 49 62 13 73 21 48 14
150 36 47 61 126 16 116 31 32 56
95 36 68 122 71 120 29 2 150 150
30 109 34 30 67 22 74 32 131 148
120 129 91 36 68 37 86 120 46 26
98 97 23 98 66 120 20 92 65 128
138 107 70 113 37 35 145 75 34 146
122 75 147 16 42 130 104 53 55 92
15 49 135 53 134 8 59 111 143 135
70 43 56 42 7 38 64 129 4 7
65 100 105 57 16 51 97 64 112 30
31 107 91 9 47 79 70 87 147 115
0 9 10 17 19 21 20 20 16 15 15 18 11 5
9 0 5 9 12 15 14 17 14 13 16 20 14 11
10 5 0 9 14 16 16 20 18 17 20 24 17 14
17 9 9 0 7 10 11 17 17 16 21 25 20 19
19 12 14 7 0 4 6 13 14 14 19 24 20 21
21 15 16 10 4 0 5 13 14 14 20 24 21 22
20 14 16 11 6 5 0 9 11 11 16 21 18 20
20 17 20 17 13 13 9 0 6 6 11 14 14 19
16 14 18 17 14 14 11 6 0 2 7 12 10 15
15 13 17 16 14 14 11 6 2 0 7 11 9 14
15 16 20 21 19 20 16 11 7 7 0 6 6 13
18 20 24 25 24 24 21 14 12 11 6 0 9 15
11 14 17 20 20 21 18 14 10 9 6 9 0 8
5 11 14 19 21 22 20 19 15 14 13 15 8 0
