12
10
28 27 15 70 63 146 59 143 114 46
13 46 62 26 6 129 133 35 145 77
12 29 45 32 33 61 21 115 87 146
119 19 142 62 37 136 41 116 102 43
77 47 60 139 28 60 51 87 142 111
60 148 77 78 37 104 60 75 149 25
123 13 98 48 119 139 6 140 117 105
63 139 68 2 14 111 41 39 51 122
76 67 105 100 62 68 56 6 108 9
33 66 54 132 43 19 21 119 2 12
92 136 7 25 71 84 87 17 21 30
40 64 50 143 36 116 40 116 72 94
0 5 12 10 12 11 12 14 15 13 13 17 9 8
5 0 13 10 11 9 9 11 12 9 10 14 7 11
12 13 0 5 8 10 13 15 16 19 20 25 18 19
10 10 5 0 5 6 9 12 13 16 17 23 15 17
12 11 8 5 0 4 7 9 10 14 16 22 15 19
11 9 10 6 4 0 5 7 8 12 13 19 13 18
12 9 13 9 7 5 0 4 5 10 11 17 12 18
14 11 15 12 9 7 4 0 3 9 11 17 12 20
15 12 16 13 10 8 5 3 0 10 11 17 13 21
13 9 19 16 14 12 10 9 10 0 3 9 6 15
13 10 20 17 16 13 11 11 11 3 0 8 6 15
17 14 25 23 22 19 17 17 17 9 8 0 9 16
9 7 18 15 15 13 12 12 13 6 6 9 0 11
8 11 19 17 19 18 18 20 21 15 15 16 11 0
