12
20
61 138 103 33 118 79 11 59 27 81 4 23 45 93 62 12 147 37 50 39
70 69 143 62 49 16 71 23 84 8 3 140 7 12 7 19 108 5 116 45
135 46 124 15 73 129 8 66 76 116 70 77 14 60 60 57 135 48 106 137
51 136 144 31 26 46 46 129 42 114 54 101 118 100 140 108 114 114 108 128
118 41 81 83 18 29 76 2 110 124 117 123 81 74 68 138 137 26 91 27
134 120 128 56 52 33 46 62 20 71 81 130 62 73 102 88 137 118 59 88
49 106 123 32 146 45 2 6 78 132 48 123 15 80 101 121 57 18 58 138
80 78 70 34 69 74 129 7 125 30 34 59 39 86 108 58 95 106 133 8
34 130 63 118 17 84 21 111 64 27 74 39 116 66 117 77 75 36 32 98
108 101 50 81 52 32 36 123 22 89 109 34 4 53 119 88 113 81 122 122
72 90 56 133 96 117 106 117 113 122 141 93 118 48 76 14 143 135 19 101
148 3 3 66 14 31 108 55 5 38 8 2 6 148 128 74 84 17 108 69
0 4 16 20 11 10 11 9 6 6 8 7 5 3
4 0 13 19 11 12 14 12 9 9 10 8 7 4
16 13 0 19 19 22 25 23 20 21 22 19 18 16
20 19 19 0 14 19 24 21 20 23 25 25 23 22
11 11 19 14 0 7 12 9 8 12 13 16 13 13
10 12 22 19 7 0 6 4 5 8 9 13 11 11
11 14 25 24 12 6 0 4 7 7 7 12 11 12
9 12 23 21 9 4 4 0 5 6 7 12 10 11
6 9 20 20 8 5 7 5 0 5 7 10 8 8
6 9 21 23 12 8 7 6 5 0 3 7 6 7
8 10 22 25 13 9 7 7 7 3 0 7 6 8
7 8 19 25 16 13 12 12 10 7 7 0 4 6
5 7 18 23 13 11 11 10 8 6 6 4 0 4
3 4 16 22 13 11 12 11 8 7 8 6 4 0
