12
20
56 105 37 126 115 33 70 80 16 88 96 110 6 42 142 120 20 53 35 117
72 116 90 141 97 109 133 63 142 89 73 133 35 50 50 137 3 63 55 17
136 141 21 138 73 46 12 92 55 123 127 17 3 15 71 122 71 67 114 66
50 20 8 82 66 33 78 149 25 72 122 47 86 94 110 109 76 118 120 16
42 10 47 8 67 131 41 12 128 40 87 69 44 79 95 121 11 135 46 147
6 1 84 101 111 106 114 36 69 133 109 20 86 143 136 144 149 18 129 118
149 9 125 82 107 143 14 11 132 44 133 26 128 7 118 102 43 126 140 98
16 78 149 5 67 90 131 31 12 39 83 75 113 39 99 31 84 70 20 76
13 39 41 118 129 130 150 105 2 27 77 89 48 6 23 97 120 52 105 138
21 55 54 7 55 109 113 119 68 124 106 30 116 29 136 84 76 110 20 51
39 49 17 107 24 91 138 74 102 130 90 147 91 7 87 41 36 50 149 44
99 59 22 136 61 93 121 123 56 26 47 14 86 12 108 14 68 150 30 96
0 8 8 8 9 12 18 19 20 18 17 11 11 4
8 0 4 5 6 7 14 15 18 17 19 17 17 8
8 4 0 3 4 5 12 13 15 14 17 16 17 8
8 5 3 0 3 5 12 13 15 13 16 16 17 8
9 6 4 3 0 5 11 11 13 12 15 16 17 8
12 7 5 5 5 0 9 10 13 13 18 19 20 11
18 14 12 12 11 9 0 3 8 10 18 24 25 17
19 15 13 13 11 10 3 0 6 9 18 24 25 17
20 18 15 15 13 13 8 6 0 5 14 22 24 18
18 17 14 13 12 13 10 9 5 0 11 19 22 15
17 19 17 16 15 18 18 18 14 11 0 13 16 14
11 17 16 16 16 19 24 24 22 19 13 0 4 10
11 17 17 17 17 20 25 25 24 22 16 4 0 10
4 8 8 8 8 11 17 17 18 15 14 10 10 0
