12
10
91 113 112 55 60 126 45 30 92 79
25 126 109 23 17 98 47 7 41 27
96 39 117 79 66 15 3 2 116 114
59 33 22 80 1 60 52 27 42 117
141 4 45 111 95 111 16 83 140 66
39 58 80 106 2 74 49 121 143 38
138 69 41 90 31 112 74 14 23 54
128 6 11 131 150 102 46 117 125 50
21 135 148 73 77 147 26 36 101 40
3 26 10 74 122 137 61 132 60 50
112 51 102 11 85 13 87 7 98 3
127 147 122 112 40 130 103 55 7 127
0 16 14 22 16 15 15 13 17 18 15 9 4 4
16 0 6 19 16 20 20 21 24 25 25 23 18 18
14 6 0 15 12 16 16 17 20 21 21 20 15 16
22 19 15 0 7 11 11 13 14 15 17 22 21 22
16 16 12 7 0 7 7 9 11 12 13 16 15 16
15 20 16 11 7 0 2 4 5 7 8 13 14 14
15 20 16 11 7 2 0 4 6 7 8 12 13 14
13 21 17 13 9 4 4 0 5 7 6 10 11 12
17 24 20 14 11 5 6 5 0 3 6 13 15 16
18 25 21 15 12 7 7 7 3 0 5 13 16 16
15 25 21 17 13 8 8 6 6 5 0 9 13 13
9 23 20 22 16 13 12 10 13 13 9 0 7 7
4 18 15 21 15 14 13 11 15 16 13 7 0 2
4 18 16 22 16 14 14 12 16 16 13 7 2 0
