12
10
131 10 93 45 48 124 93 78 102 86
29 127 73 136 86 113 138 122 131 117
17 131 101 1 17 93 134 88 117 84
90 17 81 141 104 85 109 65 59 92
113 72 44 147 95 122 71 18 68 25
26 102 52 67 32 50 78 90 10 21
47 16 19 71 32 86 4 51 10 37
86 122 111 28 65 128 39 81 93 89
88 25 118 99 19 62 150 139 33 94
122 100 85 148 109 5 75 101 113 61
71 136 104 108 94 106 114 23 46 109
62 88 51 138 131 69 81 65 42 36
0 10 8 10 12 17 13 13 18 9 6 5 4 5
10 0 5 13 16 19 17 19 25 16 14 14 12 11
8 5 0 10 13 16 14 16 23 13 12 11 10 10
10 13 10 0 4 8 5 8 16 7 10 10 10 13
12 16 13 4 0 7 3 6 14 7 11 11 12 14
17 19 16 8 7 0 7 11 18 12 17 16 17 20
13 17 14 5 3 7 0 6 13 7 12 12 13 16
13 19 16 8 6 11 6 0 9 5 10 10 12 15
18 25 23 16 14 18 13 9 0 11 14 14 16 19
9 16 13 7 7 12 7 5 11 0 7 7 8 11
6 14 12 10 11 17 12 10 14 7 0 2 4 6
5 14 11 10 11 16 12 10 14 7 2 0 3 6
4 12 10 10 12 17 13 12 16 8 4 3 0 4
5 11 10 13 14 20 16 15 19 11 6 6 4 0
