12
20
64 31 22 35 137 55 87 33 85 96 113 60 91 100 14 90 84 119 49 76
75 111 89 19 109 85 91 105 68 19 68 49 127 30 132 75 115 122 13 89
30 83 85 75 130 86 54 36 89 79 48 142 101 92 67 109 60 145 131 88
18 148 27 10 140 72 5 29 78 133 45 104 47 59 113 10 65 124 94 111
88 61 74 41 98 124 13 143 135 12 24 29 72 80 74 106 110 18 103 92
76 38 119 74 141 36 40 78 74 46 117 98 107 15 103 43 54 135 9 81
18 68 29 58 128 117 72 48 42 5 51 80 40 149 53 43 17 133 134 85
16 103 118 96 51 36 38 106 27 54 85 34 25 120 56 111 61 9 133 85
135 128 21 84 122 92 44 113 42 25 128 13 120 138 90 22 56 87 36 100
103 100 43 73 99 26 34 55 41 87 136 134 6 56 93 15 57 102 118 88
84 112 71 133 148 86 39 136 47 25 12 130 146 13 60 57 125 52 149 55
70 119 106 70 149 7 27 139 117 77 25 26 144 86 100 84 103 15 82 89
0 6 12 13 16 18 12 15 24 22 22 18 17 15
6 0 8 9 13 15 13 16 25 25 24 21 21 19
12 8 0 3 6 8 10 14 23 23 23 21 21 22
13 9 3 0 6 9 12 16 25 24 25 22 23 23
16 13 6 6 0 4 11 14 22 22 23 21 23 24
18 15 8 9 4 0 11 13 21 21 22 20 22 24
12 13 10 12 11 11 0 6 15 14 15 12 13 15
15 16 14 16 14 13 6 0 11 10 10 8 10 13
24 25 23 25 22 21 15 11 0 4 5 9 12 15
22 25 23 24 22 21 14 10 4 0 2 6 9 13
22 24 23 25 23 22 15 10 5 2 0 6 9 12
18 21 21 22 21 20 12 8 9 6 6 0 5 8
17 21 21 23 23 22 13 10 12 9 9 5 0 5
15 19 22 23 24 24 15 13 15 13 12 8 5 0
