12
10
49 31 7 116 96 143 104 4 97 62
54 122 147 137 22 132 47 145 73 62
5 18 55 93 55 82 92 85 109 10
54 78 54 84 134 138 12 96 8 64
115 104 150 89 102 3 77 99 12 108
29 91 12 51 121 32 70 86 69 97
103 135 103 78 89 65 70 87 129 118
137 115 45 121 56 27 35 93 73 71
35 11 6 133 45 91 18 56 39 43
139 98 43 28 62 117 23 145 124 86
127 39 150 94 127 31 81 57 39 91
140 109 11 142 123 59 112 62 33 115
0 10 12 14 14 16 16 15 19 15 12 15 7 5
10 0 5 6 6 9 11 11 17 16 15 21 15 13
12 5 0 4 4 10 14 14 20 19 18 23 17 14
14 6 4 0 2 9 14 14 21 20 20 25 19 17
14 6 4 2 0 9 14 14 20 20 20 25 19 17
16 9 10 9 9 0 7 8 14 16 17 23 20 20
16 11 14 14 14 7 0 3 8 11 13 19 17 19
15 11 14 14 14 8 3 0 8 9 11 18 16 18
19 17 20 21 20 14 8 8 0 8 11 17 18 22
15 16 19 20 20 16 11 9 8 0 5 11 12 17
12 15 18 20 20 17 13 11 11 5 0 8 9 14
15 21 23 25 25 23 19 18 17 11 8 0 9 16
7 15 17 19 19 20 17 16 18 12 9 9 0 8
5 13 14 17 17 20 19 18 22 17 14 16 8 0
