12
30
76 124 42 134 10 12 51 23 89 146 9 61 76 96 30 60 19 8 126 76 105 39 28 91 132 70 23 33 2 53
59 56 60 42 55 24 79 133 111 4 21 135 120 30 149 14 13 64 141 103 141 101 129 60 11 3 114 41 122 94
34 147 118 7 29 124 62 85 114 92 89 92 107 114 97 123 52 120 146 4 150 45 92 121 72 53 143 119 43 117
140 107 71 66 66 55 135 84 65 7 63 31 11 129 39 20 10 111 74 67 138 83 20 127 47 40 109 31 87 20
130 79 60 65 105 98 126 18 125 85 148 35 128 122 1 63 64 25 37 43 131 115 94 126 89 15 108 82 135 13
89 95 39 73 88 56 138 93 128 46 127 7 108 104 61 126 17 133 87 66 147 78 121 49 88 65 117 112 111 6
90 121 85 12 89 150 99 140 15 132 54 56 16 19 71 72 50 121 24 6 111 36 25 137 141 37 1 136 150 135
6 61 3 115 121 56 87 122 110 47 45 82 39 148 68 111 74 57 70 109 137 79 1 72 70 83 104 87 79 56
22 33 44 119 88 41 30 110 1 17 136 43 130 125 75 42 86 39 131 51 6 95 98 114 66 57 104 108 104 48
11 23 96 85 136 41 1 117 45 65 49 135 57 88 9 1 103 17 65 101 122 85 93 41 119 56 8 143 120 43
135 53 143 102 54 146 33 85 107 90 135 77 5 6 42 64 87 127 112 130 148 91 26 82 72 55 51 85 84 145
136 17 57 114 114 89 52 4 122 5 15 135 69 99 97 82 75 62 125 26 52 102 106 33 71 7 90 31 133 60
0 9 15 14 16 21 23 18 14 11 9 8 7 5
9 0 7 7 8 13 16 14 14 11 9 10 12 12
15 7 0 5 4 8 13 14 17 16 13 15 18 18
14 7 5 0 3 8 11 11 14 13 10 13 16 17
16 8 4 3 0 7 10 12 16 15 12 14 18 19
21 13 8 8 7 0 7 13 19 19 17 19 22 24
23 16 13 11 10 7 0 11 18 19 17 19 23 25
18 14 14 11 12 13 11 0 9 11 11 13 17 20
14 14 17 14 16 19 18 9 0 5 7 8 10 15
11 11 16 13 15 19 19 11 5 0 4 4 7 11
9 9 13 10 12 17 17 11 7 4 0 4 8 11
8 10 15 13 14 19 19 13 8 4 4 0 5 9
7 12 18 16 18 22 23 17 10 7 8 5 0 6
5 12 18 17 19 24 25 20 15 11 11 9 6 0
