12
20
2 10 3 3 7 8 8 8 8 5 4 4 10 6 8 4 4 7 2 2
8 9 5 7 9 6 7 9 7 3 6 3 7 6 9 4 5 1 9 1
7 7 3 9 4 2 9 7 7 5 9 6 3 10 10 8 6 8 10 4
6 8 6 1 10 7 3 9 5 4 9 10 9 3 10 2 7 1 1 6
9 3 1 10 7 1 9 5 4 6 6 2 7 4 4 10 9 7 10 4
7 5 9 5 5 3 1 3 2 10 10 10 7 3 2 8 7 6 8 6
8 9 7 4 4 5 10 3 1 10 7 2 3 4 9 7 6 6 8 9
2 5 5 5 2 4 2 2 9 8 4 3 6 1 3 9 10 2 9 6
9 5 2 9 6 5 6 10 8 2 5 6 1 6 3 4 1 9 10 4
2 4 3 3 7 2 1 7 4 6 2 9 8 6 6 9 6 7 2 9
10 9 10 4 5 3 5 4 4 9 5 9 3 2 10 3 10 8 8 6
10 8 1 1 10 6 4 6 2 3 10 4 3 3 2 8 3 8 7 2
0 3 4 4 4 6 9 8 8 5 5 6 6 3
3 0 5 5 6 8 10 10 9 5 6 7 7 4
4 5 0 3 4 7 9 10 10 8 7 8 8 5
4 5 3 0 2 6 7 9 9 7 6 7 6 3
4 6 4 2 0 5 7 8 9 7 6 7 6 4
6 8 7 6 5 0 4 6 8 7 6 6 4 5
9 10 9 7 7 4 0 6 9 9 8 8 6 7
8 10 10 9 8 6 6 0 5 7 6 5 4 7
8 9 10 9 9 8 9 5 0 5 5 4 5 8
5 5 8 7 7 7 9 7 5 0 3 4 5 5
5 6 7 6 6 6 8 6 5 3 0 2 3 5
6 7 8 7 7 6 8 5 4 4 2 0 3 5
6 7 8 6 6 4 6 4 5 5 3 3 0 5
3 4 5 3 4 5 7 7 8 5 5 5 5 0
