12
10
10 2 10 9 1 6 8 9 2 8
10 5 7 7 8 3 1 2 7 2
9 5 6 7 10 10 6 10 1 9
10 4 9 7 2 1 1 9 6 2
10 4 1 6 6 9 3 1 1 4
5 4 9 5 10 1 5 5 4 8
3 4 5 10 1 8 8 2 9 1
5 4 2 8 3 6 6 1 2 3
2 10 3 9 4 9 5 8 1 10
3 9 5 3 4 2 3 7 10 9
9 1 6 5 2 10 1 4 3 7
8 6 2 4 2 5 1 4 4 8
0 3 4 5 6 6 7 7 9 8 6 8 9 4
3 0 3 3 4 4 5 6 7 6 5 7 9 5
4 3 0 2 5 4 5 4 6 5 4 6 7 5
5 3 2 0 4 4 4 4 6 5 4 6 8 6
6 4 5 4 0 2 4 6 7 7 7 9 10 8
6 4 4 4 2 0 4 5 7 6 6 8 10 8
7 5 5 4 4 4 0 4 5 5 5 7 9 9
7 6 4 4 6 5 4 0 3 3 4 5 7 8
9 7 6 6 7 7 5 3 0 3 4 5 6 9
8 6 5 5 7 6 5 3 3 0 3 3 5 8
6 5 4 4 7 6 5 4 4 3 0 3 5 7
8 7 6 6 9 8 7 5 5 3 3 0 3 8
9 9 7 8 10 10 9 7 6 5 5 3 0 8
4 5 5 6 8 8 9 8 9 8 7 8 8 0
