12
10
3 2 8 6 4 4 8 8 3 8
5 8 5 4 5 2 6 9 3 4
3 4 4 6 10 9 4 8 4 5
5 1 6 7 4 7 9 6 10 10
9 5 5 10 5 9 2 5 8 10
9 3 8 3 4 4 7 3 7 9
8 10 2 4 10 5 9 6 9 8
2 8 3 8 3 8 2 4 2 9
6 4 7 10 9 9 1 3 2 8
7 7 3 7 7 3 5 7 6 3
6 6 10 5 3 7 9 1 10 7
3 3 10 7 1 9 9 9 8 9
0 3 5 6 7 6 5 7 3 4 6 5 4 4
3 0 4 4 6 6 6 8 5 6 7 6 5 5
5 4 0 3 7 8 8 10 7 7 8 7 7 6
6 4 3 0 6 7 8 10 7 8 10 9 8 8
7 6 7 6 0 4 7 9 7 9 10 9 9 9
6 6 8 7 4 0 5 7 6 8 9 8 9 9
5 6 8 8 7 5 0 4 4 5 6 6 7 7
7 8 10 10 9 7 4 0 5 5 5 6 7 7
3 5 7 7 7 6 4 5 0 4 5 4 4 5
4 6 7 8 9 8 5 5 4 0 3 2 3 3
6 7 8 10 10 9 6 5 5 3 0 3 3 4
5 6 7 9 9 8 6 6 4 2 3 0 2 3
4 5 7 8 9 9 7 7 4 3 3 2 0 2
4 5 6 8 9 9 7 7 5 3 4 3 2 0
