12
20
1 2 3 2 10 6 6 9 7 8 7 10 8 9 6 9 9 8 3 7
7 2 7 5 3 4 3 5 4 9 4 2 2 7 10 2 5 10 6 1
2 2 4 1 3 4 4 5 3 8 2 6 5 9 9 7 1 5 2 2
5 7 5 3 8 8 4 5 9 3 7 4 5 7 8 7 5 10 2 9
6 9 10 7 1 2 8 7 3 2 6 8 4 1 7 7 4 10 5 8
3 1 5 2 9 9 1 8 8 10 4 10 9 6 2 2 7 3 9 2
2 8 3 9 8 10 9 6 2 7 7 9 5 10 8 4 1 3 2 5
1 2 3 5 4 2 5 4 6 10 10 1 8 2 9 5 10 6 1 2
9 7 5 10 9 5 7 5 8 7 1 9 8 10 3 1 3 6 10 10
4 8 6 7 6 5 2 7 1 3 6 4 6 6 3 8 8 5 6 3
7 5 4 6 3 2 6 8 6 8 1 3 5 1 2 2 4 3 8 5
2 3 10 7 2 2 8 6 9 4 4 9 5 5 3 6 9 1 8 3
0 3 3 5 6 7 9 8 7 7 8 5 6 2
3 0 2 4 5 5 8 6 6 6 7 5 6 3
3 2 0 4 5 5 7 7 6 7 7 6 6 3
5 4 4 0 3 4 6 4 4 4 6 5 6 5
6 5 5 3 0 5 6 3 3 3 4 5 6 5
7 5 5 4 5 0 4 5 6 6 8 8 9 7
9 8 7 6 6 4 0 5 6 6 8 9 10 9
8 6 7 4 3 5 5 0 3 3 4 7 8 7
7 6 6 4 3 6 6 3 0 2 4 6 7 6
7 6 7 4 3 6 6 3 2 0 3 6 7 7
8 7 7 6 4 8 8 4 4 3 0 5 6 7
5 5 6 5 5 8 9 7 6 6 5 0 3 5
6 6 6 6 6 9 10 8 7 7 6 3 0 5
2 3 3 5 5 7 9 7 6 7 7 5 5 0
