12
20
2 10 5 3 6 2 3 7 6 4 5 6 2 10 3 8 10 1 4 3
10 8 1 9 6 2 2 7 8 2 7 5 6 3 1 1 3 9 4 2
3 6 1 6 10 9 3 5 9 3 9 8 7 8 6 9 9 5 4 9
9 5 9 10 4 10 10 6 7 5 3 9 5 4 6 9 9 1 8 3
5 5 10 10 5 2 9 7 4 7 10 8 1 3 4 5 8 1 9 1
8 4 5 7 6 1 5 10 2 7 1 10 2 9 9 7 1 2 3 3
5 10 1 10 7 5 4 4 3 10 10 1 1 1 5 6 7 7 5 7
8 8 3 5 7 1 6 9 2 7 8 8 9 3 4 9 3 3 5 3
9 7 4 1 7 10 5 6 3 6 7 4 7 2 5 4 7 1 10 7
6 10 10 8 9 1 4 7 4 3 2 7 8 4 9 4 9 4 3 9
3 4 6 10 2 9 8 3 10 5 3 5 5 7 6 7 4 4 3 1
6 10 7 1 9 5 10 8 9 7 4 4 4 9 6 2 9 8 3 8
0 5 8 7 6 6 6 4 4 4 3 5 5 6
5 0 6 4 3 4 4 6 7 7 6 8 7 7
8 6 0 6 7 8 8 10 10 10 9 10 9 8
7 4 6 0 4 4 4 8 10 9 9 10 10 10
6 3 7 4 0 2 2 5 8 7 7 9 8 9
6 4 8 4 2 0 2 5 7 7 8 9 9 9
6 4 8 4 2 2 0 5 7 7 8 9 9 9
4 6 10 8 5 5 5 0 5 5 5 7 7 8
4 7 10 10 8 7 7 5 0 2 3 4 4 6
4 7 10 9 7 7 7 5 2 0 3 4 4 6
3 6 9 9 7 8 8 5 3 3 0 3 3 5
5 8 10 10 9 9 9 7 4 4 3 0 2 4
5 7 9 10 8 9 9 7 4 4 3 2 0 3
6 7 8 10 9 9 9 8 6 6 5 4 3 0
