12
20
5 5 10 3 5 4 8 8 6 1 2 3 3 7 1 4 1 7 3 3
5 10 3 9 10 9 10 1 10 10 2 5 3 1 10 4 5 4 9 5
2 4 3 5 4 4 10 2 9 6 8 6 7 2 9 2 1 1 9 2
2 3 7 6 9 9 7 7 9 3 6 6 8 2 9 10 7 1 8 5
9 3 2 4 7 9 2 9 7 1 9 8 1 7 2 1 10 4 2 3
6 7 8 3 4 10 1 8 6 4 1 6 5 8 6 2 4 5 6 4
9 9 3 9 6 5 1 3 7 8 4 9 6 4 9 2 2 3 4 2
1 9 8 2 4 9 9 4 7 4 10 7 9 7 9 9 5 1 5 3
10 6 6 8 7 7 3 10 10 1 7 10 7 3 5 8 9 2 1 1
10 10 9 4 3 8 1 3 10 6 2 1 3 3 4 3 8 5 2 10
10 4 9 10 2 9 7 7 4 1 5 10 2 10 1 3 7 3 4 9
10 9 4 10 9 3 9 5 9 2 2 8 9 4 5 4 3 7 8 2
0 3 3 5 5 6 8 9 9 9 9 6 5 2
3 0 4 6 6 7 9 10 10 10 9 7 5 3
3 4 0 4 5 7 9 10 10 10 10 8 7 4
5 6 4 0 4 7 8 9 10 10 10 8 8 5
5 6 5 4 0 4 6 6 7 7 7 5 6 5
6 7 7 7 4 0 3 4 4 5 5 3 5 6
8 9 9 8 6 3 0 3 3 4 4 4 7 8
9 10 10 9 6 4 3 0 3 5 5 5 8 9
9 10 10 10 7 4 3 3 0 3 4 5 7 9
9 10 10 10 7 5 4 5 3 0 2 4 6 9
9 9 10 10 7 5 4 5 4 2 0 4 6 9
6 7 8 8 5 3 4 5 5 4 4 0 4 6
5 5 7 8 6 5 7 8 7 6 6 4 0 4
2 3 4 5 5 6 8 9 9 9 9 6 4 0
