12
10
8 10 6 5 3 3 1 6 9 8
10 2 6 9 10 1 7 3 8 7
3 3 4 1 2 3 9 10 2 7
2 5 4 4 7 2 5 4 7 5
6 1 4 1 7 1 7 8 3 1
4 7 2 10 1 2 10 4 4 6
1 2 3 9 1 9 2 10 8 9
4 7 2 7 4 2 10 3 3 10
1 1 5 9 10 3 5 10 1 2
7 4 3 10 9 1 6 9 10 10
2 6 2 10 6 8 4 7 4 10
1 7 10 6 1 7 2 4 4 8
0 5 5 6 7 9 9 8 10 10 6 5 4 3
5 0 4 5 6 8 7 8 10 10 8 7 7 6
5 4 0 3 4 6 6 5 8 8 6 5 6 5
6 5 3 0 3 5 4 4 7 8 6 5 6 6
7 6 4 3 0 4 3 3 5 6 5 5 7 7
9 8 6 5 4 0 3 4 6 7 8 7 9 9
9 7 6 4 3 3 0 3 5 6 7 6 8 8
8 8 5 4 3 4 3 0 4 5 5 5 7 7
10 10 8 7 5 6 5 4 0 3 5 6 8 9
10 10 8 8 6 7 6 5 3 0 5 6 8 9
6 8 6 6 5 8 7 5 5 5 0 3 4 5
5 7 5 5 5 7 6 5 6 6 3 0 4 4
4 7 6 6 7 9 8 7 8 8 4 4 0 3
3 6 5 6 7 9 8 7 9 9 5 4 3 0
