12
30
33 8 14 99 64 73 84 37 68 24 32 14 31 97 32 85 46 97 59 3 15 53 92 93 49 18 86 85 52 36
70 97 16 76 41 77 69 25 73 8 64 32 23 86 71 80 43 46 20 98 60 76 82 77 60 80 93 12 32 56
36 62 79 79 60 7 22 26 44 98 82 28 98 6 53 41 69 75 99 91 31 30 19 29 49 54 38 49 89 12
92 13 83 88 39 32 41 61 8 11 45 99 67 48 26 19 63 8 26 46 69 10 57 4 34 1 78 12 24 25
26 11 31 67 49 46 44 45 82 97 82 50 65 87 29 48 13 43 81 1 16 34 40 49 75 86 8 14 54 22
81 8 65 89 45 40 31 72 88 13 50 16 59 89 85 35 25 33 47 18 4 35 82 4 67 91 46 68 78 35
12 63 87 97 2 43 91 46 36 48 3 27 9 92 59 18 82 42 98 73 12 28 95 77 94 3 87 44 92 84
6 94 6 100 45 53 92 71 75 11 40 25 83 28 16 11 27 32 52 84 40 100 10 25 59 80 24 39 90 32
48 59 2 18 91 26 55 31 12 80 2 1 20 25 56 67 17 36 40 72 70 83 53 65 25 93 4 83 97 85
81 33 58 97 79 13 99 6 1 25 66 41 71 61 71 71 57 30 4 18 38 39 78 50 30 5 73 60 84 65
94 10 2 98 5 69 58 80 13 69 68 15 50 49 44 42 60 59 67 2 98 39 69 46 23 49 30 38 69 24
38 29 20 49 34 98 67 60 88 88 83 1 46 28 23 64 33 100 5 70 88 24 75 86 36 91 76 14 11 76
0 9 13 17 18 21 24 22 20 19 15 12 12 10
9 0 6 12 13 17 23 24 24 23 18 14 13 8
13 6 0 9 10 15 21 25 25 25 19 15 14 9
17 12 9 0 3 7 13 20 22 21 16 12 11 9
18 13 10 3 0 6 12 20 22 22 16 13 12 10
21 17 15 7 6 0 8 18 20 20 15 13 12 12
24 23 21 13 12 8 0 15 18 19 15 15 15 16
22 24 25 20 20 18 15 0 5 6 8 12 13 18
20 24 25 22 22 20 18 5 0 3 8 12 13 18
19 23 25 21 22 20 19 6 3 0 7 11 12 17
15 18 19 16 16 15 15 8 8 7 0 5 7 11
12 14 15 12 13 13 15 12 12 11 5 0 3 8
12 13 14 11 12 12 15 13 13 12 7 3 0 6
10 8 9 9 10 12 16 18 18 17 11 8 6 0
