12
30
84 8 72 35 4 62 44 32 47 11 62 40 52 23 3 98 73 29 58 32 66 20 43 29 77 100 31 94 74 92
27 70 25 11 14 70 3 5 30 58 4 11 85 10 21 15 13 64 92 27 58 68 5 7 6 7 88 53 50 10
24 25 37 95 60 68 51 41 73 38 69 7 45 69 58 39 88 48 46 25 35 76 1 41 2 49 54 92 86 42
42 81 14 92 86 61 64 71 10 2 21 70 71 69 37 100 24 27 59 93 25 66 46 1 62 32 81 17 62 45
62 1 47 29 70 65 43 43 53 53 62 71 75 44 7 50 91 5 20 36 1 45 18 67 79 41 32 57 65 26
39 99 76 16 63 37 8 42 77 63 100 24 47 59 93 51 2 84 11 93 48 69 98 24 82 20 59 16 74 54
11 94 42 65 15 47 28 58 53 73 47 74 55 19 47 30 92 50 96 20 95 36 11 9 28 84 28 39 1 23
73 32 50 48 50 78 35 33 66 59 3 52 20 4 39 80 98 33 22 62 87 93 12 3 67 59 36 66 51 31
40 60 40 56 15 89 77 45 36 17 15 97 1 24 91 71 68 43 73 27 91 75 9 90 17 44 21 21 69 32
88 80 64 39 56 36 96 35 16 59 55 28 50 10 100 81 29 47 29 42 79 4 64 75 48 64 15 13 46 86
22 62 73 48 82 76 17 97 99 9 82 97 70 42 78 17 42 84 77 34 88 33 28 74 67 70 71 42 60 49
23 11 58 19 68 58 73 78 96 64 93 81 80 39 72 58 51 73 93 28 75 54 78 7 14 99 74 67 37 57
0 9 17 16 25 16 16 19 22 22 20 11 9 5
9 0 10 9 19 11 11 15 19 20 19 10 7 7
17 10 0 7 15 12 14 19 22 25 24 17 14 15
16 9 7 0 11 7 8 13 16 20 19 13 11 14
25 19 15 11 0 11 13 16 16 22 22 20 19 22
16 11 12 7 11 0 3 8 11 15 14 10 9 13
16 11 14 8 13 3 0 6 10 13 13 9 9 13
19 15 19 13 16 8 6 0 5 8 8 9 11 15
22 19 22 16 16 11 10 5 0 7 8 12 15 19
22 20 25 20 22 15 13 8 7 0 3 12 15 18
20 19 24 19 22 14 13 8 8 3 0 11 14 17
11 10 17 13 20 10 9 9 12 12 11 0 5 8
9 7 14 11 19 9 9 11 15 15 14 5 0 6
5 7 15 14 22 13 13 15 19 18 17 8 6 0
