12
30
97 37 10 10 53 35 46 26 64 37 72 43 43 1 15 80 97 48 56 99 29 20 10 54 39 13 48 54 48 33
84 17 84 98 35 89 51 21 42 87 66 69 47 22 28 26 53 70 99 56 31 93 41 85 99 59 54 16 3 79
96 91 30 89 7 71 81 38 2 76 98 60 66 53 57 83 72 97 95 53 4 79 35 90 93 78 33 12 24 77
17 29 62 27 53 15 24 97 45 44 96 30 27 12 52 29 14 66 67 20 100 51 30 81 69 40 27 86 51 57
60 10 49 59 54 53 54 18 76 28 28 14 2 83 49 67 28 23 70 32 90 75 66 42 6 65 48 95 14 64
64 19 80 19 74 69 62 24 10 95 28 8 65 89 7 28 27 38 17 31 82 59 56 22 81 46 71 79 11 98
11 68 16 26 86 24 40 62 40 58 93 36 21 34 56 98 35 3 99 40 47 19 61 36 21 28 100 72 25 94
80 35 31 30 14 32 61 81 56 53 9 8 80 33 75 84 87 22 28 90 21 76 2 41 37 96 68 53 78 64
80 33 89 76 66 22 40 51 29 67 58 28 33 44 44 54 61 47 19 52 6 81 8 81 75 24 48 72 44 80
69 13 51 10 32 83 24 36 6 33 79 27 87 69 29 75 40 15 58 48 66 40 30 70 59 32 62 71 52 72
27 23 3 61 42 3 72 24 44 40 51 46 6 73 48 75 76 64 94 56 49 82 85 7 30 35 93 64 73 68
85 25 85 27 82 9 75 37 58 55 98 24 84 91 64 55 1 49 63 56 74 7 69 60 18 99 34 22 70 94
0 10 11 14 12 13 14 14 14 11 13 8 2 3
10 0 9 17 18 20 22 23 23 19 19 17 11 12
11 9 0 10 14 16 20 22 23 21 22 18 12 11
14 17 10 0 9 12 17 21 24 22 25 19 15 13
12 18 14 9 0 4 9 14 17 16 20 14 11 10
13 20 16 12 4 0 7 12 15 15 19 13 12 11
14 22 20 17 9 7 0 7 11 12 17 11 13 12
14 23 22 21 14 12 7 0 6 7 12 8 13 13
14 23 23 24 17 15 11 6 0 5 9 8 14 14
11 19 21 22 16 15 12 7 5 0 7 5 11 12
13 19 22 25 20 19 17 12 9 7 0 8 13 14
8 17 18 19 14 13 11 8 8 5 8 0 7 9
2 11 12 15 11 12 13 13 14 11 13 7 0 3
3 12 11 13 10 11 12 13 14 12 14 9 3 0
