12
20
10 67 17 55 15 75 56 15 40 50 33 75 80 46 55 31 39 100 84 2
38 43 62 97 72 1 56 42 47 3 66 45 4 92 75 85 66 96 44 25
3 43 57 35 29 35 67 60 57 84 3 74 40 27 76 38 27 31 29 97
22 3 21 5 95 89 40 12 6 23 1 67 73 26 37 68 49 87 60 54
17 83 88 62 85 71 49 86 16 72 25 16 16 95 95 39 75 95 54 81
57 7 24 84 36 25 100 42 92 6 88 20 94 82 4 70 32 74 85 46
10 70 90 15 69 68 16 59 51 28 30 20 66 32 46 96 52 29 76 27
29 54 10 16 56 71 90 6 12 71 50 98 10 75 70 6 5 53 47 19
4 32 91 6 64 53 98 21 76 81 69 68 70 95 49 54 31 95 33 26
20 31 74 83 69 95 89 39 20 75 76 19 80 18 75 69 10 54 92 94
66 37 48 89 64 68 81 62 56 70 22 32 6 12 59 94 94 29 65 57
93 43 32 80 26 92 1 69 29 40 30 41 2 85 5 1 77 74 54 95
0 4 6 13 16 10 8 11 21 17 14 17 14 7
4 0 4 14 18 12 11 14 24 20 17 19 16 10
6 4 0 14 18 12 12 15 25 21 19 21 18 12
13 14 14 0 5 4 8 12 18 18 17 23 22 15
16 18 18 5 0 8 11 13 17 19 18 25 24 19
10 12 12 4 8 0 5 9 17 16 14 20 19 13
8 11 12 8 11 5 0 6 15 13 11 16 15 9
11 14 15 12 13 9 6 0 12 8 7 13 13 9
21 24 25 18 17 17 15 12 0 9 11 17 20 19
17 20 21 18 19 16 13 8 9 0 4 10 12 12
14 17 19 17 18 14 11 7 11 4 0 8 10 10
17 19 21 23 25 20 16 13 17 10 8 0 6 11
14 16 18 22 24 19 15 13 20 12 10 6 0 8
7 10 12 15 19 13 9 9 19 12 10 11 8 0
