12
20
59 53 43 8 99 61 28 78 2 28 15 12 20 38 3 15 32 71 55 63
68 52 2 53 26 16 8 69 48 22 70 52 4 74 8 34 41 23 24 29
43 83 26 1 86 8 16 60 15 87 100 16 26 84 18 56 20 37 23 35
28 64 12 63 65 49 46 81 86 49 66 42 52 73 41 84 88 65 42 8
26 30 83 99 60 1 36 52 41 32 83 94 22 75 49 82 83 35 55 83
97 17 72 52 53 1 20 51 76 15 84 46 18 73 14 36 54 1 72 27
49 12 95 68 4 55 18 26 20 57 11 66 19 72 11 17 90 61 22 47
3 33 2 18 24 72 32 89 46 9 22 83 33 38 35 16 74 80 77 47
28 34 55 1 32 29 13 71 58 54 4 61 30 90 59 92 69 69 41 63
67 15 69 73 5 63 85 40 22 66 38 63 67 57 39 23 84 90 22 67
17 58 82 97 58 80 5 100 48 80 47 29 3 8 99 21 94 75 45 27
14 44 98 92 53 32 85 11 22 29 74 81 6 26 36 79 3 77 30 54
0 7 14 12 12 11 16 10 11 11 7 12 9 5
7 0 10 7 8 8 17 13 15 16 12 17 12 6
14 10 0 10 12 13 25 21 23 24 19 22 15 11
12 7 10 0 3 5 18 16 18 21 17 23 18 12
12 8 12 3 0 3 17 15 17 20 17 23 18 13
11 8 13 5 3 0 15 13 16 19 16 22 18 12
16 17 25 18 17 15 0 8 9 15 15 23 23 20
10 13 21 16 15 13 8 0 4 9 9 16 17 14
11 15 23 18 17 16 9 4 0 7 8 15 17 15
11 16 24 21 20 19 15 9 7 0 6 10 14 14
7 12 19 17 17 16 15 9 8 6 0 9 10 10
12 17 22 23 23 22 23 16 15 10 9 0 9 13
9 12 15 18 18 18 23 17 17 14 10 9 0 7
5 6 11 12 13 12 20 14 15 14 10 13 7 0
