12
10
7 87 15 35 61 97 82 17 34 57
2 12 98 89 57 28 89 23 98 60
52 51 80 25 62 66 54 67 20 36
70 16 60 22 69 59 29 90 8 38
33 31 17 69 57 90 67 93 67 89
3 34 60 38 24 1 79 51 76 54
24 23 31 71 74 3 96 70 54 83
4 46 7 82 61 10 53 24 95 7
89 83 86 100 23 50 30 30 28 38
13 8 87 62 69 42 41 61 24 89
26 49 26 96 85 54 38 95 93 16
65 34 12 31 57 83 74 82 25 6
0 2 8 13 22 23 24 21 23 14 14 10 7 5
2 0 8 13 22 23 23 20 22 14 13 9 7 4
8 8 0 9 18 18 18 15 16 8 7 6 6 9
13 13 9 0 10 12 13 10 14 11 11 13 14 15
22 22 18 10 0 8 9 9 14 17 18 22 23 24
23 23 18 12 8 0 3 5 9 15 16 21 22 25
24 23 18 13 9 3 0 5 7 15 16 21 23 25
21 20 15 10 9 5 5 0 6 12 13 18 19 22
23 22 16 14 14 9 7 6 0 11 12 18 20 24
14 14 8 11 17 15 15 12 11 0 2 8 10 15
14 13 7 11 18 16 16 13 12 2 0 7 10 14
10 9 6 13 22 21 21 18 18 8 7 0 4 9
7 7 6 14 23 22 23 19 20 10 10 4 0 6
5 4 9 15 24 25 25 22 24 15 14 9 6 0
