12
10
20 82 16 41 17 63 59 27 34 2
63 23 60 33 79 49 38 98 87 67
37 56 87 52 17 39 48 21 91 12
55 76 19 34 1 99 63 29 87 85
49 40 25 16 83 66 24 93 97 88
38 13 55 45 57 53 11 31 27 1
43 54 91 27 28 50 63 73 9 61
55 20 65 11 38 27 35 8 51 70
87 6 55 39 22 4 58 66 62 64
62 89 82 12 31 3 68 74 59 62
33 53 40 48 7 14 55 17 100 3
21 49 39 42 73 31 34 64 69 94
0 7 7 6 13 14 10 8 10 18 20 14 14 5
7 0 8 11 17 19 15 13 14 22 23 17 15 6
7 8 0 7 12 14 12 13 15 23 25 20 20 10
6 11 7 0 8 10 7 8 10 18 21 15 17 9
13 17 12 8 0 3 6 11 12 18 22 17 21 16
14 19 14 10 3 0 7 12 13 18 23 18 22 17
10 15 12 7 6 7 0 7 8 14 18 13 17 13
8 13 13 8 11 12 7 0 4 12 15 9 12 8
10 14 15 10 12 13 8 4 0 10 12 7 11 10
18 22 23 18 18 18 14 12 10 0 7 8 14 18
20 23 25 21 22 23 18 15 12 7 0 8 12 19
14 17 20 15 17 18 13 9 7 8 8 0 8 13
14 15 20 17 21 22 17 12 11 14 12 8 0 11
5 6 10 9 16 17 13 8 10 18 19 13 11 0
