12
10
69 95 62 7 89 22 78 80 21 63
76 55 44 79 57 60 56 73 18 46
32 30 13 70 2 90 82 99 9 11
68 81 40 100 9 65 100 39 74 27
65 42 7 48 66 73 25 85 89 88
53 19 17 33 56 17 35 91 34 65
84 86 3 29 32 28 42 89 45 40
78 59 51 23 39 70 57 6 61 70
70 66 23 62 82 50 33 89 2 98
50 96 42 27 91 98 13 97 19 65
37 100 85 63 35 100 57 39 8 53
18 8 42 27 33 63 88 29 91 85
0 8 10 12 9 15 15 16 14 8 12 15 15 6
8 0 4 6 8 15 16 17 16 12 17 19 21 10
10 4 0 4 10 16 17 18 18 15 19 22 23 12
12 6 4 0 11 16 18 19 19 16 21 24 25 14
9 8 10 11 0 8 9 10 10 9 13 15 20 14
15 15 16 16 8 0 4 5 8 12 14 15 23 20
15 16 17 18 9 4 0 3 6 11 12 13 21 20
16 17 18 19 10 5 3 0 6 11 12 13 22 21
14 16 18 19 10 8 6 6 0 8 8 9 18 18
8 12 15 16 9 12 11 11 8 0 6 9 13 12
12 17 19 21 13 14 12 12 8 6 0 4 11 15
15 19 22 24 15 15 13 13 9 9 4 0 11 17
15 21 23 25 20 23 21 22 18 13 11 11 0 15
6 10 12 14 14 20 20 21 18 12 15 17 15 0
