12
10
42 79 54 58 45 12 8 22 54 99
5 56 55 71 48 77 49 11 82 13
83 71 61 55 58 54 99 48 42 41
26 41 72 51 62 46 63 21 34 46
45 21 58 75 46 9 51 66 46 77
37 97 38 3 44 54 78 79 84 48
85 50 54 72 19 65 75 97 33 98
57 34 9 9 62 87 33 99 9 96
63 77 28 26 86 39 9 6 50 25
33 18 61 26 78 78 48 67 27 98
23 6 11 69 76 71 9 8 89 1
53 49 67 95 81 46 60 28 44 87
0 9 15 15 18 23 24 25 24 19 19 7 7 5
9 0 8 9 14 18 20 22 21 20 19 9 12 9
15 8 0 2 9 12 13 16 16 19 18 12 16 14
15 9 2 0 8 11 13 16 15 18 18 12 16 14
18 14 9 8 0 7 8 9 8 13 13 13 16 16
23 18 12 11 7 0 3 7 7 17 16 18 22 21
24 20 13 13 8 3 0 5 6 16 16 19 23 22
25 22 16 16 9 7 5 0 3 15 14 20 23 23
24 21 16 15 8 7 6 3 0 13 13 19 21 21
19 20 19 18 13 17 16 15 13 0 2 14 14 16
19 19 18 18 13 16 16 14 13 2 0 14 14 16
7 9 12 12 13 18 19 20 19 14 14 0 6 4
7 12 16 16 16 22 23 23 21 14 14 6 0 5
5 9 14 14 16 21 22 23 21 16 16 4 5 0
