12
20
4 8 27 9 84 15 98 3 21 15 73 69 8 88 73 65 11 78 99 53
87 78 7 72 13 9 12 72 15 34 82 95 4 17 35 24 45 41 43 37
18 6 47 2 20 1 83 15 32 60 86 32 44 96 48 52 10 30 98 77
96 93 86 55 91 38 88 4 60 16 100 61 14 44 78 67 16 100 54 100
85 34 88 93 91 95 6 17 61 90 7 76 38 45 53 21 95 40 93 52
15 38 15 92 88 94 61 28 22 68 85 81 56 76 50 45 72 78 35 7
86 78 51 24 39 29 61 30 46 12 24 80 5 50 69 39 55 51 25 99
48 49 60 55 62 35 96 29 8 33 98 29 35 100 86 36 55 92 83 8
88 5 16 20 64 45 83 48 76 89 3 96 12 62 96 50 5 61 13 70
26 24 20 47 79 72 82 23 97 69 11 62 83 89 54 97 80 20 42 45
16 80 73 75 11 57 45 10 95 63 82 73 98 52 24 57 28 29 31 15
34 76 15 29 83 29 75 46 89 31 31 12 76 86 66 59 17 12 87 26
0 10 19 20 21 25 17 19 15 16 12 11 7 6
10 0 14 15 17 23 17 20 19 17 12 11 11 9
19 14 0 3 5 12 10 15 19 13 11 10 15 14
20 15 3 0 4 11 11 15 20 14 12 12 17 16
21 17 5 4 0 8 10 14 19 13 12 12 17 17
25 23 12 11 8 0 11 13 19 14 15 16 21 21
17 17 10 11 10 11 0 6 11 5 7 8 12 13
19 20 15 15 14 13 6 0 8 5 9 11 13 15
15 19 19 20 19 19 11 8 0 7 10 11 10 13
16 17 13 14 13 14 5 5 7 0 6 8 10 12
12 12 11 12 12 15 7 9 10 6 0 3 7 8
11 11 10 12 12 16 8 11 11 8 3 0 7 7
7 11 15 17 17 21 12 13 10 10 7 7 0 4
6 9 14 16 17 21 13 15 13 12 8 7 4 0
