12
10
69 85 65 63 44 54 18 41 33 86
45 45 70 34 12 47 25 82 19 9
3 33 47 63 26 47 49 24 57 61
64 67 66 12 94 20 37 37 99 14
49 5 18 6 87 43 63 79 91 92
84 79 63 40 41 40 82 68 20 49
42 87 44 79 70 14 19 2 45 76
88 88 85 35 82 20 10 28 34 28
78 10 97 43 36 29 22 1 69 96
62 45 96 100 32 21 69 82 2 53
98 97 4 37 48 72 16 26 55 97
17 81 53 88 86 83 25 100 62 22
0 7 5 16 13 14 17 14 12 12 13 9 7 8
7 0 5 19 18 20 22 19 17 16 16 10 11 13
5 5 0 15 15 17 19 17 15 15 16 11 10 11
16 19 15 0 12 16 18 22 20 21 25 22 20 18
13 18 15 12 0 5 8 12 11 12 18 17 13 10
14 20 17 16 5 0 4 9 8 9 16 16 13 10
17 22 19 18 8 4 0 9 9 10 17 18 15 12
14 19 17 22 12 9 9 0 4 4 10 12 10 8
12 17 15 20 11 8 9 4 0 3 9 11 8 6
12 16 15 21 12 9 10 4 3 0 8 10 7 6
13 16 16 25 18 16 17 10 9 8 0 7 8 9
9 10 11 22 17 16 18 12 11 10 7 0 5 8
7 11 10 20 13 13 15 10 8 7 8 5 0 4
8 13 11 18 10 10 12 8 6 6 9 8 4 0
