12
20
4 91 29 66 98 18 6 53 17 67 25 26 79 7 72 80 90 98 52 6
63 75 31 71 5 48 51 38 62 63 17 33 21 17 61 73 38 68 66 77
54 26 73 2 92 65 92 87 14 35 34 8 22 10 63 37 94 34 28 33
27 14 56 24 45 47 32 74 69 11 79 89 26 17 69 32 11 55 71 45
63 81 1 13 14 53 92 73 70 30 67 92 98 59 67 44 20 19 86 52
3 7 39 7 76 42 97 57 61 79 37 70 23 7 71 72 42 64 87 8
34 97 6 7 74 76 64 78 25 85 29 61 75 70 87 64 28 3 46 3
51 52 18 22 61 56 68 21 44 27 62 71 83 36 90 44 38 42 91 29
40 24 91 30 78 9 5 88 36 38 49 70 96 30 95 48 21 92 88 25
20 35 99 30 78 42 66 30 68 34 82 19 61 8 43 33 31 9 43 70
90 11 87 68 65 82 100 46 88 27 81 83 80 20 98 63 14 57 95 72
28 4 45 54 12 78 52 22 91 61 91 60 5 15 72 2 21 57 96 7
0 7 13 10 12 14 16 10 9 14 21 15 14 6
7 0 7 6 8 10 14 9 11 16 22 17 19 11
13 7 0 8 8 10 15 13 16 21 25 23 25 16
10 6 8 0 4 6 10 7 10 14 19 16 21 12
12 8 8 4 0 4 8 7 11 15 19 17 22 14
14 10 10 6 4 0 8 9 13 16 19 19 25 16
16 14 15 10 8 8 0 8 11 12 13 15 23 16
10 9 13 7 7 9 8 0 5 9 14 11 17 10
9 11 16 10 11 13 11 5 0 7 13 8 14 7
14 16 21 14 15 16 12 9 7 0 9 4 14 11
21 22 25 19 19 19 13 14 13 9 0 10 20 18
15 17 23 16 17 19 15 11 8 4 10 0 11 11
14 19 25 21 22 25 23 17 14 14 20 11 0 10
6 11 16 12 14 16 16 10 7 11 18 11 10 0
