12
30
85 32 70 56 11 25 54 28 30 48 48 54 38 93 85 6 49 46 8 28 48 50 50 32 67 16 46 46 82 23
37 96 66 46 49 2 60 41 26 57 87 57 23 9 12 15 99 77 14 35 73 14 48 81 48 40 28 97 30 87
48 3 72 45 26 22 71 5 17 34 85 3 63 54 80 98 94 54 57 59 48 24 7 17 34 100 38 52 85 65
30 74 100 10 36 62 98 46 26 45 98 13 47 38 94 69 44 73 98 68 78 5 40 1 51 92 46 13 81 15
93 15 71 24 59 34 3 39 4 37 52 58 77 14 31 17 46 19 6 23 11 6 23 10 82 94 58 66 100 57
68 53 39 78 28 38 90 48 67 95 81 31 99 22 76 4 57 29 87 29 90 31 17 93 54 96 94 97 73 59
64 87 37 92 50 89 63 28 75 73 90 7 63 58 7 73 23 71 29 78 85 77 48 75 64 90 13 93 84 96
42 93 43 66 78 27 52 51 92 78 82 59 15 21 1 76 88 84 71 72 57 45 88 20 81 28 59 25 97 67
45 85 59 52 64 5 48 43 25 9 23 95 78 13 6 56 86 10 11 37 57 67 26 77 43 54 94 38 52 77
33 42 94 35 31 77 83 78 3 11 83 90 80 62 77 26 82 59 36 42 100 89 24 31 13 48 1 50 22 20
62 2 78 42 53 15 48 40 50 63 65 70 42 21 8 1 1 97 59 30 74 53 12 73 99 16 1 92 64 5
20 80 63 80 33 13 13 30 29 14 5 68 18 7 70 49 74 4 92 75 26 7 80 2 15 63 56 54 41 88
0 8 10 11 25 24 21 16 12 11 12 11 13 9
8 0 4 5 19 19 17 16 13 10 11 9 9 6
10 4 0 6 19 20 19 18 16 13 13 12 12 9
11 5 6 0 16 16 14 15 14 10 10 9 8 6
25 19 19 16 0 9 13 21 23 19 19 18 15 18
24 19 20 16 9 0 6 15 18 15 15 15 12 16
21 17 19 14 13 6 0 10 14 11 11 11 9 13
16 16 18 15 21 15 10 0 6 7 7 8 9 11
12 13 16 14 23 18 14 6 0 5 5 6 9 9
11 10 13 10 19 15 11 7 5 0 2 3 5 6
12 11 13 10 19 15 11 7 5 2 0 3 5 6
11 9 12 9 18 15 11 8 6 3 3 0 5 5
13 9 12 8 15 12 9 9 9 5 5 5 0 5
9 6 9 6 18 16 13 11 9 6 6 5 5 0
