12
30
50 87 52 52 36 46 57 66 86 15 74 68 27 88 83 44 39 70 65 70 67 46 13 99 11 13 19 50 32 47
82 23 91 5 64 52 87 79 12 71 95 67 68 8 30 73 19 26 50 15 85 5 99 26 1 68 77 24 33 78
92 93 39 34 51 93 27 100 59 18 9 29 64 91 30 3 48 52 15 100 18 94 3 11 19 73 27 42 12 98
65 46 84 95 28 39 80 48 10 95 46 99 62 37 13 90 91 21 3 79 29 16 24 93 61 78 56 53 38 52
50 63 19 35 48 20 3 66 9 84 90 63 73 37 12 80 65 25 54 19 10 85 27 15 72 45 47 79 61 36
82 49 60 81 3 84 6 42 80 6 82 82 95 75 23 49 93 68 73 37 55 69 91 29 36 20 42 88 48 3
49 99 92 65 88 8 19 12 57 69 53 85 18 37 100 78 14 4 45 4 51 86 66 70 52 54 25 69 90 11
5 45 22 96 74 16 16 64 85 64 33 69 31 73 97 43 46 57 46 57 12 31 31 65 43 57 15 23 5 94
19 67 49 24 93 75 94 30 85 33 78 54 32 30 100 4 52 1 82 55 53 76 54 90 88 1 2 53 30 29
2 88 13 66 51 40 82 63 23 24 52 70 73 14 91 8 60 80 36 56 85 52 45 55 37 28 12 2 50 1
71 65 53 42 26 11 79 27 96 21 74 25 50 18 49 72 14 19 73 53 75 39 73 42 31 14 34 53 65 70
19 55 15 58 38 22 74 54 58 23 74 6 21 25 62 58 44 90 2 3 61 60 42 15 30 92 49 24 92 100
0 3 12 11 11 22 21 16 14 14 12 21 18 10
3 0 11 11 11 22 21 16 15 15 13 23 19 12
12 11 0 5 6 13 16 11 13 13 13 25 22 14
11 11 5 0 3 13 13 8 9 9 10 21 19 11
11 11 6 3 0 13 12 7 8 8 9 20 18 10
22 22 13 13 13 0 10 10 14 15 17 25 25 19
21 21 16 13 12 10 0 7 9 9 12 18 18 14
16 16 11 8 7 10 7 0 6 6 9 18 17 10
14 15 13 9 8 14 9 6 0 2 4 14 13 6
14 15 13 9 8 15 9 6 2 0 4 14 13 6
12 13 13 10 9 17 12 9 4 4 0 13 11 3
21 23 25 21 20 25 18 18 14 14 13 0 6 13
18 19 22 19 18 25 18 17 13 13 11 6 0 10
10 12 14 11 10 19 14 10 6 6 3 13 10 0
