12
10
68 13 3 56 79 64 70 75 45 71
69 99 27 62 72 33 51 63 26 19
17 70 16 43 15 79 100 69 94 5
52 32 12 82 75 20 44 10 42 57
51 33 95 17 52 25 16 71 4 55
70 49 28 51 36 15 46 44 58 61
12 86 59 20 65 60 73 52 84 69
66 11 41 4 61 33 85 42 68 93
37 72 38 72 35 90 37 7 31 36
6 97 4 39 91 47 20 65 82 60
2 74 86 94 40 45 80 28 58 51
58 9 42 92 43 7 17 40 48 100
0 3 13 16 19 19 25 19 15 17 14 9 6 3
3 0 12 15 18 19 25 19 16 18 15 11 8 3
13 12 0 4 7 11 19 16 13 18 15 17 15 12
16 15 4 0 5 10 18 16 14 18 17 19 17 15
19 18 7 5 0 9 16 16 14 19 18 21 20 18
19 19 11 10 9 0 10 8 8 12 12 18 17 17
25 25 19 18 16 10 0 9 12 13 15 22 22 24
19 19 16 16 16 8 9 0 5 6 7 15 15 18
15 16 13 14 14 8 12 5 0 6 5 12 12 14
17 18 18 18 19 12 13 6 6 0 5 12 13 16
14 15 15 17 18 12 15 7 5 5 0 9 10 13
9 11 17 19 21 18 22 15 12 12 9 0 4 9
6 8 15 17 20 17 22 15 12 13 10 4 0 6
3 3 12 15 18 17 24 18 14 16 13 9 6 0
