12
30
19 71 33 20 86 44 30 2 32 71 81 95 43 3 17 24 2 94 51 34 3 72 31 39 40 61 27 25 94 73
74 96 7 57 58 41 90 42 91 73 2 26 50 2 31 2 54 79 3 52 12 66 11 99 81 72 94 11 51 63
42 79 4 73 64 54 5 9 84 32 84 27 60 86 51 74 8 61 13 58 18 84 83 90 54 5 23 16 58 78
14 35 96 8 84 28 24 6 30 80 1 13 50 100 57 78 3 46 56 63 45 34 77 62 22 30 55 71 49 31
96 89 13 29 9 48 50 92 35 11 70 19 61 32 11 39 33 31 72 52 71 30 54 76 39 52 16 8 99 58
67 20 58 27 78 23 22 94 66 47 93 29 26 4 46 9 53 38 21 65 83 18 58 83 5 14 45 91 40 72
55 95 3 64 33 99 5 54 87 34 42 57 35 51 53 12 91 22 98 22 37 61 79 55 35 66 30 94 25 98
36 13 48 86 76 78 15 30 37 82 24 44 72 96 33 97 68 15 14 47 66 62 67 43 19 75 91 11 19 44
11 36 71 23 48 100 79 14 66 60 38 87 78 77 73 53 1 87 10 70 78 58 42 10 55 82 2 64 84 3
41 45 16 53 74 92 18 71 95 50 16 77 24 5 63 34 22 57 24 19 49 62 22 84 18 92 35 9 22 65
26 47 35 7 15 79 2 87 96 97 3 61 70 67 32 7 43 41 1 59 42 17 24 95 89 24 64 77 14 56
87 5 56 3 35 54 9 68 46 39 41 62 11 68 22 19 3 40 23 6 99 27 58 24 90 39 87 52 3 36
0 5 7 8 12 16 15 19 11 15 15 6 9 7
5 0 5 6 8 12 12 17 10 15 16 9 12 8
7 5 0 3 7 12 9 14 6 12 14 11 14 11
8 6 3 0 6 10 8 13 6 12 15 12 15 12
12 8 7 6 0 6 8 13 9 15 18 16 19 14
16 12 12 10 6 0 11 15 13 19 23 20 22 17
15 12 9 8 8 11 0 6 6 10 15 18 22 19
19 17 14 13 13 15 6 0 9 10 15 21 25 23
11 10 6 6 9 13 6 9 0 8 11 14 18 16
15 15 12 12 15 19 10 10 8 0 7 16 21 21
15 16 14 15 18 23 15 15 11 7 0 15 19 21
6 9 11 12 16 20 18 21 14 16 15 0 6 9
9 12 14 15 19 22 22 25 18 21 19 6 0 8
7 8 11 12 14 17 19 23 16 21 21 9 8 0
