12
10
89 16 48 26 80 9 23 64 76 24
61 18 24 41 87 34 17 58 97 31
21 37 19 72 100 34 8 73 12 36
76 42 58 38 48 66 17 61 74 11
16 15 37 36 12 44 100 4 7 66
68 42 41 24 94 37 8 30 68 43
90 30 93 59 48 19 79 45 57 22
78 93 37 75 66 19 92 10 51 15
17 91 49 99 35 60 73 99 55 23
1 67 57 85 19 10 40 38 48 76
21 59 10 50 48 85 22 7 17 97
36 4 72 63 65 64 29 13 34 80
0 12 13 11 16 12 9 6 9 19 14 11 10 5
12 0 5 8 12 12 12 13 14 25 24 22 20 15
13 5 0 5 8 8 9 11 12 23 23 22 20 15
11 8 5 0 6 5 6 9 8 19 20 20 18 12
16 12 8 6 0 5 9 12 11 19 23 23 21 16
12 12 8 5 5 0 5 8 7 16 19 20 17 12
9 12 9 6 9 5 0 5 4 15 16 16 13 8
6 13 11 9 12 8 5 0 4 16 13 13 10 5
9 14 12 8 11 7 4 4 0 14 14 14 12 7
19 25 23 19 19 16 15 16 14 0 13 19 16 16
14 24 23 20 23 19 16 13 14 13 0 8 7 11
11 22 22 20 23 20 16 13 14 19 8 0 4 9
10 20 20 18 21 17 13 10 12 16 7 4 0 7
5 15 15 12 16 12 8 5 7 16 11 9 7 0
