12
10
16 68 1 77 72 87 32 23 42 58
99 78 91 37 73 7 26 26 19 90
23 96 48 51 50 44 9 3 86 63
78 30 74 69 90 34 64 57 61 87
41 95 57 43 64 40 92 55 26 76
77 9 92 86 18 100 40 9 29 66
45 42 71 51 10 36 8 70 22 89
3 70 66 11 21 71 80 27 67 46
68 96 57 70 26 79 35 75 87 31
73 50 39 87 91 74 4 17 53 17
51 42 52 14 25 28 32 84 73 97
28 14 97 41 23 13 2 56 45 47
0 4 4 5 5 16 16 19 23 19 15 15 12 7
4 0 2 6 8 18 18 21 25 21 17 17 13 9
4 2 0 5 8 18 18 21 25 21 17 17 13 9
5 6 5 0 6 15 16 19 23 20 16 17 15 9
5 8 8 6 0 12 12 15 20 16 12 14 12 5
16 18 18 15 12 0 2 5 10 12 9 14 16 12
16 18 18 16 12 2 0 4 9 12 9 14 16 12
19 21 21 19 15 5 4 0 7 13 11 16 19 15
23 25 25 23 20 10 9 7 0 11 12 16 20 18
19 21 21 20 16 12 12 13 11 0 6 7 12 14
15 17 17 16 12 9 9 11 12 6 0 6 10 10
15 17 17 17 14 14 14 16 16 7 6 0 6 10
12 13 13 15 12 16 16 19 20 12 10 6 0 8
7 9 9 9 5 12 12 15 18 14 10 10 8 0
