12
10
54 63 27 55 65 85 48 61 93 72
8 28 34 81 55 98 39 10 97 44
5 69 23 38 16 6 48 82 69 99
30 93 78 64 76 62 94 77 10 80
58 61 31 82 11 52 35 33 90 77
80 61 26 86 86 94 87 51 67 84
83 89 34 95 51 70 85 34 67 72
98 85 33 88 7 87 86 41 12 68
80 79 37 31 86 96 93 17 93 32
7 33 94 63 10 2 73 32 94 14
88 33 45 68 25 4 7 26 18 80
18 64 5 74 73 5 15 9 83 52
0 13 16 15 17 21 25 23 24 18 16 12 9 8
13 0 4 5 6 10 17 18 21 12 14 15 14 11
16 4 0 6 4 8 17 19 22 13 16 17 16 14
15 5 6 0 5 8 13 15 18 9 12 14 13 11
17 6 4 5 0 5 14 17 20 11 15 17 17 14
21 10 8 8 5 0 12 16 20 12 17 20 20 18
25 17 17 13 14 12 0 9 13 10 14 19 21 20
23 18 19 15 17 16 9 0 6 8 9 14 17 17
24 21 22 18 20 20 13 6 0 10 9 13 16 17
18 12 13 9 11 12 10 8 10 0 7 11 12 12
16 14 16 12 15 17 14 9 9 7 0 6 9 9
12 15 17 14 17 20 19 14 13 11 6 0 5 6
9 14 16 13 17 20 21 17 16 12 9 5 0 4
8 11 14 11 14 18 20 17 17 12 9 6 4 0
