12
30
41 79 49 21 71 75 97 53 23 53 61 47 13 11 38 53 66 65 75 39 74 20 47 17 63 93 91 17 13 68
90 22 10 96 10 48 86 93 58 15 84 26 100 83 58 61 14 65 13 60 36 86 90 67 78 89 36 61 51 23
51 36 64 79 42 83 26 25 82 27 32 48 88 51 6 6 81 86 22 5 67 26 40 20 20 10 23 23 23 27
14 15 1 47 52 11 18 38 52 61 41 53 26 84 85 79 51 58 88 57 52 80 56 25 12 28 14 43 7 9
90 96 12 18 63 27 31 34 85 76 100 7 33 62 50 85 11 77 1 28 50 71 81 91 93 43 44 3 43 65
92 45 9 49 6 19 27 20 82 48 50 28 28 59 61 55 62 76 54 83 44 64 18 37 68 28 79 73 77 47
29 44 3 8 87 58 98 39 60 52 28 18 51 56 30 91 23 91 47 12 91 89 27 81 24 23 31 65 48 94
79 42 13 1 84 31 85 97 15 52 29 90 23 97 33 1 79 55 67 96 58 61 83 27 6 83 11 29 82 75
82 48 30 38 14 82 6 56 60 44 71 37 91 86 55 100 22 15 55 49 22 60 99 25 87 98 13 59 13 37
33 70 5 36 26 53 79 42 62 16 20 49 43 76 31 73 26 19 80 1 12 30 97 1 85 66 87 2 27 62
32 57 59 35 87 30 25 57 64 87 13 40 43 74 100 15 90 75 24 15 57 30 33 32 34 32 20 14 99 26
44 61 3 83 75 65 88 22 77 3 27 62 37 87 53 51 74 20 28 26 45 90 23 13 98 92 9 99 74 11
0 13 10 9 8 9 15 15 13 17 9 10 3 3
13 0 6 11 14 20 25 25 20 22 15 14 12 12
10 6 0 6 9 16 23 23 20 23 14 14 10 10
9 11 6 0 6 14 21 22 20 24 16 15 10 10
8 14 9 6 0 11 19 19 19 24 16 16 10 9
9 20 16 14 11 0 10 11 14 20 14 15 11 10
15 25 23 21 19 10 0 3 11 16 15 16 15 15
15 25 23 22 19 11 3 0 10 15 14 15 15 15
13 20 20 20 19 14 11 10 0 7 7 8 12 12
17 22 23 24 24 20 16 15 7 0 10 10 16 16
9 15 14 16 16 14 15 14 7 10 0 3 8 8
10 14 14 15 16 15 16 15 8 10 3 0 8 8
3 12 10 10 10 11 15 15 12 16 8 8 0 2
3 12 10 10 9 10 15 15 12 16 8 8 2 0
