12
20
1 70 5 48 79 50 3 6 2 81 29 57 66 27 61 36 39 41 49 100
29 53 100 52 5 92 7 5 74 43 74 49 33 36 76 4 63 59 37 44
90 47 7 14 59 24 66 30 35 60 16 41 85 73 29 38 83 47 44 98
75 41 70 99 48 44 8 61 19 55 97 50 49 81 40 69 90 69 50 24
27 60 96 55 36 100 55 7 90 88 71 97 14 87 82 74 4 33 28 39
55 39 21 58 98 65 29 94 4 30 32 21 95 78 10 15 23 5 1 82
48 75 92 1 1 70 97 37 36 63 48 68 30 80 31 12 95 33 9 85
88 36 36 42 17 32 13 50 14 41 47 14 39 6 68 42 100 3 93 1
7 82 86 97 30 81 69 63 85 22 65 42 99 20 9 10 88 8 51 97
66 78 92 3 54 40 26 59 89 63 53 52 15 15 55 72 43 31 22 76
43 50 47 31 82 57 45 24 70 89 62 43 16 64 14 74 20 83 79 91
88 31 25 22 53 20 1 68 88 44 3 38 37 69 78 67 51 22 77 2
0 3 8 8 10 9 10 18 14 14 17 24 18 8
3 0 9 9 10 9 9 18 14 14 17 25 19 10
8 9 0 3 5 8 11 16 11 10 12 17 13 9
8 9 3 0 4 6 10 14 9 8 11 17 15 10
10 10 5 4 0 6 10 12 7 7 9 16 15 12
9 9 8 6 6 0 6 11 7 7 11 19 19 14
10 9 11 10 10 6 0 11 9 10 14 23 23 16
18 18 16 14 12 11 11 0 7 8 9 18 25 23
14 14 11 9 7 7 9 7 0 3 7 16 21 18
14 14 10 8 7 7 10 8 3 0 6 15 19 17
17 17 12 11 9 11 14 9 7 6 0 11 19 19
24 25 17 17 16 19 23 18 16 15 11 0 17 23
18 19 13 15 15 19 23 25 21 19 19 17 0 13
8 10 9 10 12 14 16 23 18 17 19 23 13 0
