12
30
48 96 7 93 58 47 81 79 12 29 14 15 24 89 80 86 38 73 93 9 62 91 54 18 7 52 61 37 29 27
32 83 17 30 32 95 39 42 61 1 80 13 89 47 61 68 58 21 27 93 55 40 31 60 95 61 10 62 11 67
36 37 2 69 69 60 88 44 65 28 9 35 63 88 59 91 56 16 81 28 23 60 51 63 34 64 25 97 80 41
49 16 33 74 46 53 95 41 26 53 51 14 1 55 89 82 4 82 56 52 15 92 28 90 92 10 45 36 41 25
71 70 6 99 32 50 62 26 59 21 34 86 100 27 18 6 42 20 59 21 81 100 10 30 33 99 51 100 93 93
15 3 98 22 74 14 20 78 30 57 100 41 63 86 30 28 7 26 32 92 60 89 94 74 23 33 67 86 64 99
63 16 12 74 73 8 46 10 82 47 63 24 60 60 17 1 68 49 88 77 5 85 74 28 42 2 53 46 91 1
74 47 33 10 32 33 15 51 33 66 2 56 9 38 16 97 51 100 96 73 82 98 51 32 55 39 35 40 67 58
82 75 46 42 88 57 59 72 41 55 46 30 86 35 100 86 8 84 30 5 29 64 84 59 47 62 50 22 36 21
89 96 76 73 79 32 70 1 32 12 93 1 80 7 37 35 93 100 66 59 32 3 99 49 17 76 18 78 76 58
47 16 38 71 4 61 21 9 37 93 8 73 63 61 97 8 81 17 24 60 1 33 39 68 99 17 23 47 46 1
95 97 28 18 95 38 2 5 96 100 50 51 30 61 55 42 31 57 25 40 75 24 96 82 48 85 85 55 19 8
0 5 8 10 11 15 12 16 8 12 13 12 12 10
5 0 5 6 8 16 16 19 9 10 11 10 9 8
8 5 0 4 5 15 18 22 12 12 13 12 11 10
10 6 4 0 4 17 21 24 14 13 13 12 12 11
11 8 5 4 0 15 21 25 15 15 16 14 14 13
15 16 15 17 15 0 16 22 21 25 25 24 24 23
12 16 18 21 21 16 0 7 15 20 21 21 20 19
16 19 22 24 25 22 7 0 15 21 22 22 22 20
8 9 12 14 15 21 15 15 0 7 8 8 8 6
12 10 12 13 15 25 20 21 7 0 2 3 3 4
13 11 13 13 16 25 21 22 8 2 0 3 3 4
12 10 12 12 14 24 21 22 8 3 3 0 2 3
12 9 11 12 14 24 20 22 8 3 3 2 0 3
10 8 10 11 13 23 19 20 6 4 4 3 3 0
