12
10
58 20 51 47 88 29 9 94 77 12
64 5 77 45 40 88 40 90 80 15
60 70 68 79 75 41 92 26 78 45
22 36 4 92 98 12 37 92 75 47
12 16 20 65 91 50 39 61 90 58
87 70 21 45 74 16 43 79 65 63
53 6 56 10 59 16 65 92 46 60
76 61 73 79 75 49 87 93 54 16
12 35 5 76 35 31 24 41 71 68
92 66 54 4 51 59 14 84 21 12
82 62 44 56 63 89 34 93 9 48
58 41 4 74 4 30 42 95 63 44
0 4 5 15 20 21 23 17 17 18 15 8 8 5
4 0 3 14 19 21 24 18 19 20 17 10 9 6
5 3 0 13 18 20 23 17 19 20 16 9 8 6
15 14 13 0 8 8 14 10 18 20 15 11 10 11
20 19 18 8 0 7 18 15 23 25 21 17 16 17
21 21 20 8 7 0 12 11 20 22 18 16 16 17
23 24 23 14 18 12 0 7 13 15 13 16 16 19
17 18 17 10 15 11 7 0 10 12 9 11 11 13
17 19 19 18 23 20 13 10 0 4 4 11 12 15
18 20 20 20 25 22 15 12 4 0 6 13 14 16
15 17 16 15 21 18 13 9 4 6 0 9 10 12
8 10 9 11 17 16 16 11 11 13 9 0 3 5
8 9 8 10 16 16 16 11 12 14 10 3 0 4
5 6 6 11 17 17 19 13 15 16 12 5 4 0
