12
10
64 50 3 77 83 52 35 27 97 12
58 21 9 55 88 77 93 80 64 79
58 95 19 41 33 57 30 59 98 49
45 84 63 57 73 63 88 26 32 41
10 87 80 9 53 31 98 63 49 85
66 74 23 27 42 90 27 84 59 76
36 100 25 45 22 16 63 57 44 99
47 83 56 10 47 1 66 12 10 10
53 3 76 57 22 70 51 20 81 6
57 32 56 47 98 64 35 55 10 60
90 56 90 97 5 26 13 73 61 87
43 59 62 92 18 17 83 73 17 2
0 4 11 14 23 20 18 17 19 10 12 11 7 5
4 0 13 16 25 22 21 19 21 13 14 13 8 7
11 13 0 5 15 12 11 11 14 10 14 15 14 11
14 16 5 0 13 11 10 12 15 12 17 18 17 14
23 25 15 13 0 6 7 11 13 17 21 22 25 22
20 22 12 11 6 0 3 6 8 13 16 18 21 18
18 21 11 10 7 3 0 6 9 12 16 17 20 17
17 19 11 12 11 6 6 0 5 9 12 13 17 15
19 21 14 15 13 8 9 5 0 10 12 13 18 16
10 13 10 12 17 13 12 9 10 0 6 7 9 8
12 14 14 17 21 16 16 12 12 6 0 3 8 8
11 13 15 18 22 18 17 13 13 7 3 0 7 8
7 8 14 17 25 21 20 17 18 9 8 7 0 4
5 7 11 14 22 18 17 15 16 8 8 8 4 0
