12
20
35 41 5 6 28 91 82 52 93 93 85 36 79 3 74 87 6 75 28 73
26 68 77 5 37 79 11 17 65 99 55 9 89 63 38 41 26 47 44 16
6 58 23 91 19 3 58 5 9 74 75 44 37 31 63 16 62 63 26 16
94 84 52 60 41 13 17 62 91 44 98 58 32 54 63 65 21 23 53 2
95 54 28 55 58 62 12 86 24 87 35 100 1 63 6 1 63 13 98 7
88 49 52 71 18 52 22 49 6 90 67 56 67 13 39 89 22 12 11 37
62 43 74 28 55 12 31 37 12 8 1 42 47 25 75 10 10 92 77 63
56 2 80 67 18 10 8 2 25 77 80 54 9 29 23 69 45 88 77 62
54 91 39 32 5 39 27 72 17 24 2 67 97 72 73 27 38 56 14 24
29 60 7 71 73 43 56 45 50 99 53 11 54 7 83 28 76 29 98 34
87 95 18 76 90 86 85 58 94 74 63 3 2 41 84 81 53 83 71 37
37 10 65 16 77 42 26 18 75 62 78 86 32 72 88 15 14 89 63 11
0 3 5 11 12 8 6 10 11 11 16 16 12 7
3 0 3 10 11 8 7 11 12 11 16 15 12 7
5 3 0 9 12 9 9 13 14 11 15 14 11 7
11 10 9 0 8 10 11 16 20 18 22 18 17 14
12 11 12 8 0 6 9 12 19 21 25 23 21 17
8 8 9 10 6 0 4 8 14 17 22 21 18 13
6 7 9 11 9 4 0 6 12 16 21 21 17 12
10 11 13 16 12 8 6 0 10 18 23 24 20 15
11 12 14 20 19 14 12 10 0 13 18 22 16 13
11 11 11 18 21 17 16 18 13 0 7 11 5 6
16 16 15 22 25 22 21 23 18 7 0 9 6 11
16 15 14 18 23 21 21 24 22 11 9 0 8 11
12 12 11 17 21 18 17 20 16 5 6 8 0 6
7 7 7 14 17 13 12 15 13 6 11 11 6 0
