12
30
66 22 33 6 6 35 60 67 11 33 96 96 93 57 1 34 29 51 54 92 57 9 62 21 55 85 76 88 77 76
36 86 83 27 17 15 21 19 93 71 76 43 31 39 84 27 52 70 78 1 63 23 80 93 71 55 22 60 85 66
9 66 7 12 74 59 3 47 35 15 35 2 68 99 27 46 29 99 67 42 92 64 6 53 20 89 60 31 95 30
92 74 6 96 98 45 50 63 11 12 77 66 30 78 80 31 85 70 84 38 50 59 41 18 80 19 66 75 40 63
28 91 22 6 54 63 70 12 86 42 35 29 60 94 1 26 93 99 67 69 59 41 66 11 40 27 47 39 56 56
20 9 51 59 45 76 5 32 36 12 69 84 46 59 61 87 41 39 47 91 93 85 85 18 74 68 83 30 5 66
47 57 13 53 37 51 17 71 42 75 60 78 88 9 70 26 42 5 56 33 29 98 66 70 18 66 28 75 68 51
48 98 48 44 80 12 74 99 10 1 49 65 91 96 61 25 81 61 50 16 4 21 49 17 33 6 56 16 8 16
19 91 45 89 4 2 62 97 48 21 35 70 9 39 66 13 29 58 3 30 79 27 92 28 39 19 45 93 93 6
60 91 12 30 27 38 40 41 33 1 96 20 32 96 34 64 31 27 79 50 61 77 96 22 97 31 19 91 79 94
41 13 73 25 19 76 29 87 21 35 17 79 25 2 20 42 6 44 15 86 35 30 95 91 43 71 15 97 73 89
68 96 48 29 5 59 94 18 20 88 6 94 36 4 14 33 28 23 50 48 86 39 84 59 62 27 73 28 70 69
0 5 6 11 13 17 19 21 19 19 19 19 8 7
5 0 3 11 13 16 18 20 19 20 22 23 12 10
6 3 0 10 12 15 17 19 18 19 22 22 12 11
11 11 10 0 4 7 9 11 10 12 16 18 14 16
13 13 12 4 0 7 9 10 8 10 14 16 14 17
17 16 15 7 7 0 4 6 5 12 18 20 19 21
19 18 17 9 9 4 0 5 5 14 20 23 22 24
21 20 19 11 10 6 5 0 3 13 19 22 23 25
19 19 18 10 8 5 5 3 0 11 17 20 21 24
19 20 19 12 10 12 14 13 11 0 7 11 17 21
19 22 22 16 14 18 20 19 17 7 0 5 16 20
19 23 22 18 16 20 23 22 20 11 5 0 15 19
8 12 12 14 14 19 22 23 21 17 16 15 0 6
7 10 11 16 17 21 24 25 24 21 20 19 6 0
