12
30
168 132 139 33 196 32 49 180 64 250 214 246 58 29 94 159 82 83 42 207 27 224 82 91 138 3 44 118 78 13
226 92 40 154 78 105 50 235 45 10 73 11 33 222 98 119 115 231 113 134 82 136 44 188 105 250 201 180 188 97
219 75 198 33 180 74 39 148 96 222 213 22 235 220 185 137 65 240 96 132 19 93 241 238 125 244 45 185 226 80
57 177 96 241 39 150 170 126 145 202 108 95 169 194 27 46 196 235 168 222 211 153 109 65 188 212 148 79 244 120
209 248 108 13 213 158 81 177 247 117 100 235 112 10 96 62 20 202 44 201 58 241 225 233 42 78 31 103 130 34
98 237 119 11 78 171 61 83 82 54 183 238 187 3 51 141 40 184 164 135 57 122 5 141 12 231 160 134 98 146
233 99 68 205 39 200 92 88 157 24 74 225 81 238 201 94 199 198 103 95 146 17 144 66 200 75 59 219 117 188
94 107 34 50 83 24 226 93 2 153 77 20 237 141 73 9 109 8 178 125 115 107 55 16 200 169 4 12 184 16
156 45 137 157 231 77 243 49 238 112 53 145 95 158 143 162 192 250 225 154 32 22 169 32 103 184 185 189 167 43
158 247 82 249 153 134 57 111 207 131 80 194 110 215 199 127 119 250 23 116 181 189 90 239 157 38 201 35 41 85
186 182 131 30 132 133 30 9 149 206 56 130 247 20 43 209 17 97 144 103 241 168 239 210 63 3 170 249 202 67
13 63 191 49 32 141 171 190 110 192 14 46 126 74 43 226 124 38 27 173 108 119 156 23 88 190 9 39 130 131
0 11 21 24 33 35 42 48 49 41 34 29 18 23
11 0 12 15 24 26 32 40 42 35 29 22 14 25
21 12 0 5 14 18 24 30 33 26 22 14 14 29
24 15 5 0 11 15 20 29 33 26 23 15 17 32
33 24 14 11 0 8 11 25 33 27 27 19 26 41
35 26 18 15 8 0 9 31 40 34 33 26 31 46
42 32 24 20 11 9 0 28 39 34 35 28 35 50
48 40 30 29 25 31 28 0 14 13 20 21 34 45
49 42 33 33 33 40 39 14 0 9 16 22 32 40
41 35 26 26 27 34 34 13 9 0 10 14 25 34
34 29 22 23 27 33 35 20 16 10 0 10 18 26
29 22 14 15 19 26 28 21 22 14 10 0 14 27
18 14 14 17 26 31 35 34 32 25 18 14 0 17
23 25 29 32 41 46 50 45 40 34 26 27 17 0
