12
20
139 213 184 23 4 78 161 188 123 37 29 91 214 69 33 244 175 103 174 31
206 72 193 166 79 204 140 26 156 135 121 139 17 78 97 213 16 105 221 222
12 226 44 157 152 34 203 155 199 30 161 218 117 49 233 181 66 196 238 179
47 36 124 187 248 122 59 228 178 189 144 11 61 9 60 70 92 6 227 44
15 162 185 214 167 114 23 55 153 140 113 180 230 105 16 79 133 44 7 99
70 95 200 198 22 23 56 64 134 149 158 154 1 54 10 250 98 6 191 6
165 171 198 110 64 7 57 226 240 244 215 221 198 170 126 246 35 54 49 76
230 88 90 141 166 14 147 22 122 86 201 149 57 152 94 247 201 18 246 53
16 187 61 49 127 21 60 245 147 24 30 11 41 80 93 248 244 204 241 238
139 31 36 196 162 84 204 131 153 202 124 239 169 53 180 243 203 68 85 182
133 4 17 118 182 102 87 203 80 129 117 80 206 250 213 16 5 183 42 125
211 27 20 69 130 177 135 12 246 88 198 181 13 124 217 173 145 156 97 173
0 8 10 24 28 39 39 50 34 27 35 33 36 15
8 0 5 17 22 33 33 45 29 22 31 31 36 13
10 5 0 15 21 30 31 43 26 19 28 28 33 10
24 17 15 0 10 18 19 34 19 15 25 29 38 19
28 22 21 10 0 20 22 38 26 23 33 38 46 27
39 33 30 18 20 0 5 21 15 18 23 30 41 31
39 33 31 19 22 5 0 18 12 17 20 28 38 30
50 45 43 34 38 21 18 0 18 25 20 27 36 39
34 29 26 19 26 15 12 18 0 9 9 17 27 22
27 22 19 15 23 18 17 25 9 0 12 16 25 15
35 31 28 25 33 23 20 20 9 12 0 10 20 22
33 31 28 29 38 30 28 27 17 16 10 0 12 20
36 36 33 38 46 41 38 36 27 25 20 12 0 24
15 13 10 19 27 31 30 39 22 15 22 20 24 0
