12
30
127 183 169 129 72 13 102 170 99 13 191 162 56 114 166 20 162 193 217 226 118 54 114 157 237 8 209 56 101 102
152 219 121 193 127 56 177 99 108 4 57 83 134 170 85 203 183 219 198 132 234 238 11 126 161 174 221 138 208 99
219 2 240 59 94 176 114 179 66 197 179 139 137 59 82 60 24 87 71 65 240 15 158 110 224 224 250 102 212 59
140 29 248 123 194 2 77 196 223 107 59 230 212 207 69 204 176 159 14 64 218 95 152 25 184 67 164 29 150 188
5 218 148 105 207 129 66 201 35 96 190 141 40 146 245 188 241 221 153 87 118 125 210 215 148 148 37 136 198 122
68 243 98 27 145 60 104 206 217 97 159 147 204 84 214 61 131 60 54 186 138 237 49 189 214 207 242 86 179 103
64 20 91 147 209 156 129 111 225 98 183 147 111 213 107 128 43 17 157 101 165 21 70 144 145 48 147 130 150 159
217 5 169 237 78 70 186 101 71 149 31 139 114 31 97 112 146 244 20 211 47 66 104 216 58 127 219 137 12 143
1 131 225 152 43 87 32 9 102 28 43 43 42 32 217 17 112 22 42 5 98 55 172 92 62 182 171 214 1 118
155 40 72 199 204 163 185 177 157 236 136 89 31 101 196 7 142 45 219 162 65 3 66 60 203 129 168 212 52 54
33 58 224 32 70 165 135 93 214 177 223 85 237 112 157 171 231 51 10 127 19 131 182 195 62 65 169 121 17 96
23 3 183 248 34 79 98 65 228 38 187 159 31 7 246 21 212 12 102 119 232 200 209 53 219 176 247 22 126 230
0 20 30 36 41 45 50 50 41 32 20 22 14 6
20 0 14 18 24 28 36 37 30 31 23 17 16 19
30 14 0 14 24 30 40 41 38 43 35 29 28 31
36 18 14 0 12 17 28 29 28 38 34 26 29 35
41 24 24 12 0 7 18 18 20 34 34 25 31 38
45 28 30 17 7 0 13 14 18 34 35 27 34 42
50 36 40 28 18 13 0 2 13 31 36 29 37 46
50 37 41 29 18 14 2 0 13 31 37 30 38 46
41 30 38 28 20 18 13 13 0 19 25 20 28 36
32 31 43 38 34 34 31 31 19 0 13 15 20 27
20 23 35 34 34 35 36 37 25 13 0 10 10 15
22 17 29 26 25 27 29 30 20 15 10 0 10 18
14 16 28 29 31 34 37 38 28 20 10 10 0 10
6 19 31 35 38 42 46 46 36 27 15 18 10 0
