12
30
121 124 156 67 70 238 233 24 114 80 48 15 247 229 77 191 66 237 139 155 181 97 62 163 64 186 52 76 113 52
42 223 227 246 117 160 8 59 250 40 136 102 236 132 143 117 217 159 137 172 249 36 158 36 152 85 86 124 52 105
38 194 182 35 60 165 121 47 250 215 69 70 110 234 121 39 203 168 63 172 167 84 194 24 56 147 201 191 233 189
166 161 157 179 181 20 2 228 2 138 205 250 56 246 18 22 2 208 105 186 206 149 80 233 179 97 191 203 149 161
149 195 179 239 73 37 194 165 112 203 170 154 38 151 182 156 134 32 38 227 213 237 163 164 129 165 145 34 153 61
110 22 210 142 190 122 51 197 24 220 94 102 128 12 135 146 21 242 223 159 179 143 229 187 26 91 136 22 239 186
141 11 190 231 244 226 207 174 235 167 38 249 39 72 229 106 53 125 129 124 51 203 198 179 74 136 184 66 42 94
192 29 191 214 212 167 206 203 111 187 80 155 106 112 235 95 139 229 113 82 234 141 136 36 36 232 141 100 181 154
53 135 244 54 72 190 130 182 145 191 57 68 8 110 25 117 63 14 159 6 19 124 210 137 33 45 83 87 224 141
220 54 181 150 209 190 63 70 118 24 97 223 200 118 132 79 1 76 246 24 121 23 86 102 64 120 4 208 35 162
99 215 133 243 203 144 196 44 75 106 139 232 138 110 216 8 222 18 58 236 156 250 245 120 41 108 3 106 53 218
130 218 249 190 178 210 82 93 234 124 202 130 150 243 29 161 197 135 191 116 29 89 248 114 200 214 121 166 209 123
0 19 26 27 26 25 22 19 20 37 33 39 26 15
19 0 13 15 16 16 12 16 26 38 37 47 43 32
26 13 0 3 4 6 6 11 23 29 30 42 49 39
27 15 3 0 4 6 7 12 23 29 30 42 50 41
26 16 4 4 0 4 6 10 21 27 28 40 49 40
25 16 6 6 4 0 5 8 19 25 26 38 47 38
22 12 6 7 6 5 0 7 19 27 27 38 45 35
19 16 11 12 10 8 7 0 13 24 23 34 41 32
20 26 23 23 21 19 19 13 0 19 15 23 35 29
37 38 29 29 27 25 27 24 19 0 8 19 50 47
33 37 30 30 28 26 27 23 15 8 0 14 44 41
39 47 42 42 40 38 38 34 23 19 14 0 43 43
26 43 49 50 49 47 45 41 35 50 44 43 0 14
15 32 39 41 40 38 35 32 29 47 41 43 14 0
