12
30
81 149 154 166 183 171 230 133 9 190 65 2 71 210 55 26 107 44 190 86 140 65 228 94 147 229 161 247 81 133
2 221 194 112 154 237 33 108 3 192 162 121 170 139 8 10 46 145 37 24 223 113 146 194 86 181 6 40 158 94
175 226 240 194 21 227 194 56 87 24 192 183 158 233 138 41 116 245 152 24 205 169 246 190 199 110 70 185 180 234
120 195 85 147 99 226 29 201 147 59 8 158 228 19 222 42 224 81 216 111 154 19 120 161 117 9 1 225 246 18
197 42 37 171 46 148 87 158 185 174 134 128 152 1 215 58 110 173 50 208 135 242 21 141 220 138 246 186 198 7
61 165 151 38 38 39 109 82 43 237 158 216 149 209 3 10 248 136 83 29 130 131 108 82 182 119 219 170 50 222
244 157 175 181 222 167 244 47 129 6 90 193 81 162 199 17 241 79 10 137 58 97 10 77 197 15 209 131 160 54
26 226 10 104 192 152 61 230 167 105 150 96 145 229 145 169 74 230 69 202 164 128 51 213 226 112 12 122 193 62
194 156 29 215 210 203 236 157 214 230 203 221 31 104 75 23 143 61 86 188 94 155 175 40 242 11 53 162 36 136
95 4 72 34 199 204 2 203 38 132 73 40 156 228 139 35 46 75 174 58 207 88 130 153 145 20 188 133 172 115
48 245 145 14 34 119 2 29 81 241 30 158 243 136 212 153 132 142 53 26 5 176 167 11 167 8 146 111 189 158
112 33 236 207 51 199 234 75 231 232 213 247 220 143 5 185 104 46 65 68 100 175 201 167 203 222 49 42 93 122
0 18 28 39 26 23 20 23 19 21 35 24 12 9
18 0 13 22 18 15 15 23 22 25 36 33 26 24
28 13 0 17 27 25 26 34 34 36 47 45 36 35
39 22 17 0 27 27 30 37 39 41 48 50 46 45
26 18 27 27 0 5 8 13 16 17 23 27 27 28
23 15 25 27 5 0 5 12 14 15 24 25 24 24
20 15 26 30 8 5 0 9 10 12 23 22 21 21
23 23 34 37 13 12 9 0 6 6 15 16 20 21
19 22 34 39 16 14 10 6 0 4 18 13 15 16
21 25 36 41 17 15 12 6 4 0 16 11 16 17
35 36 47 48 23 24 23 15 18 16 0 17 29 31
24 33 45 50 27 25 22 16 13 11 17 0 15 18
12 26 36 46 27 24 21 20 15 16 29 15 0 4
9 24 35 45 28 24 21 21 16 17 31 18 4 0
