12
30
38 94 79 35 34 217 236 167 198 177 214 195 238 35 208 38 79 87 51 20 162 117 218 240 22 80 68 15 215 194
132 70 52 60 101 39 6 42 139 135 151 202 245 87 149 118 200 128 169 118 191 92 5 11 233 103 71 64 176 220
213 116 228 2 109 28 20 144 67 158 112 71 124 94 146 117 31 65 79 236 49 99 23 218 110 119 11 162 4 159
2 162 21 121 234 50 3 167 27 178 60 121 123 111 68 116 83 27 188 216 167 106 56 30 223 120 41 213 170 45
208 105 183 57 243 169 218 72 133 113 73 191 81 120 171 104 106 46 151 106 135 232 57 179 163 229 55 135 228 43
142 119 100 83 182 208 154 156 47 69 209 212 236 153 108 132 85 57 99 89 34 167 62 159 238 71 222 48 117 154
250 43 209 85 239 41 131 86 82 187 68 200 4 1 245 97 94 121 206 240 155 199 1 96 14 84 229 28 145 22
228 131 19 110 9 36 5 123 63 250 225 135 218 189 110 122 52 137 116 172 29 39 120 17 91 167 230 114 218 52
145 224 241 104 125 234 71 185 19 220 187 186 14 250 25 232 223 212 92 141 79 127 149 134 142 4 209 205 211 15
204 84 187 248 132 235 175 150 249 176 162 27 88 91 88 93 31 142 40 49 160 39 148 51 218 178 64 78 42 110
171 208 178 90 51 50 113 157 138 98 66 27 64 177 219 98 207 137 190 187 228 215 108 47 87 67 113 166 32 110
190 161 124 144 226 183 130 42 182 162 204 116 66 182 231 188 43 43 169 227 115 219 19 3 149 165 100 47 2 93
0 2 10 16 26 28 42 37 32 9 14 14 12 10
2 0 9 15 25 27 41 37 32 10 15 15 13 11
10 9 0 7 18 20 36 33 31 15 22 22 21 19
16 15 7 0 13 17 34 32 32 21 28 28 26 25
26 25 18 13 0 9 26 28 32 30 37 38 37 35
28 27 20 17 9 0 19 21 26 29 38 39 37 36
42 41 36 34 26 19 0 12 24 40 49 50 50 48
37 37 33 32 28 21 12 0 13 34 41 43 43 41
32 32 31 32 32 26 24 13 0 26 33 35 35 34
9 10 15 21 30 29 40 34 26 0 10 12 11 9
14 15 22 28 37 38 49 41 33 10 0 4 4 5
14 15 22 28 38 39 50 43 35 12 4 0 3 5
12 13 21 26 37 37 50 43 35 11 4 3 0 3
10 11 19 25 35 36 48 41 34 9 5 5 3 0
