12
30
89 4 22 65 165 124 105 8 32 60 225 216 248 104 10 127 16 66 10 129 211 66 135 153 140 60 69 173 108 202
148 212 183 232 62 117 241 18 48 250 64 35 175 245 237 85 162 60 200 171 13 196 189 31 209 205 78 5 245 9
65 165 148 196 129 38 127 55 19 129 62 171 183 231 27 72 50 156 28 185 110 217 128 40 17 160 117 234 77 185
237 89 97 234 171 52 112 202 163 200 67 202 120 53 40 2 94 205 208 27 11 9 140 74 173 113 215 52 8 82
198 135 199 211 33 105 105 20 104 63 31 179 89 18 168 18 183 145 195 191 93 235 250 175 102 103 195 8 57 7
34 15 52 236 233 156 233 193 34 161 158 66 246 209 115 6 81 163 98 58 74 105 107 33 54 121 6 198 168 205
94 224 186 141 141 45 155 81 72 177 115 67 119 97 162 241 218 105 104 5 5 145 50 173 146 190 37 107 128 130
143 123 83 43 211 183 214 124 127 176 179 22 163 10 214 39 215 238 208 31 98 169 175 206 164 235 91 2 240 187
186 8 87 101 79 29 189 82 216 75 240 85 72 21 80 79 212 4 56 245 190 191 157 185 10 175 200 145 81 35
140 193 169 232 182 215 151 232 31 78 223 154 10 24 67 74 71 49 73 236 69 133 74 134 166 71 216 1 176 222
24 75 203 222 158 129 23 193 133 186 192 108 42 24 124 227 4 240 70 220 67 53 53 165 205 29 108 177 191 68
29 29 34 29 180 88 192 35 188 33 226 141 139 205 182 54 56 28 56 109 89 29 72 168 231 201 58 27 29 104
0 4 14 18 13 21 21 38 40 38 26 12 12 8
4 0 13 16 10 19 19 37 39 38 26 14 14 10
14 13 0 9 15 25 26 46 49 49 37 24 24 20
18 16 9 0 13 23 24 45 49 50 38 29 29 25
13 10 15 13 0 12 13 34 37 39 27 21 22 18
21 19 25 23 12 0 3 24 28 34 22 25 26 23
21 19 26 24 13 3 0 23 27 32 21 24 25 23
38 37 46 45 34 24 23 0 7 20 18 35 36 36
40 39 49 49 37 28 27 7 0 15 17 35 36 37
38 38 49 50 39 34 32 20 15 0 14 30 31 33
26 26 37 38 27 22 21 18 17 14 0 19 21 21
12 14 24 29 21 25 24 35 35 30 19 0 3 6
12 14 24 29 22 26 25 36 36 31 21 3 0 5
8 10 20 25 18 23 23 36 37 33 21 6 5 0
