12
20
12 41 142 111 243 219 134 2 46 66 105 84 171 234 71 213 238 151 153 217
195 205 174 178 73 138 125 202 159 24 54 186 54 153 241 131 231 208 115 8
76 24 218 181 25 228 56 222 179 23 206 240 76 147 55 93 135 92 92 180
245 177 24 242 116 206 239 243 135 88 141 168 213 96 49 241 230 109 230 225
168 37 59 108 61 165 82 1 54 35 178 205 221 7 14 202 77 35 167 247
119 12 6 21 212 178 187 125 158 163 196 44 223 27 96 117 91 246 102 7
153 221 18 180 240 100 92 24 37 135 87 196 155 41 87 197 147 244 7 198
140 143 122 75 48 190 26 120 117 20 165 187 100 107 7 58 221 154 190 4
220 211 205 241 162 59 45 101 188 221 191 15 41 76 238 138 204 97 89 243
28 59 123 231 118 154 56 165 243 179 169 177 162 166 237 106 72 76 164 100
101 202 54 159 194 67 211 167 63 5 101 190 207 238 183 76 198 152 102 110
250 124 223 243 88 210 10 161 66 19 65 77 44 55 41 111 6 44 83 204
0 20 30 32 31 24 12 8 14 14 15 24 21 16
20 0 12 34 37 31 23 23 28 30 31 40 38 30
30 12 0 41 46 40 34 33 39 40 41 50 49 39
32 34 41 0 9 12 22 27 24 26 28 30 35 46
31 37 46 9 0 9 21 25 21 22 24 25 30 45
24 31 40 12 9 0 13 18 14 16 17 20 25 37
12 23 34 22 21 13 0 6 7 9 10 19 19 26
8 23 33 27 25 18 6 0 8 9 9 19 17 21
14 28 39 24 21 14 7 8 0 3 5 13 14 25
14 30 40 26 22 16 9 9 3 0 4 12 12 25
15 31 41 28 24 17 10 9 5 4 0 11 10 23
24 40 50 30 25 20 19 19 13 12 11 0 9 30
21 38 49 35 30 25 19 17 14 12 10 9 0 24
16 30 39 46 45 37 26 21 25 25 23 30 24 0
