12
10
124 169 111 193 11 162 16 137 127 223
206 9 148 76 11 241 20 189 137 113
107 130 129 137 103 215 116 167 213 213
7 204 213 194 194 39 8 24 128 84
146 62 123 206 168 156 226 200 196 57
58 80 42 218 164 139 8 210 231 152
141 206 95 86 216 32 74 63 69 30
95 206 68 115 181 231 142 194 91 178
248 83 53 155 168 180 178 81 117 162
133 40 59 137 199 9 244 193 116 61
186 203 20 7 230 7 148 125 205 149
208 141 93 236 23 125 212 12 23 65
0 5 18 17 20 20 25 28 20 16 26 30 20 4
5 0 15 13 17 21 26 30 23 18 28 31 20 4
18 15 0 13 19 33 37 43 37 27 34 34 23 16
17 13 13 0 7 23 27 35 31 30 39 42 30 16
20 17 19 7 0 21 24 33 31 34 44 47 35 20
20 21 33 23 21 0 6 13 14 30 41 46 37 22
25 26 37 27 24 6 0 11 16 34 45 50 42 27
28 30 43 35 33 13 11 0 12 34 44 50 43 31
20 23 37 31 31 14 16 12 0 23 33 39 33 23
16 18 27 30 34 30 34 34 23 0 12 18 13 16
26 28 34 39 44 41 45 44 33 12 0 8 13 26
30 31 34 42 47 46 50 50 39 18 8 0 13 29
20 20 23 30 35 37 42 43 33 13 13 13 0 18
4 4 16 16 20 22 27 31 23 16 26 29 18 0
