12
20
1 23 248 110 29 194 108 160 188 95 164 20 37 57 105 123 172 38 203 188
42 202 202 199 126 146 152 96 55 24 96 212 38 172 72 29 114 219 226 82
186 221 175 188 110 72 71 93 218 169 156 219 151 206 104 2 61 176 44 2
242 14 224 28 96 14 10 82 153 64 87 46 219 223 224 152 47 131 170 26
126 18 104 91 227 15 244 180 115 19 141 8 65 221 187 47 68 149 230 148
202 84 37 19 220 46 154 133 191 214 160 26 26 31 88 135 4 119 219 161
189 43 41 6 237 180 161 89 245 246 213 142 244 110 37 28 46 239 60 140
156 179 228 125 129 176 121 59 181 233 183 99 232 28 46 125 153 200 171 145
161 14 52 74 69 116 192 124 143 82 106 109 123 187 165 60 136 34 111 28
115 97 11 38 62 245 60 38 46 208 180 241 68 47 144 116 176 239 185 180
58 190 91 152 149 238 235 54 100 8 66 9 139 115 135 218 59 13 40 231
206 139 95 33 33 36 137 76 55 197 25 246 102 169 23 209 135 223 5 20
0 13 23 14 14 31 32 37 39 32 39 25 17 7
13 0 17 16 20 34 37 42 45 39 49 34 23 13
23 17 0 14 20 26 30 35 40 36 50 35 37 27
14 16 14 0 7 19 22 27 31 25 38 23 29 20
14 20 20 7 0 18 20 25 27 21 32 17 28 20
31 34 26 19 18 0 6 11 16 15 33 21 44 36
32 37 30 22 20 6 0 7 12 11 30 19 45 38
37 42 35 27 25 11 7 0 8 12 29 21 50 43
39 45 40 31 27 16 12 8 0 9 24 19 50 45
32 39 36 25 21 15 11 12 9 0 20 11 42 37
39 49 50 38 32 33 30 29 24 20 0 17 43 43
25 34 35 23 17 21 19 21 19 11 17 0 33 30
17 23 37 29 28 44 45 50 50 42 43 33 0 12
7 13 27 20 20 36 38 43 45 37 43 30 12 0
