12
20
108 240 163 39 21 105 45 93 156 120 61 5 26 231 58 25 79 115 96 168
80 242 186 244 28 230 92 189 9 42 208 126 83 3 189 24 37 243 77 224
155 97 232 193 121 7 73 132 155 98 115 167 88 150 81 125 173 34 48 233
94 32 75 229 75 164 225 16 180 238 69 59 47 109 8 36 82 214 16 89
178 173 244 206 102 60 161 235 129 68 245 7 235 52 222 89 228 175 115 10
173 7 160 26 197 222 238 225 241 166 174 211 90 179 208 48 73 29 203 134
52 37 140 98 179 131 180 93 169 28 160 61 35 86 112 47 60 76 115 78
147 200 192 163 158 118 230 98 21 122 145 10 203 158 13 233 197 96 202 143
29 44 82 45 76 213 171 56 106 51 78 137 166 73 188 22 45 18 231 79
234 217 160 87 166 101 205 186 248 103 113 127 91 69 111 222 208 186 54 140
85 129 212 86 61 192 57 226 71 154 201 66 35 57 193 150 15 88 128 153
24 156 171 111 225 209 160 113 196 119 200 207 2 172 250 47 177 144 79 120
0 6 16 25 32 32 33 39 21 23 27 17 14 11
6 0 11 20 27 27 29 36 18 25 29 20 19 16
16 11 0 11 18 18 23 30 14 31 35 29 28 25
25 20 11 0 9 9 20 30 17 39 43 38 37 34
32 27 18 9 0 5 23 33 24 47 50 45 44 41
32 27 18 9 5 0 20 29 21 45 49 45 44 41
33 29 23 20 23 20 0 11 13 36 38 40 41 39
39 36 30 30 33 29 11 0 19 36 37 42 44 43
21 18 14 17 24 21 13 19 0 26 29 28 29 27
23 25 31 39 47 45 36 36 26 0 6 12 16 18
27 29 35 43 50 49 38 37 29 6 0 15 19 21
17 20 29 38 45 45 40 42 28 12 15 0 5 8
14 19 28 37 44 44 41 44 29 16 19 5 0 5
11 16 25 34 41 41 39 43 27 18 21 8 5 0
