12
30
250 38 137 224 180 12 246 78 233 187 43 20 88 204 195 30 79 121 175 114 193 39 182 115 81 177 78 77 192 101
20 133 56 212 14 224 177 99 240 163 69 134 229 185 48 238 86 159 189 106 94 161 181 40 153 124 210 168 64 91
98 18 38 150 9 161 96 9 202 1 186 71 118 2 202 126 46 74 116 112 207 207 34 17 104 145 127 91 102 187
111 221 14 65 218 36 186 77 48 171 140 62 59 191 112 63 121 202 58 9 196 127 241 245 61 214 55 200 27 124
44 206 81 139 213 221 153 157 88 107 139 217 148 43 46 231 136 231 178 58 22 86 243 110 91 51 20 5 6 180
112 178 136 128 241 235 130 191 109 133 1 172 127 125 239 81 104 215 48 86 241 31 11 149 98 173 250 117 190 225
168 36 168 2 37 88 128 228 115 220 127 205 198 56 158 216 127 138 24 220 229 155 198 79 52 143 122 44 37 243
74 233 208 16 32 199 17 68 221 35 239 78 184 128 13 88 34 126 191 100 48 99 40 29 87 153 3 36 230 68
102 69 229 64 212 14 244 114 94 208 62 115 67 83 170 225 129 195 16 75 101 216 165 178 118 75 195 2 60 37
174 88 214 150 5 140 223 47 20 89 200 191 67 131 134 173 227 236 16 161 234 245 222 157 27 56 246 62 213 174
179 221 241 18 218 76 127 112 233 205 162 188 40 127 226 21 98 248 44 86 3 234 120 187 178 76 192 149 64 58
143 100 110 212 18 81 180 146 201 80 231 10 92 117 151 25 183 11 59 60 245 90 107 92 202 32 118 194 211 6
0 23 23 27 32 32 42 47 45 50 39 38 23 21
23 0 5 11 14 17 27 25 23 29 17 17 17 18
23 5 0 7 11 14 24 25 24 31 18 18 20 21
27 11 7 0 6 8 18 23 23 32 17 18 26 27
32 14 11 6 0 6 15 19 19 29 15 16 29 30
32 17 14 8 6 0 11 22 24 33 19 21 33 33
42 27 24 18 15 11 0 22 26 36 24 26 42 43
47 25 25 23 19 22 22 0 7 16 10 12 36 38
45 23 24 23 19 24 26 7 0 11 7 8 32 34
50 29 31 32 29 33 36 16 11 0 16 15 34 37
39 17 18 17 15 19 24 10 7 16 0 4 27 30
38 17 18 18 16 21 26 12 8 15 4 0 26 28
23 17 20 26 29 33 42 36 32 34 27 26 0 4
21 18 21 27 30 33 43 38 34 37 30 28 4 0
