12
10
200 6 125 65 83 96 191 226 161 214
249 128 237 187 115 220 212 59 117 199
5 159 103 244 7 3 250 72 127 125
88 6 211 98 243 213 178 15 195 117
102 155 202 65 27 35 219 57 172 241
22 124 119 223 41 65 197 238 104 223
47 238 36 43 95 43 110 244 191 193
223 47 245 205 185 194 100 161 88 141
115 44 183 200 71 34 192 225 177 116
48 119 140 33 105 8 16 73 98 36
55 246 139 49 36 50 21 129 8 84
93 50 227 36 72 25 210 111 143 164
0 12 14 21 27 33 29 17 15 21 17 8 5 8
12 0 7 13 21 32 33 27 24 29 20 12 14 18
14 7 0 9 16 28 31 29 27 33 25 17 17 20
21 13 9 0 10 27 33 36 34 40 31 24 24 27
27 21 16 10 0 21 31 40 40 47 39 31 30 33
33 32 28 27 21 0 17 37 40 50 48 39 36 35
29 33 31 33 31 17 0 26 31 42 44 35 31 28
17 27 29 36 40 37 26 0 8 18 26 20 16 11
15 24 27 34 40 40 31 8 0 12 20 16 12 9
21 29 33 40 47 50 42 18 12 0 16 19 18 17
17 20 25 31 39 48 44 26 20 16 0 11 15 19
8 12 17 24 31 39 35 20 16 19 11 0 6 11
5 14 17 24 30 36 31 16 12 18 15 6 0 6
8 18 20 27 33 35 28 11 9 17 19 11 6 0
