12
10
241 71 27 82 13 217 243 160 23 145
60 235 217 30 71 42 19 189 72 98
117 4 45 26 247 89 17 197 25 126
6 187 16 39 234 228 15 232 117 127
162 103 175 111 44 107 144 144 214 174
242 71 91 58 98 80 75 185 14 77
233 34 105 162 57 104 246 208 52 197
215 138 136 249 226 40 164 64 155 244
36 12 189 175 137 110 135 30 168 133
225 238 10 45 92 150 245 227 230 91
74 103 217 195 246 2 188 228 2 154
189 104 125 105 228 87 218 213 19 238
0 9 11 14 16 30 27 26 24 20 16 22 24 23
9 0 10 13 15 29 29 28 26 25 24 30 31 28
11 10 0 5 7 21 21 20 18 19 22 30 33 32
14 13 5 0 3 17 18 16 16 18 24 33 36 35
16 15 7 3 0 16 16 15 15 18 25 34 37 37
30 29 21 17 16 0 12 12 15 24 36 46 50 50
27 29 21 18 16 12 0 3 6 16 29 39 44 46
26 28 20 16 15 12 3 0 5 15 28 38 43 44
24 26 18 16 15 15 6 5 0 11 24 35 40 41
20 25 19 18 18 24 16 15 11 0 15 26 31 33
16 24 22 24 25 36 29 28 24 15 0 12 17 20
22 30 30 33 34 46 39 38 35 26 12 0 7 13
24 31 33 36 37 50 44 43 40 31 17 7 0 8
23 28 32 35 37 50 46 44 41 33 20 13 8 0
