12
10
51 79 183 190 63 88 249 222 248 98
47 205 248 207 81 51 27 24 107 79
171 183 6 177 99 92 218 5 30 244
247 168 33 123 80 112 190 24 77 155
180 27 15 176 222 175 179 214 246 152
180 26 211 56 81 153 210 53 244 202
23 149 111 2 162 123 118 21 219 71
62 25 155 56 84 54 154 42 248 6
78 28 243 64 54 45 7 210 150 91
17 10 158 141 135 123 220 19 187 160
121 43 30 175 176 114 139 87 137 151
94 38 218 212 87 157 247 114 243 239
0 6 13 13 27 39 38 40 42 20 24 30 25 12
6 0 9 8 22 35 35 38 40 19 26 32 29 15
13 9 0 5 18 35 38 41 44 23 32 39 36 22
13 8 5 0 16 32 35 37 40 20 30 37 35 21
27 22 18 16 0 21 29 31 36 24 37 44 47 32
39 35 35 32 21 0 14 15 20 25 37 42 50 38
38 35 38 35 29 14 0 4 8 20 28 32 43 34
40 38 41 37 31 15 4 0 7 22 30 33 45 36
42 40 44 40 36 20 8 7 0 24 29 31 44 37
20 19 23 20 24 25 20 22 24 0 15 22 28 16
24 26 32 30 37 37 28 30 29 15 0 9 17 14
30 32 39 37 44 42 32 33 31 22 9 0 16 20
25 29 36 35 47 50 43 45 44 28 17 16 0 17
12 15 22 21 32 38 34 36 37 16 14 20 17 0
