12
30
7 33 80 180 157 215 37 57 233 80 104 140 24 181 62 31 156 209 62 243 228 58 83 219 234 85 222 152 82 218
121 120 24 67 141 11 24 96 5 186 56 72 192 229 219 172 244 198 198 145 36 159 5 196 29 118 71 118 118 128
62 86 2 92 126 127 145 194 125 4 124 243 6 107 82 107 210 209 26 9 185 82 159 32 49 29 172 116 100 89
84 171 132 199 212 77 42 106 96 34 71 110 181 154 207 80 201 69 116 145 105 192 60 169 79 192 106 4 118 216
49 221 37 241 39 154 177 138 44 102 184 165 80 158 83 234 67 212 75 220 230 212 240 235 192 6 245 109 197 48
205 216 12 54 217 242 233 229 245 160 51 242 51 181 143 78 169 115 245 216 152 135 131 69 39 64 19 199 73 116
99 17 20 49 186 51 83 51 26 215 147 198 199 86 29 33 117 48 228 91 102 39 197 3 175 46 52 64 56 14
208 197 81 247 189 89 4 41 190 36 67 8 245 125 42 6 29 193 54 19 126 180 212 100 185 248 205 230 39 152
144 138 106 144 80 116 122 105 106 144 32 153 196 197 34 219 46 78 23 90 235 47 40 168 57 203 41 176 90 224
149 245 108 80 77 22 214 1 40 224 38 7 196 76 42 180 235 120 95 118 220 124 26 140 44 128 56 167 228 69
116 180 119 80 232 155 176 239 237 5 244 243 81 183 45 67 126 228 161 191 75 86 161 222 103 159 234 215 38 173
153 115 95 131 222 46 49 187 223 92 160 99 217 105 63 28 23 47 98 136 37 199 54 14 106 96 172 206 123 92
0 5 20 25 37 46 48 50 47 36 35 31 21 20
5 0 19 24 36 44 48 50 49 37 36 33 23 23
20 19 0 8 20 27 33 35 39 25 24 26 22 28
25 24 8 0 14 24 26 28 33 18 18 22 21 28
37 36 20 14 0 15 16 18 30 17 17 26 30 37
46 44 27 24 15 0 22 25 42 30 30 39 43 50
48 48 33 26 16 22 0 4 24 17 18 28 37 44
50 50 35 28 18 25 4 0 22 18 18 28 38 45
47 49 39 33 30 42 24 22 0 16 16 18 29 34
36 37 25 18 17 30 17 18 16 0 2 12 21 28
35 36 24 18 17 30 18 18 16 2 0 12 21 28
31 33 26 22 26 39 28 28 18 12 12 0 13 19
21 23 22 21 30 43 37 38 29 21 21 13 0 9
20 23 28 28 37 50 44 45 34 28 28 19 9 0
