12
10
225 229 98 169 149 194 27 136 113 227
92 173 5 133 183 223 235 51 240 193
241 179 33 200 239 115 9 173 174 121
220 203 81 240 70 90 112 3 216 24
166 181 168 196 227 144 220 223 162 131
221 222 183 153 26 7 108 205 128 194
111 177 66 228 138 106 150 202 130 179
103 230 53 216 223 84 175 87 146 149
143 217 190 49 150 114 105 58 56 98
208 196 4 65 119 48 142 174 161 128
197 117 228 138 207 220 211 195 198 52
38 123 95 66 91 250 29 205 157 66
0 21 30 33 35 33 29 24 28 39 38 18 14 14
21 0 18 24 30 32 35 33 36 50 50 34 30 34
30 18 0 7 15 19 26 28 30 44 43 35 32 40
33 24 7 0 9 14 23 26 27 41 40 36 33 42
35 30 15 9 0 8 18 22 23 35 34 34 32 42
33 32 19 14 8 0 12 17 17 29 28 29 28 38
29 35 26 23 18 12 0 7 6 19 18 20 21 31
24 33 28 26 22 17 7 0 5 19 18 14 15 25
28 36 30 27 23 17 6 5 0 16 15 17 18 28
39 50 44 41 35 29 19 19 16 0 2 24 27 35
38 50 43 40 34 28 18 18 15 2 0 23 26 34
18 34 35 36 34 29 20 14 17 24 23 0 6 13
14 30 32 33 32 28 21 15 18 27 26 6 0 12
14 34 40 42 42 38 31 25 28 35 34 13 12 0
