12
30
182 49 162 127 27 209 70 14 72 221 222 71 32 128 114 196 11 141 190 181 59 167 107 224 4 141 130 14 202 174
204 98 115 240 30 154 10 35 217 198 102 80 7 211 82 19 179 207 138 36 118 219 223 179 61 115 39 80 227 221
140 19 203 185 206 57 4 191 38 21 40 184 187 13 216 91 214 155 9 237 227 31 106 171 6 40 212 72 42 134
37 161 247 224 155 209 56 66 2 110 160 188 115 158 53 150 129 179 148 166 139 78 33 4 207 66 153 219 54 131
2 231 79 54 39 170 24 99 45 25 221 230 93 228 127 145 214 59 82 235 145 148 218 198 159 81 133 160 227 109
92 204 43 249 85 244 220 226 122 99 48 204 33 226 126 43 173 25 235 83 109 27 106 158 38 78 58 143 235 55
70 185 163 80 195 189 24 218 55 16 17 141 199 34 169 35 126 6 212 44 190 60 60 48 2 148 11 122 198 122
170 194 132 199 115 84 156 56 214 72 204 174 102 118 82 41 135 124 168 73 126 141 25 104 133 31 80 41 137 176
133 185 223 165 237 246 232 42 151 49 4 214 75 247 144 71 177 125 92 58 215 103 197 243 87 182 85 49 151 188
239 1 59 50 113 241 75 156 87 12 80 186 218 92 40 20 78 134 74 130 24 127 48 64 54 220 2 50 238 86
125 68 52 148 230 228 239 101 130 68 68 230 80 133 114 183 9 74 235 239 43 168 31 56 66 220 183 53 192 14
76 127 88 248 30 102 206 99 8 90 102 101 13 91 90 37 37 52 24 10 197 168 47 225 50 207 202 112 183 237
0 21 22 24 32 40 38 38 36 35 43 44 44 24
21 0 3 6 13 21 22 25 27 26 35 43 46 30
22 3 0 5 12 20 20 24 26 26 34 43 46 30
24 6 5 0 9 17 17 20 23 23 31 41 44 30
32 13 12 9 0 9 11 18 22 23 30 42 47 35
40 21 20 17 9 0 9 18 23 24 30 44 50 41
38 22 20 17 11 9 0 10 16 17 22 37 43 35
38 25 24 20 18 18 10 0 8 9 14 29 35 30
36 27 26 23 22 23 16 8 0 3 10 22 29 25
35 26 26 23 23 24 17 9 3 0 10 22 28 23
43 35 34 31 30 30 22 14 10 10 0 18 26 28
44 43 43 41 42 44 37 29 22 22 18 0 10 22
44 46 46 44 47 50 43 35 29 28 26 10 0 21
24 30 30 30 35 41 35 30 25 23 28 22 21 0
