12
10
149 107 107 204 167 88 141 87 220 149
136 225 82 154 105 174 63 104 213 182
211 166 90 79 90 81 32 152 184 65
9 53 149 92 131 90 183 169 109 153
155 128 126 43 105 116 69 185 235 210
99 28 170 216 210 203 193 141 135 58
30 99 121 167 223 144 153 244 63 71
229 132 81 30 42 220 220 181 64 232
19 233 9 237 203 158 198 175 108 35
212 133 108 212 179 229 184 191 241 6
111 6 182 200 49 209 27 239 182 226
118 198 41 13 125 154 54 35 227 47
0 24 32 33 45 50 46 37 32 25 31 38 29 22
24 0 17 17 23 28 24 14 13 13 21 25 24 23
32 17 0 2 22 28 29 21 27 29 36 40 40 38
33 17 2 0 21 27 29 21 27 29 36 40 40 38
45 23 22 21 0 7 11 12 22 28 32 32 38 40
50 28 28 27 7 0 10 16 25 32 35 34 41 44
46 24 29 29 11 10 0 11 18 26 27 26 33 37
37 14 21 21 12 16 11 0 11 18 22 23 27 30
32 13 27 27 22 25 18 11 0 9 13 15 17 21
25 13 29 29 28 32 26 18 9 0 10 15 12 13
31 21 36 36 32 35 27 22 13 10 0 8 7 13
38 25 40 40 32 34 26 23 15 15 8 0 12 19
29 24 40 40 38 41 33 27 17 12 7 12 0 9
22 23 38 38 40 44 37 30 21 13 13 19 9 0
