12
30
14 11 207 152 179 184 10 119 133 37 225 102 216 200 210 226 19 3 219 15 136 33 113 115 76 72 56 212 178 191
42 22 58 111 145 108 120 160 97 223 203 47 183 188 90 77 148 166 160 80 230 28 99 128 71 148 100 208 91 223
154 209 28 175 42 247 61 140 70 112 206 236 233 132 55 189 67 94 156 69 237 62 87 240 168 228 167 74 21 241
188 167 10 75 158 98 173 145 161 96 84 112 132 12 162 246 103 106 180 33 230 177 222 178 211 175 204 76 106 52
106 246 109 106 191 201 209 49 13 158 5 116 186 134 36 42 31 36 33 181 57 14 18 116 105 183 200 84 153 217
241 97 95 71 236 80 210 185 42 45 246 222 111 101 14 170 104 141 105 25 188 23 65 52 70 188 51 243 40 24
177 216 233 215 232 241 160 27 43 15 62 199 212 57 135 56 46 197 202 188 7 58 106 131 224 141 168 225 220 73
237 9 102 45 223 61 239 41 228 78 153 174 108 31 39 70 150 13 61 204 188 154 87 161 56 178 172 78 13 236
165 171 33 249 163 222 81 198 112 116 112 14 246 58 58 3 16 249 216 169 22 120 194 25 207 19 38 67 216 15
165 177 102 158 81 73 245 180 237 153 78 191 22 154 148 25 182 59 2 225 67 2 117 16 122 65 23 239 26 74
88 203 122 190 83 44 142 110 166 249 96 117 231 202 159 105 87 214 250 199 128 1 13 189 192 11 64 85 48 179
64 201 156 45 124 80 149 32 225 215 92 196 180 33 30 41 10 205 42 178 224 219 232 176 127 216 84 63 139 167
0 16 22 32 26 34 42 50 42 38 43 41 32 18
16 0 16 23 12 20 28 36 28 25 30 31 19 18
22 16 0 12 17 26 29 39 35 34 39 44 31 32
32 23 12 0 17 23 23 33 31 33 38 45 31 39
26 12 17 17 0 11 17 26 20 19 24 30 16 26
34 20 26 23 11 0 11 18 10 11 16 24 12 31
42 28 29 23 17 11 0 11 12 17 20 31 20 40
50 36 39 33 26 18 11 0 13 19 20 31 25 46
42 28 35 31 20 10 12 13 0 8 9 21 13 35
38 25 34 33 19 11 17 19 8 0 7 15 8 30
43 30 39 38 24 16 20 20 9 7 0 13 12 33
41 31 44 45 30 24 31 31 21 15 13 0 15 28
32 19 31 31 16 12 20 25 13 8 12 15 0 24
18 18 32 39 26 31 40 46 35 30 33 28 24 0
