12
10
91 225 181 173 206 163 122 36 84 70
249 160 2 14 36 144 136 80 90 210
104 210 37 192 171 40 5 243 237 188
49 145 160 19 241 118 166 151 70 242
69 77 188 125 162 143 130 198 161 144
216 206 150 241 203 192 10 150 36 18
42 130 149 183 195 234 90 9 42 214
147 198 82 18 123 228 208 181 152 180
6 158 155 200 19 6 237 191 192 139
113 87 197 4 201 125 171 15 85 54
29 88 54 80 157 21 53 131 67 126
58 71 103 190 104 219 32 120 33 223
0 10 17 14 19 23 24 33 31 36 45 32 30 7
10 0 18 21 26 29 29 35 35 41 50 41 39 16
17 18 0 15 18 16 14 19 20 26 36 36 36 20
14 21 15 0 6 11 13 24 20 25 32 23 23 13
19 26 18 6 0 8 12 23 17 22 28 19 21 16
23 29 16 11 8 0 6 16 11 16 24 23 26 22
24 29 14 13 12 6 0 12 8 14 23 27 30 24
33 35 19 24 23 16 12 0 9 12 22 37 41 34
31 35 20 20 17 11 8 9 0 7 18 29 34 31
36 41 26 25 22 16 14 12 7 0 13 31 36 36
45 50 36 32 28 24 23 22 18 13 0 31 37 43
32 41 36 23 19 23 27 37 29 31 31 0 8 27
30 39 36 23 21 26 30 41 34 36 37 8 0 25
7 16 20 13 16 22 24 34 31 36 43 27 25 0
