12
10
175 200 58 21 48 96 89 169 89 217
185 17 102 32 186 176 149 184 48 124
239 59 12 242 127 167 151 25 72 15
164 192 114 199 247 213 182 18 147 243
112 146 155 66 219 29 195 30 12 234
155 9 60 43 210 230 26 18 145 34
219 212 96 43 128 9 96 202 122 22
49 196 105 225 178 232 112 242 172 60
218 210 189 7 11 149 77 15 101 1
73 147 112 73 78 186 149 36 81 234
58 186 201 131 63 100 199 37 163 3
165 55 205 103 129 54 90 107 234 14
0 6 19 25 30 42 37 40 41 33 26 24 21 22
6 0 15 20 26 40 36 41 43 35 28 26 24 27
19 15 0 9 13 32 30 42 44 39 29 30 30 37
25 20 9 0 9 35 35 48 50 46 36 37 37 44
30 26 13 9 0 29 31 47 50 47 37 38 39 48
42 40 32 35 29 0 11 29 32 36 28 32 36 50
37 36 30 35 31 11 0 20 24 27 19 23 27 42
40 41 42 48 47 29 20 0 5 14 16 18 22 35
41 43 44 50 50 32 24 5 0 12 17 19 22 34
33 35 39 46 47 36 27 14 12 0 12 11 13 23
26 28 29 36 37 28 19 16 17 12 0 5 10 24
24 26 30 37 38 32 23 18 19 11 5 0 6 21
21 24 30 37 39 36 27 22 22 13 10 6 0 16
22 27 37 44 48 50 42 35 34 23 24 21 16 0
