12
20
14 89 220 197 71 63 17 113 50 216 116 158 106 209 103 181 119 140 189 29
30 69 168 126 3 37 51 98 72 90 17 68 203 172 110 56 97 116 8 175
43 137 235 72 84 80 190 27 20 47 82 13 8 95 55 55 219 79 76 230
97 217 51 48 120 141 19 106 246 239 216 222 191 236 23 49 21 208 249 223
207 6 167 235 118 164 70 133 240 130 13 2 92 7 239 106 229 120 53 222
143 126 218 122 147 83 36 209 177 24 94 190 13 59 115 181 70 160 115 34
18 129 178 41 47 129 129 192 89 112 49 85 178 94 237 135 187 155 26 217
239 95 148 11 118 100 202 170 77 54 102 146 157 214 130 226 45 87 90 195
203 212 160 122 124 200 125 12 233 219 63 46 227 21 236 8 221 123 167 85
139 218 191 72 250 244 117 23 202 19 170 242 147 78 47 189 119 106 109 45
55 226 102 7 155 100 81 98 132 208 76 154 218 244 29 24 214 15 165 103
16 181 109 216 186 105 25 42 56 77 53 216 75 208 6 210 170 139 51 165
0 8 11 20 24 24 39 50 36 30 32 34 32 26
8 0 7 14 19 21 34 50 36 31 33 35 35 30
11 7 0 10 15 15 29 44 31 26 28 31 31 27
20 14 10 0 7 12 21 42 31 27 29 32 35 33
24 19 15 7 0 9 16 37 29 25 27 31 35 34
24 21 15 12 9 0 20 31 21 17 19 23 28 27
39 34 29 21 16 20 0 36 34 33 34 38 45 46
50 50 44 42 37 31 36 0 18 23 21 23 31 37
36 36 31 31 29 21 34 18 0 7 5 7 16 21
30 31 26 27 25 17 33 23 7 0 4 7 14 18
32 33 28 29 27 19 34 21 5 4 0 6 14 18
34 35 31 32 31 23 38 23 7 7 6 0 10 16
32 35 31 35 35 28 45 31 16 14 14 10 0 9
26 30 27 33 34 27 46 37 21 18 18 16 9 0
