12
20
241 53 172 140 92 8 199 114 183 85 109 167 118 174 2 40 22 143 3 106
78 205 27 52 102 20 228 38 189 219 214 140 67 202 55 130 140 125 232 29
89 47 31 249 107 17 6 37 188 3 164 178 68 193 229 237 211 226 119 160
140 180 153 93 31 155 19 242 71 7 41 171 234 140 180 1 194 119 227 90
113 245 31 184 226 58 58 50 77 165 124 149 128 66 199 47 182 222 220 139
154 62 139 169 98 98 97 161 161 137 208 121 236 151 102 159 143 94 222 167
133 17 129 56 186 13 12 111 22 194 74 157 162 242 192 229 106 120 81 150
39 137 116 77 207 119 62 39 84 6 22 130 171 10 16 147 191 134 141 170
176 48 112 132 36 121 49 242 207 190 226 89 121 29 23 171 151 95 250 123
242 175 103 46 149 125 136 141 250 81 214 237 98 94 42 179 135 228 142 211
196 116 197 2 214 214 195 249 188 143 94 12 215 90 80 164 13 205 186 140
2 204 87 103 186 78 119 119 165 121 214 120 149 32 6 70 146 62 83 101
0 7 29 31 31 29 33 25 50 46 38 33 21 7
7 0 25 27 28 26 32 26 50 48 42 38 25 8
29 25 0 4 8 8 19 25 41 44 47 48 39 25
31 27 4 0 8 9 20 27 41 45 49 50 41 27
31 28 8 8 0 3 13 22 34 38 43 46 38 26
29 26 8 9 3 0 12 20 34 37 41 44 36 25
33 32 19 20 13 12 0 14 23 27 33 39 33 28
25 26 25 27 22 20 14 0 26 23 23 26 21 20
50 50 41 41 34 34 23 26 0 13 30 40 42 45
46 48 44 45 38 37 27 23 13 0 19 30 34 41
38 42 47 49 43 41 33 23 30 19 0 13 21 35
33 38 48 50 46 44 39 26 40 30 13 0 14 31
21 25 39 41 38 36 33 21 42 34 21 14 0 19
7 8 25 27 26 25 28 20 45 41 35 31 19 0
