12
20
18 108 29 64 212 53 10 213 87 43 203 97 123 250 203 179 147 191 88 244
36 119 13 107 144 248 223 58 35 110 96 226 229 81 111 26 134 125 137 183
71 21 145 34 91 165 124 243 86 40 50 38 99 59 7 70 103 18 6 233
215 118 16 162 36 56 239 55 109 20 2 72 112 175 217 46 124 12 31 45
117 227 237 61 175 145 27 178 6 148 134 240 146 81 139 194 20 31 11 140
1 28 195 193 32 133 153 128 59 90 155 98 11 21 218 31 115 2 127 142
160 198 155 213 177 176 101 135 242 2 38 89 116 69 164 199 184 111 26 8
143 244 142 58 70 133 204 8 132 193 154 158 26 57 55 15 135 144 87 39
160 81 180 198 124 101 189 3 139 154 134 112 233 155 132 5 131 90 221 195
230 37 250 228 52 2 200 203 150 137 81 110 235 112 189 68 193 117 232 120
110 154 58 215 110 236 205 174 16 8 209 190 141 71 200 233 183 247 35 70
80 58 127 163 143 170 193 29 115 59 211 244 67 67 15 207 9 237 179 169
0 16 21 18 15 29 42 41 32 36 24 26 16 16
16 0 7 13 15 21 39 42 34 46 37 40 30 31
21 7 0 11 15 16 35 40 32 47 40 43 34 36
18 13 11 0 6 13 29 31 23 38 32 36 27 31
15 15 15 6 0 16 29 29 21 33 27 32 23 27
29 21 16 13 16 0 21 28 22 43 40 45 37 41
42 39 35 29 29 21 0 14 16 39 43 49 44 50
41 42 40 31 29 28 14 0 10 28 35 41 38 45
32 34 32 23 21 22 16 10 0 25 29 35 31 37
36 46 47 38 33 43 39 28 25 0 15 20 24 30
24 37 40 32 27 40 43 35 29 15 0 8 11 17
26 40 43 36 32 45 49 41 35 20 8 0 11 14
16 30 34 27 23 37 44 38 31 24 11 11 0 9
16 31 36 31 27 41 50 45 37 30 17 14 9 0
