12
30
204 14 239 139 27 40 181 45 102 102 189 194 209 67 219 106 60 49 55 130 208 212 41 56 29 227 235 237 200 39
205 188 63 20 139 113 138 133 160 80 20 95 9 69 6 6 97 105 35 135 105 27 153 10 165 236 160 99 114 51
225 102 207 100 129 224 210 86 90 141 126 40 187 223 203 24 89 228 26 217 52 14 67 203 131 202 25 60 125 178
123 222 41 119 246 26 201 237 94 105 118 113 24 186 192 213 210 173 61 155 172 226 73 5 171 165 56 182 95 84
84 46 227 94 19 122 65 95 54 33 152 140 132 68 230 148 41 139 143 178 216 6 238 88 37 228 236 131 123 113
136 188 101 104 140 58 39 138 93 55 11 26 22 9 193 204 106 96 212 99 32 98 164 120 167 60 121 95 45 16
184 88 81 147 181 151 94 204 243 75 232 241 120 170 78 224 38 184 4 184 45 51 132 227 162 181 118 118 244 22
239 80 49 62 24 110 241 242 229 229 9 233 247 55 214 219 48 238 196 12 83 142 134 110 157 128 240 107 3 232
7 110 50 86 81 17 162 76 181 32 150 31 17 155 96 25 41 54 31 71 208 71 174 38 45 5 19 74 187 56
15 247 75 49 206 160 97 137 70 131 162 89 76 5 25 170 29 170 214 214 90 193 11 43 6 33 30 92 202 215
241 101 12 148 48 196 179 50 85 46 123 175 127 139 221 186 26 40 54 178 178 44 76 195 191 169 231 6 63 18
49 7 215 62 133 129 16 69 198 195 159 115 240 163 106 150 235 191 108 250 211 1 173 217 187 48 178 190 221 137
0 9 14 13 23 23 23 37 32 22 30 40 17 17
9 0 8 11 19 21 22 38 34 26 35 47 25 24
14 8 0 9 13 17 18 34 33 26 35 49 30 29
13 11 9 0 13 12 13 28 25 18 28 42 27 26
23 19 13 13 0 10 12 26 28 25 34 50 38 37
23 21 17 12 10 0 3 19 19 17 25 43 34 34
23 22 18 13 12 3 0 17 18 16 24 41 34 34
37 38 34 28 26 19 17 0 11 20 21 38 44 44
32 34 33 25 28 19 18 11 0 12 11 29 36 36
22 26 26 18 25 17 16 20 12 0 11 27 26 26
30 35 35 28 34 25 24 21 11 11 0 20 30 30
40 47 49 42 50 43 41 38 29 27 20 0 32 32
17 25 30 27 38 34 34 44 36 26 30 32 0 2
17 24 29 26 37 34 34 44 36 26 30 32 2 0
