12
10
24 21 137 143 54 149 32 89 154 136
97 116 70 170 37 129 138 22 178 39
227 6 84 93 152 109 9 26 85 7
146 120 104 153 196 97 46 13 121 126
122 211 188 152 120 156 187 247 86 127
28 236 91 50 214 36 159 24 128 209
69 77 75 87 26 155 211 182 45 36
115 140 17 245 39 5 28 160 44 208
93 107 96 106 16 248 189 242 237 211
43 39 140 40 162 180 95 81 55 173
130 184 189 189 21 116 216 68 141 239
4 132 229 231 108 183 96 193 20 231
0 14 41 37 30 35 39 28 24 15 22 13 6 6
14 0 38 37 33 39 46 37 31 23 34 26 17 16
41 38 0 12 21 25 32 37 30 35 50 46 40 38
37 37 12 0 12 15 22 27 22 28 43 40 35 33
30 33 21 12 0 8 15 17 11 19 32 30 27 25
35 39 25 15 8 0 9 16 13 22 33 33 31 30
39 46 32 22 15 9 0 15 17 26 34 35 35 35
28 37 37 27 17 16 15 0 9 16 20 22 24 24
24 31 30 22 11 13 17 9 0 11 23 21 20 20
15 23 35 28 19 22 26 16 11 0 18 13 11 10
22 34 50 43 32 33 34 20 23 18 0 10 19 20
13 26 46 40 30 33 35 22 21 13 10 0 10 13
6 17 40 35 27 31 35 24 20 11 19 10 0 4
6 16 38 33 25 30 35 24 20 10 20 13 4 0
