12
30
208 89 244 171 154 79 191 9 5 77 27 247 33 80 217 141 77 144 98 78 135 79 194 52 141 122 80 72 116 133
127 216 91 104 33 196 216 222 244 188 145 186 117 108 19 245 164 121 196 42 168 6 203 126 136 1 201 15 68 9
32 97 70 241 54 51 209 30 245 153 219 129 120 35 64 226 209 81 125 2 124 236 13 214 8 233 117 90 206 241
96 247 189 50 146 96 199 60 228 92 31 153 92 158 88 92 246 146 43 213 248 154 9 108 180 106 155 168 124 45
63 116 209 153 228 3 218 208 83 142 5 3 53 91 221 74 28 159 107 3 71 186 172 166 222 250 229 193 235 168
56 27 104 86 84 15 121 195 62 188 151 140 129 8 151 130 67 21 179 216 137 35 76 118 94 114 116 225 9 61
96 199 72 158 39 78 69 69 16 174 162 131 199 84 199 214 26 165 8 139 101 88 169 26 45 71 202 12 86 79
157 179 155 213 160 85 93 157 195 120 127 204 141 51 33 232 47 179 169 227 137 83 174 71 34 99 39 95 47 239
236 240 214 127 92 6 91 52 179 249 100 99 245 163 213 231 96 95 241 24 239 124 179 207 127 198 134 181 178 117
225 157 166 128 14 243 148 236 172 84 204 229 14 175 130 129 195 245 42 88 33 135 232 2 201 63 42 20 121 175
241 163 120 133 62 153 108 44 53 122 91 15 62 219 123 91 160 31 249 4 108 173 38 91 97 113 190 195 99 74
181 113 244 8 59 97 229 70 137 233 23 61 133 11 140 37 50 238 13 105 231 184 202 12 174 160 247 33 201 41
0 11 15 35 43 42 29 37 43 37 25 26 24 16
11 0 6 25 33 32 20 28 37 32 21 24 25 20
15 6 0 21 29 29 18 26 37 33 22 26 29 24
35 25 21 0 9 15 17 21 36 37 32 37 43 40
43 33 29 9 0 15 22 24 39 42 38 44 50 48
42 32 29 15 15 0 15 12 26 30 30 36 43 43
29 20 18 17 22 15 0 10 22 22 18 23 30 30
37 28 26 21 24 12 10 0 17 19 20 25 34 35
43 37 37 36 39 26 22 17 0 9 20 22 31 35
37 32 33 37 42 30 22 19 9 0 14 15 23 28
25 21 22 32 38 30 18 20 20 14 0 7 15 17
26 24 26 37 44 36 23 25 22 15 7 0 10 15
24 25 29 43 50 43 30 34 31 23 15 10 0 9
16 20 24 40 48 43 30 35 35 28 17 15 9 0
