12
30
207 100 224 150 13 222 186 111 14 94 188 167 207 48 77 130 143 143 126 81 180 194 126 84 172 161 161 24 70 194
66 42 48 121 33 250 168 110 163 177 193 182 70 191 28 39 121 114 119 111 37 93 156 209 96 48 160 42 201 117
165 134 27 238 222 218 92 123 201 90 178 160 143 249 136 51 80 38 163 103 71 2 219 45 15 39 183 62 202 74
119 159 157 185 198 23 111 100 131 127 234 79 121 60 47 66 105 140 110 130 117 244 23 42 15 36 125 134 180 202
177 85 169 19 235 187 196 32 53 233 128 139 92 126 182 118 174 124 43 126 205 236 224 235 216 118 129 246 62 223
233 211 187 86 166 192 24 57 249 61 145 194 59 34 4 40 85 205 9 119 24 163 89 202 64 233 36 181 246 232
134 238 62 168 165 243 214 181 165 154 138 75 4 37 158 27 51 230 49 159 211 97 219 43 209 227 171 163 13 32
181 39 45 93 1 8 41 165 230 159 196 194 139 14 63 192 218 25 45 122 102 3 189 158 126 78 25 15 109 193
69 93 150 218 65 103 141 100 165 61 193 89 196 116 117 74 155 19 140 232 205 84 139 60 37 119 98 244 236 218
250 85 63 143 87 86 164 216 161 204 179 111 83 14 62 140 60 155 219 88 75 61 20 65 248 90 223 235 158 22
154 20 19 3 52 130 62 153 90 87 23 66 28 45 64 237 82 102 50 140 205 202 40 161 110 155 203 105 59 184
69 40 7 66 161 243 42 225 66 83 100 106 96 98 20 115 145 77 76 11 192 88 240 245 56 121 68 103 26 15
0 7 17 15 15 20 30 39 23 29 17 20 13 5
7 0 11 12 14 18 27 37 22 33 21 26 19 9
17 11 0 14 17 18 25 35 24 38 28 36 28 18
15 12 14 0 5 7 17 27 12 27 18 30 21 13
15 14 17 5 0 7 17 26 10 23 15 29 19 12
20 18 18 7 7 0 12 21 7 25 19 34 24 17
30 27 25 17 17 12 0 12 13 30 28 44 34 28
39 37 35 27 26 21 12 0 19 32 34 50 41 37
23 22 24 12 10 7 13 19 0 20 17 33 24 20
29 33 38 27 23 25 30 32 20 0 14 27 22 26
17 21 28 18 15 19 28 34 17 14 0 18 10 14
20 26 36 30 29 34 44 50 33 27 18 0 11 20
13 19 28 21 19 24 34 41 24 22 10 11 0 12
5 9 18 13 12 17 28 37 20 26 14 20 12 0
