12
30
48 106 236 109 150 11 40 189 121 236 185 34 75 49 199 190 42 47 138 56 244 179 147 43 3 232 176 234 8 189
53 147 140 223 45 90 108 14 192 74 35 113 63 95 83 46 147 231 44 161 69 212 124 243 3 217 137 184 234 65
250 19 201 245 68 211 114 54 126 162 224 150 236 108 102 124 160 25 182 219 231 226 36 221 45 183 214 117 174 232
140 12 111 109 44 78 24 49 156 166 21 151 239 148 244 248 84 103 111 238 54 211 178 156 199 231 19 141 112 231
65 137 178 3 39 71 122 170 21 216 122 57 18 223 88 247 142 32 138 221 73 24 5 147 246 150 90 55 225 249
200 178 187 87 55 62 179 65 38 167 6 98 56 119 168 236 221 36 19 173 2 104 139 84 88 20 172 46 185 80
206 165 107 72 173 114 182 248 19 67 156 55 141 109 183 36 10 199 109 232 62 204 191 169 134 109 124 241 183 67
232 214 96 199 44 131 61 97 126 232 234 73 39 188 141 170 158 82 109 6 69 170 70 161 33 233 137 193 227 142
171 231 243 16 96 149 246 163 174 31 85 60 7 108 220 240 207 37 128 195 24 208 240 94 175 248 210 2 149 159
101 117 15 9 174 67 119 69 232 91 131 113 3 26 31 156 30 198 172 125 245 180 203 242 69 53 37 168 104 226
25 178 238 15 180 10 161 37 195 111 40 158 65 66 14 152 40 182 76 52 20 156 101 139 242 45 132 223 140 40
94 46 230 24 207 176 21 20 37 95 124 219 107 103 187 206 136 70 67 219 156 111 238 72 79 118 194 216 74 48
0 14 11 12 24 39 46 38 33 33 27 22 10 13
14 0 14 15 23 36 48 43 38 35 28 25 22 25
11 14 0 3 14 29 37 31 26 24 17 13 14 21
12 15 3 0 14 29 36 29 25 23 17 12 13 21
24 23 14 14 0 16 27 25 22 15 8 11 25 33
39 36 29 29 16 0 21 26 25 16 16 22 39 47
46 48 37 36 27 21 0 14 17 15 21 25 42 50
38 43 31 29 25 26 14 0 6 12 18 19 33 41
33 38 26 25 22 25 17 6 0 11 15 15 28 36
33 35 24 23 15 16 15 12 11 0 9 12 30 38
27 28 17 17 8 16 21 18 15 9 0 7 25 34
22 25 13 12 11 22 25 19 15 12 7 0 20 28
10 22 14 13 25 39 42 33 28 30 25 20 0 10
13 25 21 21 33 47 50 41 36 38 34 28 10 0
