12
10
180 219 96 163 84 62 167 199 6 6
189 154 103 184 52 68 142 56 218 186
163 199 224 28 117 73 15 164 77 243
16 108 158 237 239 41 161 15 125 193
142 162 233 239 177 130 79 213 61 149
103 203 35 114 115 188 32 51 84 100
209 226 25 118 163 150 212 211 204 229
226 91 144 139 65 49 154 2 141 8
109 136 29 208 224 224 33 71 71 143
110 239 4 236 213 250 163 177 86 58
201 150 16 141 233 179 93 111 6 213
112 133 85 232 91 186 243 205 51 133
0 7 15 17 21 30 31 33 24 27 26 18 10 7
7 0 12 13 18 26 30 33 24 31 31 23 15 11
15 12 0 7 26 32 39 43 35 41 38 32 21 21
17 13 7 0 22 27 35 40 33 42 41 34 24 22
21 18 26 22 0 11 14 20 17 33 41 31 28 21
30 26 32 27 11 0 15 23 24 41 50 41 37 30
31 30 39 35 14 15 0 10 15 33 46 36 37 29
33 33 43 40 20 23 10 0 12 27 43 33 36 29
24 24 35 33 17 24 15 12 0 19 33 23 26 19
27 31 41 42 33 41 33 27 19 0 19 14 24 22
26 31 38 41 41 50 46 43 33 19 0 11 18 23
18 23 32 34 31 41 36 33 23 14 11 0 12 14
10 15 21 24 28 37 37 36 26 24 18 12 0 9
7 11 21 22 21 30 29 29 19 22 23 14 9 0
