12
30
65 246 208 125 154 240 59 74 20 134 101 40 210 207 145 202 156 114 9 220 137 116 86 148 26 134 45 99 58 185
93 17 193 225 241 179 47 223 62 238 110 136 43 26 120 180 227 110 230 43 134 182 245 55 32 18 69 193 123 120
80 30 89 102 15 206 164 35 161 143 98 177 186 110 35 136 64 14 69 207 225 179 115 80 106 122 187 83 38 215
116 224 197 218 84 142 51 16 242 103 133 94 108 192 1 198 139 189 220 83 81 246 235 45 13 129 177 83 80 166
19 92 89 82 219 11 20 158 59 144 81 144 145 189 190 103 43 239 50 75 157 105 217 108 15 44 81 154 112 130
114 179 217 164 57 96 129 82 176 62 12 132 216 81 208 174 128 190 201 179 60 191 166 59 171 117 35 84 167 151
13 11 177 181 61 151 103 129 162 6 119 187 41 16 116 58 24 29 82 114 133 250 171 190 30 124 65 160 225 27
189 175 45 159 240 175 229 210 117 212 70 175 78 217 11 246 6 81 203 89 225 74 104 163 189 111 130 199 235 79
115 64 102 27 201 226 214 220 122 227 164 119 219 140 129 106 121 84 221 216 171 88 105 232 60 150 44 127 52 40
106 99 42 249 233 75 70 160 105 187 150 58 135 16 2 9 209 126 203 200 167 143 198 147 209 16 142 150 190 88
243 246 181 183 102 147 29 234 25 82 101 153 230 29 209 207 143 141 224 119 104 236 178 29 204 194 152 98 210 82
180 142 182 238 210 178 63 116 13 189 154 3 101 69 126 88 228 213 79 130 13 161 191 213 205 25 51 18 155 18
0 3 21 23 26 30 32 42 36 30 16 15 15 14
3 0 21 22 25 29 30 40 34 28 15 13 14 15
21 21 0 7 8 16 26 40 39 40 26 24 30 33
23 22 7 0 4 11 22 35 35 38 24 23 29 35
26 25 8 4 0 9 22 35 37 40 27 26 32 38
30 29 16 11 9 0 16 28 31 37 26 26 32 42
32 30 26 22 22 16 0 15 18 27 21 21 27 42
42 40 40 35 35 28 15 0 13 27 29 29 33 50
36 34 39 35 37 31 18 13 0 15 21 22 25 42
30 28 40 38 40 37 27 27 15 0 16 17 16 32
16 15 26 24 27 26 21 29 21 16 0 3 8 23
15 13 24 23 26 26 21 29 22 17 3 0 8 23
15 14 30 29 32 32 27 33 25 16 8 8 0 19
14 15 33 35 38 42 42 50 42 32 23 23 19 0
