12
30
246 167 32 17 222 105 90 82 8 164 144 107 71 199 59 11 214 113 99 100 231 28 91 174 165 33 165 24 214 8
236 77 3 134 59 67 12 192 38 111 140 168 76 156 140 178 194 216 143 3 74 227 206 186 76 75 60 184 51 240
223 9 48 161 118 113 157 245 63 22 123 124 235 84 136 144 200 191 183 127 24 208 165 244 201 169 90 120 112 182
101 173 248 67 114 118 142 205 81 151 33 92 90 244 68 133 86 51 108 146 191 157 73 75 82 100 5 214 29 65
206 78 232 3 3 138 34 237 113 59 90 41 139 144 25 44 83 243 96 118 104 112 162 150 8 209 61 232 67 148
145 241 33 150 167 218 243 133 21 197 181 151 58 78 92 178 175 42 5 248 162 52 238 189 224 147 80 24 230 60
128 46 195 10 2 224 154 30 19 29 207 226 107 158 68 34 62 205 37 213 183 116 148 165 119 189 136 132 207 87
142 204 39 222 181 243 242 226 44 233 159 95 93 85 225 63 64 53 27 247 130 158 114 7 52 206 162 27 2 243
71 19 225 138 46 158 18 175 27 119 69 242 134 30 20 245 8 205 233 156 109 38 100 182 114 246 69 32 2 189
249 177 166 222 149 150 39 132 103 148 201 56 2 226 104 174 80 19 31 143 62 231 115 143 139 158 130 1 210 190
127 85 230 215 228 201 153 143 55 42 102 101 193 171 83 92 241 57 131 130 212 49 70 247 118 114 175 199 182 115
117 96 174 148 160 246 3 55 144 70 206 239 52 193 201 233 49 174 207 8 72 234 41 61 159 97 144 215 186 8
0 9 17 26 24 43 49 43 35 30 36 42 23 17
9 0 10 21 21 38 44 39 32 29 37 44 26 21
17 10 0 20 23 37 43 40 33 33 43 50 34 29
26 21 20 0 8 19 25 22 15 19 31 39 29 28
24 21 23 8 0 21 27 20 13 13 24 33 23 23
43 38 37 19 21 0 8 10 12 23 33 41 40 41
49 44 43 25 27 8 0 14 18 29 39 46 46 47
43 39 40 22 20 10 14 0 9 18 26 33 35 38
35 32 33 15 13 12 18 9 0 12 23 31 29 31
30 29 33 19 13 23 29 18 12 0 14 22 19 21
36 37 43 31 24 33 39 26 23 14 0 10 17 23
42 44 50 39 33 41 46 33 31 22 10 0 21 27
23 26 34 29 23 40 46 35 29 19 17 21 0 8
17 21 29 28 23 41 47 38 31 21 23 27 8 0
