12
10
134 224 201 20 73 239 212 171 209 200
55 238 108 58 17 119 94 93 242 167
175 181 91 127 8 161 145 47 175 121
12 243 10 240 85 201 218 18 36 249
8 214 163 167 77 139 149 120 144 215
237 43 233 91 153 146 128 186 18 27
33 13 37 84 86 250 128 71 195 177
38 194 18 40 120 98 165 204 89 52
115 28 65 29 245 210 79 214 85 209
93 73 11 164 68 78 39 174 33 179
157 179 238 180 95 221 89 235 58 235
52 98 102 217 153 41 141 161 204 149
0 5 15 17 41 45 36 35 33 29 26 21 20 17
5 0 11 14 37 41 33 32 30 26 23 17 19 18
15 11 0 10 28 33 26 26 23 19 17 10 21 25
17 14 10 0 27 38 33 34 30 26 24 18 29 31
41 37 28 27 0 26 28 32 29 27 29 27 43 50
45 41 33 38 26 0 11 16 15 17 21 26 36 47
36 33 26 33 28 11 0 7 5 9 12 18 26 37
35 32 26 34 32 16 7 0 5 9 11 17 22 33
33 30 23 30 29 15 5 5 0 6 9 15 22 33
29 26 19 26 27 17 9 9 6 0 5 10 21 31
26 23 17 24 29 21 12 11 9 5 0 8 17 27
21 17 10 18 27 26 18 17 15 10 8 0 17 25
20 19 21 29 43 36 26 22 22 21 17 17 0 13
17 18 25 31 50 47 37 33 33 31 27 25 13 0
