5
28
24 21 100 38 16 100 26 69 83 76 72 4 25 88 66 72 92 57 2 81 75 51 27 13 47 80 77 97
87 49 33 79 30 62 59 11 62 63 83 56 47 16 20 17 18 57 91 32 81 11 29 78 84 31 83 80
23 9 43 11 24 81 57 64 91 52 1 58 24 36 61 19 24 69 12 17 91 90 12 46 26 76 21 62
41 99 29 62 77 28 59 50 63 94 95 2 48 55 29 28 100 10 34 6 34 87 89 54 80 24 20 16
88 16 56 39 91 75 79 81 97 84 19 49 24 39 30 86 91 13 95 1 1 62 62 92 69 74 16 99
0 17 13 22 22 19 14
17 0 8 22 24 25 25
13 8 0 16 18 19 19
22 22 16 0 4 10 16
22 24 18 4 0 7 15
19 25 19 10 7 0 10
14 25 19 16 15 10 0
