5
28
69 50 39 74 92 38 26 13 38 31 57 83 41 99 93 68 70 71 22 27 90 73 95 36 23 25 54 13
68 2 72 54 80 71 60 93 27 37 70 84 25 82 6 43 22 80 59 49 14 74 93 11 42 41 46 33
94 10 32 71 1 1 14 12 37 62 5 90 85 90 88 36 46 8 5 89 66 51 22 34 77 61 22 48
85 32 3 82 84 87 73 90 69 11 14 40 65 32 68 54 51 45 1 52 67 13 81 12 67 55 98 47
40 62 13 26 30 40 55 46 62 76 30 7 100 39 5 100 63 98 36 45 12 7 94 32 96 57 40 52
0 15 12 13 13 13 14
15 0 10 21 23 24 25
12 10 0 13 15 17 19
13 21 13 0 4 7 8
13 23 15 4 0 4 6
13 24 17 7 4 0 3
14 25 19 8 6 3 0
