5
26
34 3 44 49 83 2 41 10 13 46 49 3 51 73 70 54 18 69 14 72 100 95 19 57 2 62
30 58 45 39 46 23 31 69 22 54 92 57 63 42 87 54 97 27 11 70 42 80 8 24 39 55
40 46 86 68 18 25 57 72 84 32 51 49 95 43 55 42 7 18 46 23 29 31 67 35 66 83
16 93 29 23 25 62 88 90 37 49 42 84 15 88 10 28 40 20 81 19 28 6 20 56 97 38
95 39 1 17 7 39 92 92 6 55 85 68 80 1 26 21 61 12 43 59 37 98 47 46 18 4
0 11 19 21 25 18 11
11 0 11 12 22 16 10
19 11 0 3 18 14 13
21 12 3 0 18 16 15
25 22 18 18 0 9 16
18 16 14 16 9 0 8
11 10 13 15 16 8 0
