5
26
47 55 29 4 14 66 38 11 40 89 4 22 7 35 88 58 18 3 32 31 43 47 4 9 56 82
76 95 49 22 59 43 2 29 1 98 35 88 80 61 3 39 27 11 54 62 28 95 100 47 91 36
99 12 90 72 21 58 19 63 26 26 51 86 39 26 51 17 63 85 27 52 54 60 11 63 40 82
73 47 90 100 15 94 92 15 99 61 7 71 84 78 34 16 6 35 88 17 29 47 72 67 88 8
91 75 65 65 62 82 1 93 95 91 46 22 59 36 47 95 6 30 28 95 99 30 2 82 81 17
0 7 16 16 18 15 12
7 0 14 10 12 13 13
16 14 0 14 16 25 25
16 10 14 0 4 17 19
18 12 16 4 0 17 20
15 13 25 17 17 0 6
12 13 25 19 20 6 0
