5
28
55 85 88 87 42 47 67 85 94 67 90 79 5 17 20 81 41 22 22 23 87 34 23 51 51 97 67 76
38 35 88 62 99 22 78 98 32 100 87 82 9 36 41 51 19 92 45 45 67 10 12 14 90 93 72 26
14 74 70 21 3 71 2 42 2 86 26 9 67 66 64 44 18 17 28 58 69 2 100 90 69 25 37 54
78 85 52 90 100 48 42 22 68 70 10 89 66 81 44 16 48 43 45 75 25 64 89 91 92 92 57 20
9 64 46 80 63 5 9 19 93 19 6 79 86 90 48 83 91 7 43 20 76 42 71 60 88 14 34 70
0 4 4 8 24 11 4
4 0 3 8 25 13 6
4 3 0 7 25 13 6
8 8 7 0 21 14 7
24 25 25 21 0 18 21
11 13 13 14 18 0 9
4 6 6 7 21 9 0
