5
28
77 32 12 7 57 52 46 72 11 45 97 83 88 13 92 69 5 45 62 31 87 35 42 78 24 51 65 1
57 1 76 54 14 17 2 40 77 83 91 84 5 76 26 41 53 93 43 87 28 85 50 6 79 14 30 70
97 86 11 77 84 40 3 42 17 45 1 19 89 6 61 21 14 77 84 11 51 12 84 24 17 98 40 94
10 64 57 3 49 70 15 96 91 56 92 100 99 99 9 27 68 57 53 61 45 35 94 6 45 63 85 56
1 48 85 13 71 29 6 81 72 66 72 22 37 63 10 64 37 96 28 40 67 15 3 90 11 92 41 27
0 10 7 9 14 18 9
10 0 6 9 20 25 17
7 6 0 5 15 21 13
9 9 5 0 13 21 14
14 20 15 13 0 10 11
18 25 21 21 10 0 11
9 17 13 14 11 11 0
