5
30
5 50 95 91 46 46 75 83 29 97 4 30 32 72 33 85 64 24 77 93 32 76 59 54 19 80 13 27 71 61
4 99 31 65 69 50 96 39 99 97 58 91 75 95 7 66 67 69 64 61 63 52 41 39 13 58 93 21 85 37
74 62 95 61 64 74 56 91 96 78 2 56 12 23 54 62 6 67 79 35 92 87 67 22 96 95 63 83 30 76
67 77 5 15 20 16 3 59 76 97 3 63 21 47 82 6 72 77 10 5 38 63 5 97 86 97 41 97 62 82
96 2 24 62 43 17 95 35 62 59 86 66 17 48 3 13 77 2 23 24 34 27 25 49 49 92 40 72 35 58
0 16 22 17 13 15 5
16 0 15 18 17 24 20
22 15 0 11 13 21 25
17 18 11 0 5 11 19
13 17 13 5 0 10 16
15 24 21 11 10 0 16
5 20 25 19 16 16 0
