5
28
73 65 63 77 99 41 55 92 95 34 63 97 27 96 16 55 95 87 51 39 84 37 100 99 27 72 93 13
30 10 85 73 70 40 44 43 35 63 46 73 16 47 69 73 21 3 62 63 55 48 76 24 8 30 79 93
24 67 49 18 4 21 52 86 70 8 66 46 49 42 22 27 86 49 84 49 86 7 30 97 56 50 13 87
90 57 82 36 83 29 24 42 25 54 9 81 41 65 51 57 16 11 98 87 50 66 43 91 12 66 81 89
18 64 76 50 57 40 77 58 33 78 52 74 48 28 82 41 3 66 18 10 50 41 44 22 23 64 39 31
0 13 12 16 14 12 11
13 0 5 21 22 23 19
12 5 0 17 20 21 20
16 21 17 0 8 14 25
14 22 20 8 0 8 22
12 23 21 14 8 0 17
11 19 20 25 22 17 0
