6
26
73 30 67 92 29 83 13 45 80 25 31 92 50 93 62 98 89 28 90 100 5 54 72 50 97 66
19 99 41 18 82 8 57 83 62 7 79 13 99 32 93 86 89 23 81 86 20 55 36 88 34 91
62 81 39 72 75 96 96 1 59 22 85 39 58 53 45 16 98 27 67 40 40 13 78 63 84 87
6 100 34 60 82 23 14 24 95 8 72 50 78 46 80 94 14 93 52 8 75 23 3 42 93 50
100 26 75 26 14 27 6 18 45 19 56 24 56 14 18 20 34 42 87 81 18 49 74 44 54 62
45 83 9 42 50 54 65 34 19 77 6 48 3 65 43 84 84 53 72 42 6 80 10 56 14 32
0 9 25 22 16 17 17 16
9 0 19 15 9 11 12 12
25 19 0 8 16 21 22 23
22 15 8 0 10 15 16 17
16 9 16 10 0 7 7 9
17 11 21 15 7 0 2 4
17 12 22 16 7 2 0 4
16 12 23 17 9 4 4 0
