6
30
44 75 13 49 23 3 61 34 41 76 24 87 21 82 11 22 44 50 69 66 48 94 72 91 66 52 80 54 47 73
68 50 70 72 79 56 36 40 84 35 56 29 4 24 14 43 95 41 75 31 89 18 9 58 94 24 38 32 29 51
63 41 57 51 64 42 3 27 22 59 60 21 4 71 75 4 18 73 17 82 11 22 48 64 56 29 30 71 89 85
78 26 87 68 15 14 51 71 73 53 51 75 58 64 59 70 44 73 96 73 53 81 40 38 72 34 62 86 84 67
34 56 62 9 33 9 25 20 9 7 45 98 87 6 14 98 98 83 99 56 40 84 33 68 74 26 74 31 79 60
85 14 8 60 71 1 54 28 93 81 70 55 88 97 11 86 94 20 100 37 24 50 32 74 18 6 74 57 3 60
0 14 22 23 25 25 9 4
14 0 12 13 23 23 18 15
22 12 0 3 17 18 24 22
23 13 3 0 16 17 24 23
25 23 17 16 0 3 22 24
25 23 18 17 3 0 21 23
9 18 24 24 22 21 0 6
4 15 22 23 24 23 6 0
