6
20
45 59 86 52 80 98 2 9 46 29 44 77 44 99 2 60 95 97 39 39
15 97 38 35 59 7 86 14 65 60 28 18 53 43 20 38 15 98 87 40
13 64 66 86 46 81 93 89 10 36 9 5 54 57 75 64 24 2 50 33
25 78 72 22 94 1 84 25 84 20 45 45 43 54 86 41 26 44 6 50
48 92 9 60 70 45 57 14 6 4 50 63 22 15 44 19 25 53 65 43
91 72 97 58 60 62 29 32 22 43 83 96 93 73 38 5 62 90 90 55
0 4 8 9 19 21 22 25
4 0 5 8 19 21 22 25
8 5 0 7 19 21 22 25
9 8 7 0 14 16 17 21
19 19 19 14 0 4 5 8
21 21 21 16 4 0 3 6
22 22 22 17 5 3 0 5
25 25 25 21 8 6 5 0
