6
24
20 20 20 86 47 51 24 21 14 53 84 64 80 22 75 92 38 14 23 33 77 89 74 39
70 55 97 60 57 95 75 10 75 91 96 91 91 99 67 39 15 28 47 88 37 3 5 34
3 14 34 94 78 60 80 22 32 21 37 53 50 89 80 76 38 37 29 11 64 81 7 43
70 13 20 99 40 95 89 54 93 40 100 84 46 28 6 38 79 70 61 39 46 54 69 63
15 85 24 73 35 23 83 85 60 53 100 18 90 63 59 74 7 16 51 61 84 85 93 74
51 38 59 58 76 79 87 64 71 83 96 74 76 82 87 37 100 20 64 26 50 90 100 24
0 7 11 17 13 17 11 10
7 0 6 11 7 15 16 13
11 6 0 7 4 15 20 17
17 11 7 0 7 18 25 22
13 7 4 7 0 14 20 19
17 15 15 18 14 0 18 25
11 16 20 25 20 18 0 16
10 13 17 22 19 25 16 0
