6
24
55 79 47 27 24 90 28 51 68 98 80 61 13 5 91 27 94 11 29 13 29 76 95 80
98 28 21 24 37 95 74 79 41 38 58 17 87 29 78 35 60 85 66 13 99 7 30 35
22 55 9 8 78 100 72 88 28 61 41 70 30 18 88 23 80 24 34 73 40 22 65 19
85 9 42 77 67 69 6 56 48 57 10 100 91 53 68 73 67 97 43 64 70 1 55 2
61 79 2 41 9 81 31 3 19 90 51 95 40 34 38 49 58 61 1 52 26 84 92 35
10 3 76 54 50 61 61 97 92 16 5 4 48 96 64 2 24 21 68 20 76 100 41 8
0 8 14 13 13 19 15 9
8 0 13 16 18 24 21 16
14 13 0 11 17 22 25 20
13 16 11 0 8 12 19 14
13 18 17 8 0 7 12 9
19 24 22 12 7 0 15 14
15 21 25 19 12 15 0 7
9 16 20 14 9 14 7 0
