6
26
65 18 37 61 51 98 36 51 41 32 40 42 2 52 1 32 48 70 58 16 8 86 40 55 25 37
40 90 3 20 8 25 88 75 88 55 53 21 16 94 17 89 100 37 26 84 7 92 59 7 37 55
7 15 39 19 54 61 45 33 19 46 69 71 71 41 99 89 27 72 52 53 93 70 24 70 27 69
49 76 49 17 92 41 88 38 9 90 80 48 57 95 5 49 3 78 99 65 91 23 54 73 97 31
74 27 100 55 63 85 10 75 25 71 32 3 19 11 76 2 40 26 60 41 41 28 19 31 70 14
54 68 62 48 82 84 74 10 90 88 40 31 68 17 80 92 31 68 4 79 88 41 13 83 3 86
0 5 20 18 12 9 12 8
5 0 20 20 15 12 16 10
20 20 0 19 16 20 23 25
18 20 19 0 8 11 11 18
12 15 16 8 0 6 9 14
9 12 20 11 6 0 6 9
12 16 23 11 9 6 0 10
8 10 25 18 14 9 10 0
