6
20
87 22 75 50 13 15 45 26 44 58 89 8 19 89 93 5 70 36 65 56
64 25 42 24 43 75 94 16 44 40 82 83 27 74 17 5 51 25 91 25
47 93 68 29 53 61 28 78 4 22 94 62 61 93 77 1 63 18 87 56
73 40 43 82 71 21 57 87 17 85 79 31 84 37 16 83 47 98 100 61
84 61 68 30 60 81 22 68 55 7 76 76 47 74 27 65 57 31 17 3
35 66 67 77 14 99 8 67 55 25 76 54 77 63 39 90 24 62 28 37
0 13 7 6 5 8 16 15
13 0 12 18 17 20 25 24
7 12 0 8 10 12 21 20
6 18 8 0 5 7 16 16
5 17 10 5 0 4 13 12
8 20 12 7 4 0 11 11
16 25 21 16 13 11 0 3
15 24 20 16 12 11 3 0
