6
22
19 97 35 61 89 55 59 21 98 49 54 59 12 94 82 57 91 62 67 100 76 1
44 25 70 69 22 33 59 49 50 29 53 51 47 90 58 40 49 54 7 12 18 28
20 23 40 41 38 20 70 97 22 69 88 65 95 43 67 61 35 26 95 65 9 67
9 42 62 54 52 84 57 86 9 66 19 34 47 32 81 19 48 58 62 17 3 26
95 70 32 90 29 11 25 36 81 51 82 38 79 51 83 31 77 72 50 55 100 66
40 10 40 22 65 36 43 91 37 95 81 92 19 68 10 24 67 40 85 93 26 36
0 13 15 20 22 25 15 7
13 0 9 13 13 20 17 15
15 9 0 7 9 13 12 14
20 13 7 0 4 8 14 19
22 13 9 4 0 9 17 21
25 20 13 8 9 0 17 24
15 17 12 14 17 17 0 11
7 15 14 19 21 24 11 0
