6
28
87 62 49 97 22 67 23 9 85 10 59 67 57 64 53 33 41 62 4 36 58 15 91 3 76 28 13 4
50 74 49 42 83 55 95 52 12 66 47 75 27 37 93 10 14 61 18 97 23 85 61 83 47 39 59 21
48 54 40 23 93 100 97 44 70 93 39 28 28 54 43 99 23 5 96 60 7 26 30 4 50 63 44 32
82 7 12 13 8 55 35 11 67 69 44 78 54 63 58 37 97 60 33 35 6 65 84 22 55 5 100 84
83 47 95 38 30 53 42 8 56 71 4 43 31 32 63 31 41 78 58 16 68 4 39 6 47 50 33 2
30 56 15 58 13 86 90 88 23 72 47 60 43 36 83 84 72 70 50 68 11 86 16 54 1 8 49 1
0 8 12 17 21 24 19 9
8 0 8 12 14 20 14 13
12 8 0 8 16 25 20 19
17 12 8 0 11 23 19 23
21 14 16 11 0 15 12 23
24 20 25 23 15 0 7 22
19 14 20 19 12 7 0 17
9 13 19 23 23 22 17 0
