6
28
100 42 33 53 25 15 66 95 16 31 78 70 25 60 38 10 33 8 88 57 3 71 29 48 77 13 97 82
64 24 47 17 93 95 10 18 85 24 33 1 26 37 47 75 87 46 28 3 56 44 42 16 77 74 74 76
42 18 87 14 43 86 20 9 58 68 11 13 9 96 51 36 88 87 94 95 62 50 51 70 32 46 31 87
84 63 83 42 20 81 79 67 83 75 57 37 58 7 82 98 80 25 7 26 91 14 14 59 64 54 80 51
31 28 58 33 13 59 81 89 73 91 38 4 78 40 90 87 79 30 4 70 49 55 42 18 66 55 10 21
47 96 28 15 67 47 7 79 57 36 65 1 58 56 11 18 46 66 44 1 42 89 13 59 40 74 52 8
0 6 3 5 21 14 12 7
6 0 6 8 25 17 12 10
3 6 0 3 21 16 13 8
5 8 3 0 20 16 14 9
21 25 21 20 0 21 25 20
14 17 16 16 21 0 8 9
12 12 13 14 25 8 0 8
7 10 8 9 20 9 8 0
