6
26
46 12 82 89 60 33 11 89 51 2 2 30 62 48 80 72 20 98 100 49 44 46 3 54 78 11
77 58 34 62 15 43 46 90 75 90 59 63 45 46 91 75 78 79 55 25 14 78 71 19 20 47
39 76 67 19 22 7 34 75 5 98 11 1 5 62 33 36 62 75 26 12 47 9 78 85 61 29
45 52 96 68 95 65 73 9 43 62 13 84 88 7 19 96 80 11 68 96 65 2 49 44 32 98
60 26 18 51 50 89 5 45 5 99 15 22 39 84 1 84 12 60 3 6 26 1 97 77 40 77
48 72 72 11 65 70 11 77 82 95 9 39 53 25 44 44 41 9 50 23 40 68 89 97 24 95
0 8 6 23 18 20 9 4
8 0 7 22 19 22 13 10
6 7 0 19 14 17 8 9
23 22 19 0 10 13 20 25
18 19 14 10 0 6 13 20
20 22 17 13 6 0 14 21
9 13 8 20 13 14 0 9
4 10 9 25 20 21 9 0
