6
28
76 21 26 20 25 100 63 26 74 20 34 77 54 61 73 28 2 56 27 30 82 24 41 59 30 44 36 10
70 92 75 91 90 87 91 20 39 61 75 60 59 47 58 26 56 6 93 87 48 64 67 30 37 14 33 90
33 3 97 81 63 69 65 63 79 30 4 92 31 99 15 39 91 10 98 73 55 63 63 7 87 51 44 70
62 11 83 38 36 69 17 63 99 22 65 73 3 31 14 55 74 87 21 56 65 79 62 66 68 43 58 96
100 26 49 80 95 34 78 82 78 15 89 40 24 89 49 46 58 71 82 71 61 45 98 15 60 19 24 70
19 1 11 42 47 96 4 1 65 58 66 35 46 9 85 30 25 8 89 1 38 77 90 57 56 84 10 51
0 4 5 16 22 23 17 16
4 0 6 19 25 25 19 18
5 6 0 15 24 25 19 19
16 19 15 0 20 22 17 22
22 25 24 20 0 4 8 12
23 25 25 22 4 0 8 11
17 19 19 17 8 8 0 7
16 18 19 22 12 11 7 0
