6
28
84 8 77 99 41 77 63 88 92 9 49 38 29 91 42 95 58 12 31 29 86 63 38 70 31 21 23 78
70 3 43 2 49 16 7 60 1 80 68 51 78 82 32 39 49 45 41 22 69 48 88 34 30 84 84 11
60 84 59 4 40 87 65 74 7 28 18 16 69 69 96 77 21 99 8 16 2 2 73 34 42 95 68 16
11 37 14 31 55 52 4 95 35 7 89 1 59 68 35 18 75 72 56 47 85 58 87 44 4 96 93 66
62 98 66 6 18 98 99 79 53 7 63 90 97 95 83 13 69 72 2 95 85 77 48 56 36 15 26 9
81 94 29 42 80 6 2 32 86 5 60 48 62 83 8 69 48 29 65 60 92 12 42 40 53 84 90 62
0 6 14 12 14 19 9 4
6 0 10 8 10 19 12 8
14 10 0 5 11 25 21 16
12 8 5 0 9 22 18 14
14 10 11 9 0 17 17 15
19 19 25 22 17 0 13 17
9 12 21 18 17 13 0 7
4 8 16 14 15 17 7 0
