6
26
78 57 54 92 47 77 79 50 76 64 82 39 75 34 56 56 98 16 68 78 58 39 68 69 8 87
68 14 60 1 43 36 24 86 89 31 4 87 42 68 7 29 77 36 60 10 77 95 63 80 57 38
71 35 22 45 43 45 75 39 98 18 95 76 20 64 18 24 82 8 43 99 95 83 9 55 35 82
50 35 92 34 92 75 37 22 99 82 1 98 55 47 74 100 93 66 67 29 21 13 93 10 83 59
37 84 42 94 28 26 38 31 97 75 19 80 17 71 55 19 90 93 35 12 14 73 88 10 94 69
62 76 88 91 76 58 98 46 34 69 63 74 64 13 8 22 31 93 9 13 50 47 79 20 22 41
0 16 25 24 21 13 16 14
16 0 15 17 15 12 19 20
25 15 0 8 8 15 18 21
24 17 8 0 4 13 13 16
21 15 8 4 0 10 11 15
13 12 15 13 10 0 9 10
16 19 18 13 11 9 0 5
14 20 21 16 15 10 5 0
