7
14
85 48 14 83 61 65 41 11 30 19 24 24 29 12
3 2 42 18 64 21 34 37 88 22 38 13 80 49
63 80 27 66 30 12 50 49 96 28 78 39 87 61
24 76 21 42 11 19 25 98 76 100 71 53 74 28
97 29 5 10 63 98 23 45 82 15 25 19 72 98
79 8 71 80 3 85 78 97 58 59 13 28 74 45
63 81 22 11 91 45 35 13 37 78 77 88 19 38
0 8 11 19 21 15 13 6 6
8 0 11 18 25 20 17 9 8
11 11 0 9 18 14 10 7 7
19 18 9 0 17 17 13 15 14
21 25 18 17 0 8 10 18 19
15 20 14 17 8 0 6 13 14
13 17 10 13 10 6 0 10 11
6 9 7 15 18 13 10 0 3
6 8 7 14 19 14 11 3 0
