7
20
86 98 5 43 97 18 10 20 60 87 37 86 69 87 56 97 32 31 85 3
97 44 6 82 49 96 1 60 100 93 49 17 68 90 83 26 28 1 1 2
19 87 25 88 97 17 21 97 62 13 74 83 93 78 61 11 19 9 36 78
42 2 19 16 36 37 75 38 76 85 14 93 88 17 85 35 91 11 25 56
48 95 13 74 94 91 60 84 65 24 60 8 96 63 99 63 9 17 14 4
14 37 44 48 64 62 13 42 18 24 69 16 83 26 65 7 49 9 48 85
17 66 1 51 63 99 47 38 88 64 6 74 63 52 7 91 99 49 6 34
0 9 9 16 24 20 17 14 6
9 0 2 8 17 13 13 11 10
9 2 0 8 17 14 14 12 11
16 8 8 0 10 13 16 15 17
24 17 17 10 0 17 23 22 25
20 13 14 13 17 0 9 10 18
17 13 14 16 23 9 0 4 13
14 11 12 15 22 10 4 0 10
6 10 11 17 25 18 13 10 0
