7
28
48 77 26 90 20 33 16 54 80 2 98 98 75 42 67 60 11 58 10 59 100 48 89 47 11 86 35 57
23 10 65 62 26 82 17 19 31 1 60 25 73 7 10 39 92 94 68 5 48 61 8 44 85 23 90 95
51 36 56 96 1 25 63 13 69 39 55 94 33 54 43 43 99 42 78 45 78 71 47 89 34 88 37 61
43 4 10 71 53 57 46 77 95 8 58 47 15 7 80 16 37 96 61 1 41 60 93 36 34 23 10 23
65 33 64 34 21 97 77 71 55 47 47 59 30 19 72 19 3 77 59 38 16 31 39 68 31 87 71 46
7 68 73 50 58 46 61 89 77 96 22 69 22 17 89 7 66 28 11 5 58 91 55 80 94 35 61 17
52 98 49 78 31 87 17 18 33 75 79 17 96 78 53 21 33 73 33 49 59 8 25 72 56 54 12 37
0 6 10 8 17 20 16 12 4
6 0 6 5 17 22 19 14 7
10 6 0 6 17 25 23 17 12
8 5 6 0 14 21 19 13 9
17 17 17 14 0 15 15 10 16
20 22 25 21 15 0 5 10 18
16 19 23 19 15 5 0 8 14
12 14 17 13 10 10 8 0 10
4 7 12 9 16 18 14 10 0
