7
16
67 55 62 8 13 97 78 10 64 2 98 21 76 32 58 77
14 77 88 34 100 97 43 14 52 40 50 38 47 40 7 39
49 60 29 59 98 32 65 1 67 23 99 47 65 61 82 37
12 97 80 32 46 28 77 34 55 87 46 61 10 69 28 28
65 39 8 41 43 71 30 23 74 39 64 46 93 11 56 76
27 72 3 14 92 90 43 46 83 77 43 72 74 43 50 37
96 97 89 2 17 91 5 40 34 90 53 35 52 73 42 66
0 16 21 16 21 13 11 11 10
16 0 10 10 23 17 21 22 24
21 10 0 6 18 15 21 22 25
16 10 6 0 15 11 16 17 21
21 23 18 15 0 9 12 13 19
13 17 15 11 9 0 7 8 13
11 21 21 16 12 7 0 3 8
11 22 22 17 13 8 3 0 7
10 24 25 21 19 13 8 7 0
