7
26
64 59 90 31 54 28 86 32 85 99 27 43 44 24 36 86 1 97 73 52 100 65 53 1 68 53
91 70 29 52 31 22 96 38 23 20 12 43 70 47 64 54 34 83 25 86 21 63 85 62 90 72
27 11 74 73 49 88 61 51 62 70 64 13 86 66 15 69 74 84 8 87 49 21 71 61 91 5
32 45 60 66 100 77 1 27 31 26 5 22 13 71 7 14 74 38 100 57 52 38 58 50 17 62
22 96 18 34 52 67 62 39 42 14 77 40 15 1 74 96 7 81 13 45 32 39 47 91 82 45
22 81 27 57 23 58 88 43 73 12 8 92 42 70 11 61 34 100 53 85 72 47 94 80 13 68
63 58 86 81 53 22 97 13 31 90 82 4 78 14 67 67 64 74 66 87 65 48 75 57 36 29
0 9 10 14 18 17 16 6 6
9 0 3 6 12 11 16 10 13
10 3 0 7 13 9 14 10 14
14 6 7 0 8 11 19 15 17
18 12 13 8 0 17 25 21 21
17 11 9 11 17 0 13 15 21
16 16 14 19 25 13 0 12 20
6 10 10 15 21 15 12 0 9
6 13 14 17 21 21 20 9 0
