7
18
89 45 28 33 86 5 91 37 81 78 19 86 90 63 26 71 43 52
31 27 46 13 24 2 61 85 78 89 71 89 87 10 37 78 49 35
27 10 41 17 20 83 12 2 77 4 46 21 55 5 12 91 71 20
41 66 7 20 59 29 84 47 92 14 17 66 44 46 100 48 93 45
78 2 100 32 60 27 8 48 53 30 33 63 66 89 12 25 2 21
47 50 62 40 23 53 97 51 65 64 10 72 92 12 87 76 37 70
59 62 31 47 6 48 72 77 82 43 26 46 85 19 91 44 82 11
0 6 7 19 16 20 21 18 8
6 0 5 23 21 25 25 22 12
7 5 0 21 20 25 25 23 12
19 23 21 0 10 16 17 21 14
16 21 20 10 0 8 9 12 10
20 25 25 16 8 0 2 9 15
21 25 25 17 9 2 0 8 15
18 22 23 21 12 9 8 0 13
8 12 12 14 10 15 15 13 0
