7
30
76 93 87 38 45 53 82 91 47 15 99 1 14 75 64 2 70 91 74 4 72 71 12 75 22 46 66 90 17 61
3 5 35 72 44 68 57 89 90 85 71 8 40 54 89 48 87 21 81 85 17 86 78 86 65 18 36 70 63 85
54 59 76 55 40 45 23 10 89 69 41 18 48 88 25 82 97 97 41 31 45 24 21 7 47 78 61 35 43 79
66 56 50 87 60 75 35 97 91 32 69 10 40 29 48 30 39 38 62 80 16 13 74 14 97 91 44 50 66 76
84 86 74 66 10 39 8 78 8 89 70 79 69 73 91 78 81 98 91 38 23 3 99 12 14 34 4 19 65 97
89 5 40 85 16 82 60 71 96 68 93 87 27 61 75 52 64 99 3 69 88 46 19 88 1 51 7 47 37 74
36 90 89 13 1 24 92 55 64 59 59 70 69 5 24 96 52 65 96 87 4 30 28 79 9 1 8 20 28 13
0 8 8 11 16 25 23 23 14
8 0 2 5 12 22 21 22 19
8 2 0 5 13 22 21 22 20
11 5 5 0 12 21 20 22 22
16 12 13 12 0 11 10 12 20
25 22 22 21 11 0 4 9 25
23 21 21 20 10 4 0 6 23
23 22 22 22 12 9 6 0 20
14 19 20 22 20 25 23 20 0
