7
18
77 80 32 100 81 26 25 5 5 38 52 37 14 97 74 9 70 59
23 72 54 73 8 31 8 42 30 1 100 22 66 75 45 94 27 74
61 36 44 40 59 54 19 48 72 65 20 29 76 65 53 69 88 36
19 52 69 34 29 23 82 79 18 10 87 41 7 23 66 87 10 35
29 52 25 25 15 89 52 32 4 69 98 35 59 66 46 51 97 33
9 13 82 100 10 63 47 1 11 35 30 37 100 74 1 64 97 28
75 48 37 67 97 80 98 77 41 60 22 5 71 23 51 68 65 53
0 10 12 12 18 18 19 16 11
10 0 4 5 11 12 16 14 19
12 4 0 3 8 9 14 13 21
12 5 3 0 8 8 13 12 20
18 11 8 8 0 4 11 12 25
18 12 9 8 4 0 8 10 25
19 16 14 13 11 8 0 5 23
16 14 13 12 12 10 5 0 19
11 19 21 20 25 25 23 19 0
