7
24
75 6 90 17 32 33 46 80 86 97 2 4 100 43 82 40 94 88 47 43 43 93 51 25
82 39 41 54 77 1 47 38 86 30 20 31 11 100 33 67 99 6 11 67 54 51 46 54
97 85 37 81 98 55 93 15 47 72 87 54 66 37 79 51 26 24 3 59 37 29 31 52
78 30 1 88 7 18 82 83 63 50 26 3 41 33 17 80 98 97 68 78 72 47 11 61
49 4 15 4 12 71 88 50 67 94 35 8 66 74 80 66 39 7 78 60 42 99 58 71
88 24 11 61 62 34 21 10 11 18 6 15 29 78 55 79 18 46 15 47 3 99 84 51
61 42 5 20 49 32 29 28 21 44 31 48 2 100 51 40 84 61 15 17 35 89 26 38
0 11 11 17 17 25 25 22 8
11 0 4 12 9 16 16 14 5
11 4 0 9 8 16 17 16 7
17 12 9 0 7 17 18 21 15
17 9 8 7 0 11 12 15 13
25 16 16 17 11 0 4 12 20
25 16 17 18 12 4 0 10 19
22 14 16 21 15 12 10 0 16
8 5 7 15 13 20 19 16 0
