7
26
63 56 72 86 76 25 50 51 5 14 99 56 93 87 32 9 34 40 10 26 33 70 60 59 37 43
31 72 51 66 86 44 41 70 77 79 84 37 95 71 88 90 98 12 12 36 31 59 28 49 31 30
45 25 35 12 6 21 42 59 7 5 28 70 70 49 53 7 29 70 80 44 77 64 5 100 72 17
22 42 81 61 34 8 27 85 24 47 88 58 51 14 13 76 20 10 34 60 82 61 67 26 52 52
6 5 70 49 77 88 15 28 18 59 27 39 95 45 31 94 63 13 82 96 18 89 86 94 7 17
1 63 37 43 23 4 53 100 56 9 87 73 48 5 96 92 92 66 25 88 9 13 81 47 100 56
38 74 10 3 50 55 5 66 88 63 43 60 5 32 29 79 5 63 74 5 95 18 53 59 30 67
0 11 8 12 18 15 10 12 10
11 0 5 15 25 22 18 21 19
8 5 0 12 22 18 15 18 17
12 15 12 0 14 11 11 18 19
18 25 22 14 0 5 10 15 19
15 22 18 11 5 0 7 13 17
10 18 15 11 10 7 0 9 12
12 21 18 18 15 13 9 0 6
10 19 17 19 19 17 12 6 0
