7
22
14 41 44 65 63 14 21 44 86 20 58 35 4 33 32 63 89 16 31 3 92 91
97 26 29 9 77 65 52 82 82 43 53 63 84 85 86 35 5 99 75 12 29 18
17 45 86 81 77 43 22 63 73 53 65 75 16 15 61 22 21 44 46 33 54 53
13 6 91 5 19 40 17 86 59 94 92 17 20 18 87 69 99 3 100 86 9 80
36 60 12 25 9 79 55 65 99 53 40 97 51 92 100 78 72 39 70 70 57 62
30 58 94 7 1 20 71 44 72 16 23 95 89 83 73 84 26 99 25 49 17 93
85 93 36 63 57 91 45 18 89 24 66 51 17 85 48 11 18 89 7 38 32 16
0 6 15 9 8 17 23 23 16
6 0 10 7 8 18 24 24 18
15 10 0 10 13 21 24 25 22
9 7 10 0 4 13 18 19 14
8 8 13 4 0 12 17 17 12
17 18 21 13 12 0 8 7 4
23 24 24 18 17 8 0 4 11
23 24 25 19 17 7 4 0 9
16 18 22 14 12 4 11 9 0
