7
26
73 50 3 35 100 44 83 8 34 10 98 58 64 100 13 6 48 70 71 17 85 59 26 6 9 55
48 95 16 10 28 41 80 16 24 43 68 9 45 62 23 27 11 14 9 3 45 32 63 76 71 1
99 21 25 19 35 49 9 65 16 37 33 51 89 18 2 17 59 37 66 92 15 84 57 72 48 18
60 24 52 65 73 85 86 82 56 64 22 96 99 77 61 78 12 100 27 10 51 7 76 13 9 84
83 86 7 74 100 23 89 93 4 90 71 93 81 58 54 24 6 95 96 81 76 98 4 29 70 74
54 25 67 22 36 29 97 51 19 79 54 88 50 13 3 23 9 10 49 28 32 83 47 56 15 7
97 80 4 71 42 38 15 62 20 30 98 77 49 47 12 19 52 79 4 46 29 39 59 8 14 43
0 18 14 13 14 22 18 11 9
18 0 7 10 10 17 25 23 22
14 7 0 4 4 13 20 18 17
13 10 4 0 2 12 17 16 15
14 10 4 2 0 11 17 16 15
22 17 13 12 11 0 17 20 20
18 25 20 17 17 17 0 9 11
11 23 18 16 16 20 9 0 3
9 22 17 15 15 20 11 3 0
