7
20
3 31 70 82 7 25 91 89 76 40 47 28 14 74 85 26 97 13 15 75
68 28 100 70 34 88 70 58 94 35 17 93 64 53 79 76 63 86 57 10
80 11 100 77 87 61 84 50 40 85 23 41 25 41 89 28 41 92 92 64
91 12 69 42 21 76 62 53 82 56 45 89 92 64 74 29 22 35 12 46
97 11 37 14 86 11 69 60 79 28 26 67 9 35 78 88 15 57 88 97
12 84 79 10 91 7 38 68 64 54 34 4 9 100 33 70 36 75 25 19
64 8 1 54 11 10 86 6 1 86 7 56 75 63 13 17 58 7 73 87
0 18 24 20 19 18 17 9 6
18 0 8 4 5 21 21 20 19
24 8 0 6 8 24 24 25 25
20 4 6 0 4 21 21 21 21
19 5 8 4 0 19 19 19 19
18 21 24 21 19 0 2 12 14
17 21 24 21 19 2 0 11 13
9 20 25 21 19 12 11 0 4
6 19 25 21 19 14 13 4 0
