7
16
63 25 3 10 63 40 6 82 56 94 77 66 3 56 19 25
19 56 74 8 78 52 30 71 58 30 100 71 47 95 89 14
4 74 11 63 7 18 66 98 38 11 7 16 52 41 12 6
37 56 13 86 61 72 23 56 91 20 72 10 52 32 52 13
14 50 17 76 5 30 40 10 21 17 92 29 62 16 14 64
62 4 43 12 94 49 97 37 31 19 39 82 48 5 21 48
86 96 55 37 53 12 52 83 35 60 91 58 67 100 20 73
0 12 18 16 21 19 16 14 2
12 0 9 11 19 25 22 18 12
18 9 0 8 15 25 23 19 19
16 11 8 0 9 19 17 13 16
21 19 15 9 0 16 15 13 21
19 25 25 19 16 0 5 8 19
16 22 23 17 15 5 0 5 16
14 18 19 13 13 8 5 0 14
2 12 19 16 21 19 16 14 0
