7
18
95 97 74 83 27 60 51 47 91 55 37 2 6 41 53 37 95 78
68 23 67 57 34 66 1 27 9 32 77 69 27 12 94 1 45 21
2 76 51 59 80 25 28 63 39 7 62 64 74 1 43 13 59 51
43 63 12 5 84 4 46 8 76 78 65 41 23 10 78 99 73 98
14 100 6 10 100 89 74 48 45 77 89 71 27 70 18 12 82 25
63 93 27 65 27 4 27 17 10 60 90 7 2 59 30 73 92 91
12 43 65 24 3 66 91 27 36 78 40 45 50 53 2 48 88 39
0 14 9 11 13 14 16 11 11
14 0 10 14 22 24 25 22 22
9 10 0 5 13 15 17 13 13
11 14 5 0 10 12 14 11 12
13 22 13 10 0 4 5 5 6
14 24 15 12 4 0 3 5 6
16 25 17 14 5 3 0 7 7
11 22 13 11 5 5 7 0 2
11 22 13 12 6 6 7 2 0
