7
18
33 45 12 4 66 97 36 51 89 16 80 7 96 39 29 50 90 64
41 2 33 75 15 13 70 13 40 95 13 15 68 18 97 72 9 49
74 78 24 39 88 17 5 80 17 55 78 12 40 96 29 12 1 83
93 88 14 66 83 74 98 78 11 32 84 93 8 16 1 79 42 32
25 85 40 55 69 59 17 68 73 38 63 42 31 9 96 42 80 26
2 63 42 86 42 14 3 89 2 25 96 26 22 65 91 7 99 31
19 61 96 53 21 52 97 14 65 12 41 87 32 67 34 67 21 4
0 13 11 20 17 19 17 10 4
13 0 8 13 16 25 25 22 16
11 8 0 11 10 19 19 17 13
20 13 11 0 9 22 24 25 22
17 16 10 9 0 15 17 20 19
19 25 19 22 15 0 5 15 18
17 25 19 24 17 5 0 11 16
10 22 17 25 20 15 11 0 8
4 16 13 22 19 18 16 8 0
