7
28
18 88 99 89 65 59 84 99 76 78 30 90 53 17 1 4 67 45 5 95 9 43 95 81 11 70 67 77
87 99 81 75 28 17 95 77 60 55 57 89 26 17 27 91 100 57 91 38 19 100 92 82 71 13 44 73
91 35 83 100 64 12 45 74 74 69 71 14 11 40 78 99 95 54 30 32 80 14 35 32 37 36 58 92
91 80 99 28 77 63 62 49 23 45 89 53 1 19 86 71 75 30 25 1 94 23 16 88 62 91 77 70
99 91 87 12 19 22 4 60 99 50 98 35 33 57 22 83 45 25 78 35 15 55 4 65 3 82 94 23
14 91 32 89 97 48 39 6 4 67 97 64 99 95 10 8 51 81 99 10 47 20 69 84 100 6 62 3
92 17 75 30 94 48 82 84 98 62 42 52 68 65 16 89 51 36 74 83 7 29 61 27 16 82 51 32
0 3 17 18 24 23 25 13 10
3 0 16 17 22 21 23 12 10
17 16 0 6 14 19 23 25 23
18 17 6 0 9 15 19 23 23
24 22 14 9 0 10 14 25 25
23 21 19 15 10 0 6 20 21
25 23 23 19 14 6 0 20 22
13 12 25 23 25 20 20 0 5
10 10 23 23 25 21 22 5 0
