7
14
43 7 96 34 78 40 83 86 65 22 98 25 41 11
91 4 81 78 30 44 4 33 100 76 25 69 13 1
43 53 30 80 26 21 20 73 63 45 74 63 20 72
33 45 100 85 89 78 52 42 83 40 46 16 30 29
32 28 6 41 23 72 33 59 22 30 50 58 73 84
15 78 68 30 16 72 19 53 53 97 17 96 53 51
35 77 89 75 57 68 91 66 53 87 26 47 13 77
0 5 11 14 22 13 11 8 8
5 0 9 16 25 16 14 12 11
11 9 0 15 25 16 15 15 16
14 16 15 0 11 5 6 10 13
22 25 25 11 0 11 13 17 20
13 16 16 5 11 0 3 8 11
11 14 15 6 13 3 0 6 9
8 12 15 10 17 8 6 0 5
8 11 16 13 20 11 9 5 0
