7
16
91 74 85 36 11 80 70 39 79 26 3 22 36 85 87 73
53 73 27 83 75 67 96 32 66 55 41 3 78 51 29 73
26 68 85 86 16 85 74 78 73 61 59 82 80 12 2 94
92 39 27 79 51 46 94 24 37 57 49 34 70 28 3 52
71 35 85 58 46 27 96 83 42 17 29 29 7 68 27 99
76 90 72 41 4 17 6 37 42 40 34 1 56 67 20 59
15 95 29 55 97 75 84 46 96 6 47 91 72 87 79 13
0 14 13 4 9 12 14 10 4
14 0 9 17 22 24 25 21 16
13 9 0 14 19 24 25 21 15
4 17 14 0 7 11 14 10 5
9 22 19 7 0 9 12 9 8
12 24 24 11 9 0 4 5 10
14 25 25 14 12 4 0 6 12
10 21 21 10 9 5 6 0 8
4 16 15 5 8 10 12 8 0
