8
30
7 84 81 27 52 11 51 72 3 54 71 7 25 8 7 53 61 48 69 29 4 13 5 64 61 89 98 10 27 6
4 17 93 91 77 55 39 47 8 16 50 44 27 28 72 24 99 30 50 54 9 32 39 1 42 61 31 23 78 11
62 80 41 6 57 57 76 89 66 36 8 97 78 10 79 33 71 36 90 13 75 88 57 99 83 54 77 100 54 92
23 18 64 28 98 24 97 8 27 46 16 5 74 81 85 70 57 69 84 53 32 80 13 9 7 47 3 36 45 83
84 69 34 2 45 75 70 66 31 48 79 20 70 60 1 4 67 22 83 4 3 32 46 84 67 88 31 23 77 74
57 21 79 89 54 53 24 39 43 51 14 7 2 78 29 82 47 94 63 70 23 78 86 66 93 8 62 82 8 36
52 1 71 7 69 66 68 32 69 56 35 9 89 27 97 61 65 45 71 79 61 71 24 53 63 74 58 69 82 42
5 19 71 43 45 71 26 36 70 13 83 32 61 94 58 100 76 63 3 55 48 52 93 42 13 60 24 13 30 74
0 9 16 16 25 25 13 13 11 12
9 0 9 10 19 20 14 14 14 15
16 9 0 5 11 12 16 16 18 19
16 10 5 0 11 11 14 14 15 17
25 19 11 11 0 3 21 21 23 25
25 20 12 11 3 0 20 21 23 25
13 14 16 14 21 20 0 2 5 6
13 14 16 14 21 21 2 0 4 5
11 14 18 15 23 23 5 4 0 3
12 15 19 17 25 25 6 5 3 0
