8
28
23 45 26 88 22 66 12 84 14 28 77 12 23 41 57 68 57 13 36 84 14 74 28 12 14 69 32 55
62 73 7 41 50 45 7 100 100 88 3 74 75 64 42 60 15 45 58 88 25 24 24 71 95 61 57 13
100 58 35 20 41 86 36 86 91 30 77 90 22 5 98 61 85 53 10 28 48 64 97 77 18 17 26 93
63 62 1 53 47 37 94 52 31 97 38 84 96 43 65 51 28 69 83 30 40 82 32 56 42 80 5 96
76 54 100 99 84 45 96 1 81 93 34 27 77 80 21 60 43 49 39 55 90 86 25 96 66 48 24 10
24 85 74 78 19 58 41 82 27 74 96 54 58 91 18 46 89 55 65 43 62 89 91 97 95 5 2 64
6 99 56 35 55 51 36 31 46 57 89 95 46 13 87 5 26 56 63 54 56 4 8 61 90 87 42 76
8 27 11 70 18 43 87 100 42 23 67 21 59 79 99 3 47 29 44 3 84 62 42 91 63 80 9 78
0 8 10 9 12 8 10 15 15 8
8 0 4 11 15 15 16 20 16 11
10 4 0 11 15 16 19 23 19 14
9 11 11 0 6 10 14 22 23 15
12 15 15 6 0 10 15 23 25 18
8 15 16 10 10 0 6 14 19 12
10 16 19 14 15 6 0 10 16 10
15 20 23 22 23 14 10 0 12 11
15 16 19 23 25 19 16 12 0 9
8 11 14 15 18 12 10 11 9 0
