8
26
51 47 30 4 55 5 18 94 69 100 25 51 80 78 13 67 80 5 6 35 76 83 91 54 8 70
45 5 49 3 83 82 47 20 50 51 73 37 62 5 67 58 28 22 98 50 79 67 50 64 54 14
86 53 19 65 36 4 86 68 62 87 86 47 16 49 46 28 97 36 1 67 61 19 91 43 44 100
49 51 26 55 58 8 100 68 71 10 21 57 72 57 42 96 53 20 74 38 79 72 19 70 12 18
76 58 46 84 37 37 64 72 31 16 98 7 31 38 5 61 27 20 65 64 58 26 43 19 75 16
53 87 6 22 17 25 83 54 100 57 9 92 71 53 61 2 46 52 42 43 86 71 88 93 54 56
34 46 65 24 29 2 60 91 88 73 57 9 87 42 5 9 80 93 58 59 15 60 2 15 89 26
26 65 75 43 54 12 49 41 4 69 39 81 56 13 38 1 41 70 91 96 4 83 19 64 59 92
0 6 12 15 16 21 21 10 4 3
6 0 10 14 14 17 18 9 8 7
12 10 0 5 6 14 22 17 14 13
15 14 5 0 4 16 25 21 17 16
16 14 6 4 0 14 25 22 18 17
21 17 14 16 14 0 16 21 23 22
21 18 22 25 25 16 0 15 22 23
10 9 17 21 22 21 15 0 10 11
4 8 14 17 18 23 22 10 0 3
3 7 13 16 17 22 23 11 3 0
