8
14
87 47 54 72 24 31 33 38 5 73 92 75 46 94
59 74 28 89 47 74 94 23 20 23 55 34 21 28
2 83 96 21 73 50 45 89 4 26 70 15 18 27
28 19 95 35 33 26 83 53 63 90 14 3 72 61
3 76 1 34 92 12 47 80 43 55 7 5 66 16
71 70 23 83 74 66 57 56 100 64 66 16 43 61
92 59 59 8 88 85 30 41 55 45 32 29 80 78
23 17 33 19 41 2 71 59 94 54 40 69 6 58
0 8 8 10 15 16 12 7 12 5
8 0 5 10 15 22 18 13 16 9
8 5 0 6 12 20 17 13 17 10
10 10 6 0 7 20 16 15 21 13
15 15 12 7 0 20 18 19 25 18
16 22 20 20 20 0 6 14 20 17
12 18 17 16 18 6 0 9 16 12
7 13 13 15 19 14 9 0 9 5
12 16 17 21 25 20 16 9 0 9
5 9 10 13 18 17 12 5 9 0
