8
12
3 11 40 43 85 39 71 53 53 34 90 68
73 71 34 33 77 67 97 29 40 6 63 39
86 99 31 4 37 100 69 79 50 29 4 6
25 32 32 38 20 74 76 14 12 64 33 68
85 1 95 52 60 27 57 58 93 12 32 60
63 90 36 72 50 53 23 71 40 31 67 13
85 91 80 35 47 77 31 88 26 28 91 81
91 57 43 9 77 65 21 29 99 37 29 83
0 13 17 17 13 12 9 11 10 6
13 0 22 21 21 21 19 22 20 14
17 22 0 2 9 10 13 25 25 22
17 21 2 0 8 9 12 25 24 21
13 21 9 8 0 3 6 19 19 17
12 21 10 9 3 0 5 18 18 16
9 19 13 12 6 5 0 14 14 12
11 22 25 25 19 18 14 0 4 9
10 20 25 24 19 18 14 4 0 7
6 14 22 21 17 16 12 9 7 0
