8
14
96 27 13 54 48 32 75 33 12 52 35 68 91 32
85 5 100 31 2 85 21 29 52 40 30 71 34 34
92 1 52 71 32 60 93 75 9 18 69 32 80 29
10 31 14 87 82 22 50 36 100 88 22 58 48 12
5 8 91 28 15 25 29 60 49 74 30 14 97 60
95 88 17 26 53 31 87 76 25 26 3 10 79 92
79 79 50 59 74 61 33 15 81 25 3 52 92 3
41 36 30 79 17 3 74 1 9 75 61 58 4 84
0 12 19 20 17 17 12 12 13 4
12 0 12 13 7 8 9 10 14 11
19 12 0 3 12 16 19 21 25 19
20 13 3 0 12 17 20 22 25 20
17 7 12 12 0 6 11 13 17 16
17 8 16 17 6 0 8 10 14 15
12 9 19 20 11 8 0 3 7 9
12 10 21 22 13 10 3 0 6 9
13 14 25 25 17 14 7 6 0 10
4 11 19 20 16 15 9 9 10 0
