8
14
67 20 96 14 55 13 82 66 19 89 56 26 90 26
68 77 78 51 94 60 27 47 62 88 71 98 46 95
31 90 67 64 47 66 65 41 52 81 70 1 3 88
43 35 8 49 65 99 71 81 73 82 80 6 39 32
63 10 43 91 80 47 86 93 71 73 19 39 52 87
32 40 82 87 72 72 72 69 14 47 52 5 14 11
25 70 50 81 53 88 87 42 97 37 85 7 2 66
92 81 54 47 71 34 21 80 22 54 78 53 77 54
0 6 11 20 25 25 18 19 13 5
6 0 7 15 21 22 14 16 12 6
11 7 0 13 17 16 9 10 8 8
20 15 13 0 10 16 11 14 18 18
25 21 17 10 0 11 11 13 20 24
25 22 16 16 11 0 9 8 16 22
18 14 9 11 11 9 0 5 11 15
19 16 10 14 13 8 5 0 10 16
13 12 8 18 20 16 11 10 0 10
5 6 8 18 24 22 15 16 10 0
