8
20
9 46 93 32 66 6 61 44 18 76 72 76 24 83 74 97 82 19 48 60
10 25 13 9 30 88 44 22 32 2 99 13 79 77 9 78 16 56 75 37
26 61 9 95 9 76 78 29 81 24 69 71 81 86 37 17 56 26 55 3
35 10 38 64 23 32 6 73 64 10 30 39 53 50 86 40 14 100 67 71
33 51 100 19 84 48 75 10 97 30 42 26 57 4 89 28 49 97 31 77
95 22 2 90 65 46 4 79 98 8 34 34 4 43 41 14 3 73 77 59
67 97 32 11 35 72 77 85 76 74 65 7 82 100 43 41 81 12 17 42
31 80 99 19 33 87 33 32 35 81 10 80 15 32 27 8 42 53 63 58
0 10 13 15 24 25 17 19 11 5
10 0 6 10 16 17 8 15 11 10
13 6 0 6 13 14 10 18 15 13
15 10 6 0 13 16 14 23 19 17
24 16 13 13 0 5 13 22 24 24
25 17 14 16 5 0 13 21 24 25
17 8 10 14 13 13 0 11 12 14
19 15 18 23 22 21 11 0 10 15
11 11 15 19 24 24 12 10 0 7
5 10 13 17 24 25 14 15 7 0
