8
20
88 78 27 56 54 39 22 8 57 24 77 64 71 5 64 69 19 30 39 43
24 60 62 70 34 26 100 19 97 5 40 21 63 69 89 43 6 59 34 48
88 45 69 100 18 57 59 59 38 9 18 6 50 39 83 37 26 11 52 81
35 8 73 57 14 68 48 19 75 71 83 34 5 3 72 23 19 3 7 20
91 76 79 60 16 30 75 67 98 79 13 31 28 2 62 75 36 43 63 94
35 19 94 27 37 38 3 69 84 69 75 35 74 78 13 2 32 55 57 55
91 25 4 17 38 98 85 2 54 81 71 48 17 48 59 45 21 98 48 60
74 97 64 81 17 10 6 36 4 83 71 70 30 62 1 95 60 42 20 61
0 12 14 17 23 15 10 13 10 6
12 0 10 7 13 10 9 18 17 11
14 10 0 9 19 18 16 24 21 16
17 7 9 0 12 14 15 24 23 16
23 13 19 12 0 13 16 25 25 20
15 10 18 14 13 0 6 14 15 11
10 9 16 15 16 6 0 11 11 6
13 18 24 24 25 14 11 0 6 10
10 17 21 23 25 15 11 6 0 8
6 11 16 16 20 11 6 10 8 0
