8
26
23 58 33 85 65 59 68 92 16 56 21 95 49 66 46 96 68 67 93 6 44 13 88 64 83 46
36 68 80 57 31 1 29 12 85 59 10 50 93 44 93 58 16 87 31 64 79 63 4 31 48 100
54 40 25 18 72 71 99 100 99 24 39 90 15 33 61 19 42 49 44 32 56 32 60 37 75 10
50 19 79 43 91 42 98 80 28 4 72 37 46 79 1 71 72 26 51 95 23 24 4 75 67 50
87 37 38 50 98 33 85 97 96 11 74 25 68 41 28 55 25 49 88 78 64 91 98 95 53 100
20 51 70 24 12 45 91 64 23 94 67 30 95 8 27 78 80 55 87 76 70 69 92 59 98 28
71 43 32 48 72 91 78 28 11 28 86 90 15 100 77 67 14 91 94 54 59 80 88 98 32 57
86 51 83 72 61 20 32 77 18 43 57 55 56 6 90 84 97 12 1 99 54 68 94 74 21 37
0 11 15 16 23 24 17 13 6 5
11 0 7 6 13 14 8 7 11 14
15 7 0 5 12 12 9 11 15 18
16 6 5 0 9 10 6 9 15 19
23 13 12 9 0 3 8 14 22 25
24 14 12 10 3 0 8 14 22 25
17 8 9 6 8 8 0 7 15 19
13 7 11 9 14 14 7 0 10 14
6 11 15 15 22 22 15 10 0 5
5 14 18 19 25 25 19 14 5 0
