8
24
67 5 47 96 43 43 65 3 73 91 63 79 23 64 46 62 90 9 51 18 57 98 16 52
21 96 45 13 67 27 11 92 17 42 98 45 68 19 16 76 18 87 53 97 48 87 88 91
23 94 34 34 24 14 48 79 49 94 90 51 68 1 15 46 62 37 71 27 41 82 78 96
5 38 7 74 95 27 61 95 19 38 41 61 44 12 31 49 16 11 95 27 29 41 47 25
82 98 30 80 37 82 57 37 26 90 84 46 49 28 97 71 66 59 50 68 3 2 93 17
10 11 98 35 58 52 57 12 6 30 51 16 80 11 50 47 87 84 95 93 61 49 88 34
55 36 32 58 90 13 56 49 61 83 31 2 41 2 29 50 4 65 25 57 23 70 13 67
25 9 91 45 99 45 24 23 75 49 7 95 89 55 39 29 67 42 10 5 62 64 16 69
0 6 10 8 18 17 11 8 6 5
6 0 5 9 19 22 15 11 11 9
10 5 0 11 22 25 17 14 14 12
8 9 11 0 12 20 17 15 11 8
18 19 22 12 0 20 25 24 19 15
17 22 25 20 20 0 14 17 13 15
11 15 17 17 25 14 0 5 8 12
8 11 14 15 24 17 5 0 7 10
6 11 14 11 19 13 8 7 0 5
5 9 12 8 15 15 12 10 5 0
