8
16
7 88 64 17 12 83 62 30 21 21 33 39 14 10 84 8
90 61 10 63 84 73 78 46 74 52 15 90 24 96 41 26
6 100 85 11 43 9 80 97 37 47 18 55 41 28 58 20
99 38 23 55 54 34 62 59 86 90 37 50 45 27 87 13
82 57 83 25 92 76 91 49 42 60 30 47 6 50 13 28
78 84 18 1 7 54 11 39 14 31 76 39 63 91 25 60
25 73 7 36 38 17 37 19 22 84 45 79 52 47 27 61
32 45 83 46 85 46 66 57 38 43 92 87 97 41 93 84
0 8 14 10 13 14 12 13 10 6
8 0 13 13 19 20 16 16 13 12
14 13 0 8 16 20 24 25 23 18
10 13 8 0 10 13 19 20 18 13
13 19 16 10 0 5 17 19 19 13
14 20 20 13 5 0 16 18 18 12
12 16 24 19 17 16 0 4 6 8
13 16 25 20 19 18 4 0 5 9
10 13 23 18 19 18 6 5 0 8
6 12 18 13 13 12 8 9 8 0
