8
20
38 81 76 95 81 93 2 45 26 33 23 99 72 64 66 53 30 86 23 60
90 22 87 80 73 21 30 98 22 21 22 64 59 98 23 65 58 18 90 30
86 36 81 13 9 68 63 10 38 54 10 85 80 18 27 93 77 84 15 1
31 6 19 32 82 5 54 17 21 61 23 16 85 92 43 42 25 62 43 93
83 80 5 68 97 76 63 67 79 88 28 52 99 93 63 62 15 35 19 98
82 91 28 57 8 33 61 33 92 32 88 66 98 99 21 74 79 88 80 19
65 41 18 86 100 65 29 27 36 64 87 36 26 69 59 95 96 74 45 96
86 76 29 79 75 85 85 43 93 84 65 4 42 54 95 84 15 88 18 81
0 8 8 18 14 11 16 11 7 9
8 0 4 15 12 15 20 17 14 13
8 4 0 13 10 13 19 17 14 14
18 15 13 0 7 16 19 22 22 25
14 12 10 7 0 12 15 17 17 21
11 15 13 16 12 0 7 7 10 17
16 20 19 19 15 7 0 9 14 22
11 17 17 22 17 7 9 0 7 15
7 14 14 22 17 10 14 7 0 10
9 13 14 25 21 17 22 15 10 0
