8
22
90 96 100 4 13 63 64 8 33 13 79 60 55 4 70 62 37 29 43 24 13 49
78 90 98 72 89 9 51 12 47 38 25 9 2 89 8 76 94 14 35 56 9 67
58 2 84 29 73 11 46 67 32 36 74 44 61 64 45 76 43 15 91 52 64 37
89 45 93 67 6 38 10 31 44 22 29 78 34 86 52 44 71 80 77 28 5 91
9 60 87 25 86 82 75 47 40 8 81 32 28 36 1 44 36 92 52 84 5 20
17 69 45 72 73 20 14 83 48 10 33 5 45 84 71 40 79 37 86 5 43 27
73 64 96 56 40 53 66 3 26 98 88 79 93 27 71 33 36 30 20 62 76 95
90 88 40 5 40 32 34 20 81 25 81 99 9 24 58 4 55 94 1 33 80 38
0 10 21 22 25 24 24 19 15 14
10 0 14 15 21 21 21 18 14 15
21 14 0 3 11 14 14 14 13 17
22 15 3 0 10 13 13 14 13 17
25 21 11 10 0 6 7 10 13 16
24 21 14 13 6 0 2 6 10 13
24 21 14 13 7 2 0 6 10 12
19 18 14 14 10 6 6 0 6 8
15 14 13 13 13 10 10 6 0 5
14 15 17 17 16 13 12 8 5 0
