8
16
60 29 92 77 70 25 45 89 45 58 4 100 26 69 69 48
14 38 78 91 43 61 86 80 79 31 31 94 7 8 41 50
8 52 96 64 75 54 44 14 24 48 64 36 56 27 60 77
17 11 90 44 77 23 96 51 13 77 93 26 25 24 6 94
2 25 27 98 90 100 60 70 51 37 41 12 76 12 39 48
62 5 44 49 8 69 55 97 73 87 5 77 19 46 80 90
70 67 27 95 18 89 14 11 100 27 84 5 1 29 39 2
20 57 29 4 39 28 84 24 69 93 60 13 94 15 88 100
0 7 11 17 15 17 22 18 14 6
7 0 6 12 11 15 20 18 17 12
11 6 0 8 6 11 16 16 17 16
17 12 8 0 8 14 17 21 23 22
15 11 6 8 0 8 12 14 17 19
17 15 11 14 8 0 7 8 14 20
22 20 16 17 12 7 0 10 17 25
18 18 16 21 14 8 10 0 10 20
14 17 17 23 17 14 17 10 0 14
6 12 16 22 19 20 25 20 14 0
