8
14
48 85 74 54 72 75 30 21 60 58 59 37 8 61
4 31 37 36 10 27 73 100 58 36 69 27 37 93
78 93 68 48 17 92 9 46 90 75 58 65 70 56
53 41 28 38 98 37 72 91 72 78 70 59 93 8
73 11 82 75 78 21 7 96 15 33 28 19 68 66
21 92 95 85 61 87 13 11 28 2 40 56 14 77
87 38 58 73 37 43 87 34 60 26 56 64 89 41
11 4 69 14 65 42 35 72 71 68 11 4 22 26
0 12 14 7 6 18 18 16 7 12
12 0 4 8 14 23 23 24 16 21
14 4 0 10 15 23 24 25 18 23
7 8 10 0 7 17 17 18 10 17
6 14 15 7 0 13 13 12 6 16
18 23 23 17 13 0 3 8 14 25
18 23 24 17 13 3 0 7 14 25
16 24 25 18 12 8 7 0 11 21
7 16 18 10 6 14 14 11 0 13
12 21 23 17 16 25 25 21 13 0
