8
12
42 66 57 91 5 33 26 57 91 62 94 83
78 25 72 30 28 57 13 46 18 44 46 46
91 78 7 15 89 21 66 27 51 71 1 8
39 92 59 63 27 96 41 25 59 88 87 73
99 79 28 72 85 39 99 48 37 75 34 48
6 98 24 58 25 9 18 75 58 98 61 5
51 40 78 3 39 20 78 74 7 8 83 63
3 93 43 42 74 56 84 34 71 56 35 30
0 9 16 24 20 23 25 11 11 6
9 0 9 20 17 22 25 15 17 13
16 9 0 15 14 20 24 18 21 18
24 20 15 0 7 11 15 18 22 23
20 17 14 7 0 8 12 13 17 18
23 22 20 11 8 0 5 14 17 20
25 25 24 15 12 5 0 15 18 21
11 15 18 18 13 14 15 0 5 8
11 17 21 22 17 17 18 5 0 6
6 13 18 23 18 20 21 8 6 0
