8
16
61 12 55 45 42 16 38 95 33 26 59 79 77 38 37 78
40 42 92 84 13 8 39 61 53 15 49 8 80 100 66 62
59 84 81 83 98 29 69 38 30 92 44 70 77 52 58 85
81 52 1 82 61 44 84 97 19 48 56 96 53 8 22 11
92 23 8 8 32 87 71 53 64 81 11 13 35 24 8 10
86 76 8 42 10 5 54 57 47 43 35 82 44 10 80 84
18 80 11 80 83 13 2 19 42 12 83 61 11 48 100 11
88 25 10 35 50 50 61 65 6 90 23 58 53 17 25 21
0 4 9 7 8 9 14 18 13 3
4 0 7 7 8 10 15 20 15 5
9 7 0 9 12 15 19 25 21 11
7 7 9 0 5 8 12 21 16 9
8 8 12 5 0 5 9 18 13 8
9 10 15 8 5 0 7 15 11 9
14 15 19 12 9 7 0 15 12 14
18 20 25 21 18 15 15 0 7 16
13 15 21 16 13 11 12 7 0 11
3 5 11 9 8 9 14 16 11 0
