8
30
38 81 65 67 59 81 8 2 99 83 63 47 30 26 31 39 71 17 59 87 84 48 52 73 57 51 81 32 98 19
82 2 2 18 49 76 97 89 34 79 21 14 1 94 55 20 76 9 97 73 46 76 23 84 18 11 63 48 86 63
95 83 6 40 38 14 95 37 51 97 35 37 90 71 76 83 4 1 14 38 14 37 41 12 58 44 12 59 82 66
1 77 59 24 97 89 46 51 45 39 79 80 36 42 35 19 74 21 37 63 29 73 87 68 19 73 98 21 75 49
1 71 45 96 63 21 29 41 27 97 3 9 57 93 51 8 74 6 95 95 92 88 85 81 59 86 61 48 21 94
47 21 10 14 96 60 20 65 56 75 14 2 1 8 75 46 74 50 66 68 16 30 95 8 21 26 61 8 50 90
36 51 98 88 56 60 45 74 39 35 53 44 59 3 83 23 14 59 44 100 54 37 32 88 14 15 2 13 61 7
73 43 10 87 7 53 20 26 14 57 25 66 14 97 100 61 37 25 14 18 70 50 75 76 7 60 72 30 43 5
0 10 16 16 23 21 23 24 20 17
10 0 8 8 14 13 16 21 20 15
16 8 0 3 9 9 15 23 24 18
16 8 3 0 8 7 13 21 22 17
23 14 9 8 0 6 12 23 25 20
21 13 9 7 6 0 8 19 22 17
23 16 15 13 12 8 0 12 17 13
24 21 23 21 23 19 12 0 8 9
20 20 24 22 25 22 17 8 0 7
17 15 18 17 20 17 13 9 7 0
