8
12
28 75 24 49 21 44 56 6 3 73 85 43
38 77 15 67 22 78 56 79 8 3 29 59
44 76 61 56 55 13 85 47 34 64 46 17
29 60 19 53 45 76 87 91 46 5 3 91
69 9 15 33 92 100 18 87 70 36 24 86
32 90 96 93 41 71 4 44 61 26 88 25
15 65 50 62 96 32 69 75 86 15 86 77
59 3 11 40 57 63 37 98 5 67 70 29
0 13 18 20 24 25 21 19 14 3
13 0 6 10 13 13 9 16 14 14
18 6 0 8 9 9 5 16 17 18
20 10 8 0 7 9 11 23 22 20
24 13 9 7 0 4 9 23 24 25
25 13 9 9 4 0 8 22 23 25
21 9 5 11 9 8 0 15 17 21
19 16 16 23 23 22 15 0 7 18
14 14 17 22 24 23 17 7 0 13
3 14 18 20 25 25 21 18 13 0
