8
12
61 97 27 73 63 1 24 100 90 52 48 23
23 16 92 5 57 18 56 66 35 89 57 13
74 3 99 54 63 84 83 41 49 35 51 6
3 100 31 34 24 3 32 76 69 15 77 37
27 2 88 44 31 75 14 68 44 77 31 18
69 54 40 99 11 68 68 59 17 75 58 52
33 32 100 84 71 29 3 30 15 80 71 14
37 56 6 97 88 60 52 76 21 61 81 12
0 8 14 22 23 15 16 25 18 10
8 0 8 16 17 11 13 24 21 14
14 8 0 10 11 4 8 19 18 16
22 16 10 0 3 9 12 20 24 24
23 17 11 3 0 10 13 20 25 25
15 11 4 9 10 0 6 16 17 16
16 13 8 12 13 6 0 13 13 15
25 24 19 20 20 16 13 0 13 21
18 21 18 24 25 17 13 13 0 11
10 14 16 24 25 16 15 21 11 0
