8
30
52 72 37 49 71 97 29 68 45 28 15 75 59 17 88 76 3 6 64 81 57 60 55 7 41 85 32 33 55 15
6 77 52 92 28 98 4 92 26 97 74 15 49 68 1 27 44 2 6 59 90 86 19 4 14 100 82 65 51 42
96 76 19 38 14 5 71 95 40 100 97 55 19 11 46 61 46 29 86 72 63 11 13 95 1 6 78 76 31 62
50 1 90 44 91 53 88 35 79 78 19 81 49 14 43 41 36 95 93 86 46 48 6 99 23 2 5 88 23 57
52 1 88 85 35 78 84 16 32 100 2 68 76 28 6 74 39 2 88 46 96 40 48 60 69 39 71 28 43 15
87 16 87 62 24 15 63 80 18 67 79 33 70 53 17 94 9 95 74 83 4 81 61 79 100 81 52 44 18 59
64 13 22 26 18 73 9 87 47 17 81 58 96 63 34 32 46 2 79 13 17 95 59 48 49 84 91 15 53 87
15 52 87 80 81 58 6 39 82 87 83 42 90 4 75 92 19 40 2 13 18 82 22 53 58 61 65 94 3 49
0 5 14 16 16 15 12 13 14 2
5 0 13 15 17 17 14 16 18 6
14 13 0 4 11 14 14 22 24 14
16 15 4 0 10 14 15 23 25 17
16 17 11 10 0 5 8 17 20 16
15 17 14 14 5 0 6 14 17 15
12 14 14 15 8 6 0 10 13 12
13 16 22 23 17 14 10 0 5 12
14 18 24 25 20 17 13 5 0 13
2 6 14 17 16 15 12 12 13 0
