8
26
50 61 6 71 39 57 32 99 23 43 34 50 41 72 32 22 18 6 6 100 71 20 17 65 57 32
51 69 94 84 57 61 94 78 47 33 69 48 7 50 55 8 5 56 68 89 75 11 30 92 68 45
94 27 85 33 8 89 32 74 3 9 9 72 10 38 48 31 11 6 87 20 82 88 18 51 58 11
63 21 71 14 82 90 40 3 45 30 46 41 82 42 43 37 59 73 38 41 1 55 58 14 62 17
15 47 62 18 38 11 91 87 40 14 28 67 87 48 84 43 80 75 24 73 12 33 7 65 41 39
33 17 70 28 70 38 42 39 100 21 24 3 47 80 94 17 3 54 65 23 26 42 51 4 64 54
79 70 49 1 56 41 38 65 99 3 96 71 19 19 57 57 65 8 81 100 63 68 37 56 38 20
29 43 33 49 23 26 15 49 10 68 93 10 48 83 86 71 100 33 1 14 10 99 22 36 20 87
0 10 17 12 11 13 10 13 7 4
10 0 9 6 10 17 16 20 16 13
17 9 0 7 12 20 20 25 23 20
12 6 7 0 7 14 15 20 18 14
11 10 12 7 0 9 10 15 15 12
13 17 20 14 9 0 5 10 14 12
10 16 20 15 10 5 0 7 10 9
13 20 25 20 15 10 7 0 9 11
7 16 23 18 15 14 10 9 0 5
4 13 20 14 12 12 9 11 5 0
