8
18
85 67 65 91 9 14 60 27 82 34 69 60 43 52 20 72 37 38
93 75 77 32 72 49 92 83 71 53 88 60 71 50 58 67 15 67
85 50 19 99 49 46 11 92 72 3 88 88 92 18 16 78 53 86
47 93 3 25 51 92 17 82 74 74 41 84 33 35 76 37 32 8
21 17 57 6 39 57 30 60 61 26 4 36 84 70 60 96 55 54
23 8 74 28 10 3 65 59 99 28 38 16 82 93 68 29 14 62
43 19 79 34 87 69 33 9 60 49 25 52 95 95 48 71 72 34
61 39 90 19 58 70 27 6 10 34 80 60 48 85 55 97 61 76
0 6 12 18 24 16 18 15 11 9
6 0 11 18 25 18 21 19 15 14
12 11 0 9 16 10 15 15 13 15
18 18 9 0 9 7 12 15 14 19
24 25 16 9 0 10 12 16 18 23
16 18 10 7 10 0 7 10 10 15
18 21 15 12 12 7 0 7 9 14
15 19 15 15 16 10 7 0 5 10
11 15 13 14 18 10 9 5 0 7
9 14 15 19 23 15 14 10 7 0
