8
12
86 48 34 96 81 21 46 80 21 19 7 97
76 21 37 25 52 35 98 49 99 41 93 33
70 14 6 45 33 4 80 12 63 73 87 48
65 27 25 79 65 41 11 97 43 37 61 15
71 30 39 28 46 58 31 85 73 69 40 11
59 29 59 88 3 85 89 88 71 26 93 80
39 49 57 40 31 17 29 4 17 25 29 6
7 95 33 43 73 4 97 87 88 3 94 30
0 5 7 8 9 18 18 20 13 4
5 0 4 5 9 21 21 24 17 8
7 4 0 3 7 21 20 25 18 10
8 5 3 0 7 21 21 25 20 11
9 9 7 7 0 17 16 22 20 12
18 21 21 21 17 0 2 11 19 18
18 21 20 21 16 2 0 10 19 18
20 24 25 25 22 11 10 0 15 19
13 17 18 20 20 19 19 15 0 10
4 8 10 11 12 18 18 19 10 0
