8
26
65 30 60 61 19 76 34 77 13 2 46 83 69 7 76 100 86 58 92 95 82 74 33 49 80 71
70 54 15 34 53 73 16 77 11 30 49 64 4 8 90 80 2 52 85 5 52 37 72 17 59 51
41 46 31 37 7 30 60 41 95 80 45 85 22 48 7 14 51 7 33 83 60 57 100 69 93 33
49 73 54 10 88 82 16 15 68 52 62 23 22 28 97 29 85 54 100 16 31 18 49 38 67 61
11 10 55 15 58 59 47 89 29 56 61 98 69 38 13 15 17 18 49 80 35 38 47 96 14 62
78 84 54 14 4 9 32 22 33 63 78 68 90 89 72 19 4 29 91 38 60 57 29 12 1 22
82 46 45 75 80 90 31 69 2 99 92 97 69 73 39 93 21 42 51 74 92 43 64 7 77 14
84 83 41 32 23 35 81 93 11 31 89 29 8 61 25 6 69 89 67 26 42 80 86 15 36 74
0 6 6 8 9 11 15 16 21 15
6 0 6 10 11 13 17 19 25 19
6 6 0 6 7 9 14 15 25 18
8 10 6 0 2 4 9 11 23 16
9 11 7 2 0 4 8 10 22 16
11 13 9 4 4 0 7 9 24 18
15 17 14 9 8 7 0 5 23 18
16 19 15 11 10 9 5 0 20 15
21 25 25 23 22 24 23 20 0 8
15 19 18 16 16 18 18 15 8 0
