8
16
44 60 18 72 49 79 33 63 65 57 3 41 71 70 24 59
7 13 37 69 37 59 57 1 87 90 51 22 28 43 27 73
62 85 96 29 91 65 5 99 54 2 23 37 88 75 49 80
11 100 51 38 75 16 39 45 76 67 84 23 80 16 90 34
51 99 15 100 16 91 73 24 29 71 52 41 47 45 81 12
61 37 86 16 62 42 46 92 29 35 5 20 100 66 82 10
38 90 67 55 24 47 27 3 2 78 97 51 52 64 79 66
88 77 62 79 15 33 23 67 38 88 85 29 6 97 55 51
0 10 12 11 12 17 19 22 22 12
10 0 6 6 10 19 21 23 25 19
12 6 0 4 8 18 19 21 24 21
11 6 4 0 6 16 17 19 22 19
12 10 8 6 0 11 13 14 17 17
17 19 18 16 11 0 3 6 8 16
19 21 19 17 13 3 0 5 6 17
22 23 21 19 14 6 5 0 7 20
22 25 24 22 17 8 6 7 0 18
12 19 21 19 17 16 17 20 18 0
