9
8
38 83 32 61 90 58 55 54
30 37 87 3 22 1 94 97
80 36 98 47 73 60 1 73
33 30 67 46 90 59 46 8
75 40 92 96 71 42 13 87
61 82 80 62 75 81 35 22
88 85 31 78 55 98 97 62
26 58 86 43 56 41 35 25
97 46 89 36 10 77 53 55
0 11 13 19 19 20 20 24 12 13 4
11 0 3 10 10 12 19 24 17 18 12
13 3 0 9 9 11 21 25 19 20 14
19 10 9 0 3 4 20 25 22 24 20
19 10 9 3 0 3 18 23 21 23 19
20 12 11 4 3 0 18 23 22 23 20
20 19 21 20 18 18 0 7 12 13 18
24 24 25 25 23 23 7 0 14 15 21
12 17 19 22 21 22 12 14 0 3 10
13 18 20 24 23 23 13 15 3 0 10
4 12 14 20 19 20 18 21 10 10 0
