9
12
45 71 71 37 85 100 99 73 68 40 92 99
9 4 14 79 10 69 33 55 99 7 87 4
54 41 38 33 60 67 38 20 86 80 54 37
94 81 50 43 54 30 73 38 53 32 18 93
37 17 67 91 31 90 46 45 89 59 64 99
89 12 12 20 3 60 74 97 65 14 6 99
17 40 77 78 20 87 94 74 76 68 22 52
67 36 13 93 38 68 55 72 10 28 90 9
90 60 100 11 34 84 5 50 27 91 52 96
0 5 7 16 20 18 15 21 22 21 8
5 0 8 14 18 15 12 18 19 18 9
7 8 0 13 18 18 17 22 24 24 14
16 14 13 0 6 10 11 14 17 21 22
20 18 18 6 0 10 13 14 17 22 25
18 15 18 10 10 0 5 6 9 13 21
15 12 17 11 13 5 0 7 9 11 18
21 18 22 14 14 6 7 0 5 11 23
22 19 24 17 17 9 9 5 0 8 23
21 18 24 21 22 13 11 11 8 0 20
8 9 14 22 25 21 18 23 23 20 0
