9
12
40 69 13 31 56 90 57 7 64 40 11 57
73 31 58 11 96 53 66 35 39 88 89 39
67 63 3 50 26 35 52 48 60 86 98 83
56 83 91 85 80 8 5 64 70 46 97 92
50 39 41 51 95 87 13 18 69 35 91 72
32 63 34 10 37 33 9 75 36 73 56 21
30 78 32 16 5 28 51 63 23 63 29 32
85 28 100 54 7 94 21 92 52 90 34 21
45 26 65 9 11 87 62 16 63 39 94 31
0 8 9 8 7 6 10 21 18 13 12
8 0 8 8 9 11 16 25 24 19 18
9 8 0 2 4 9 13 21 21 17 17
8 8 2 0 4 8 12 20 20 16 17
7 9 4 4 0 6 10 18 18 14 15
6 11 9 8 6 0 6 16 14 10 10
10 16 13 12 10 6 0 12 10 5 8
21 25 21 20 18 16 12 0 7 11 17
18 24 21 20 18 14 10 7 0 7 12
13 19 17 16 14 10 5 11 7 0 7
12 18 17 17 15 10 8 17 12 7 0
