9
28
79 53 71 49 26 73 30 80 66 5 30 77 68 17 45 11 76 45 76 10 29 73 51 72 35 12 60 72
28 58 92 59 51 58 18 4 3 9 7 38 74 9 40 22 73 42 80 12 91 78 96 78 48 46 53 17
78 5 19 51 27 50 80 18 34 70 21 31 34 14 23 70 68 8 43 47 24 5 43 9 63 3 44 16
31 13 91 1 51 12 42 49 32 44 23 3 51 43 1 92 84 74 12 63 8 48 20 54 58 71 17 43
25 33 92 41 16 74 77 98 37 14 59 80 54 10 41 78 38 67 60 40 94 56 96 100 36 11 46 3
97 6 24 32 12 18 52 19 40 16 56 60 2 92 51 41 77 6 89 85 100 16 82 15 93 91 43 18
18 32 53 83 99 32 93 94 40 96 83 68 4 13 92 97 40 58 50 17 87 28 85 50 55 9 20 18
75 29 35 95 75 31 83 82 92 100 91 51 93 36 51 21 83 96 1 77 84 45 41 100 40 67 5 61
41 74 53 77 2 43 3 76 94 46 90 61 10 90 89 54 25 58 73 1 18 13 10 85 12 59 38 57
0 12 15 19 21 23 23 24 20 9 9
12 0 8 10 12 13 13 19 17 11 13
15 8 0 5 8 10 13 25 24 17 19
19 10 5 0 4 6 10 25 25 20 21
21 12 8 4 0 3 8 25 25 22 23
23 13 10 6 3 0 7 25 25 23 24
23 13 13 10 8 7 0 20 21 21 23
24 19 25 25 25 25 20 0 6 17 18
20 17 24 25 25 25 21 6 0 13 14
9 11 17 20 22 23 21 17 13 0 3
9 13 19 21 23 24 23 18 14 3 0
