9
26
87 26 6 95 34 15 49 9 77 68 13 52 97 42 98 69 15 21 27 73 86 20 9 54 16 54
58 14 34 66 78 78 67 12 31 3 67 27 52 59 78 75 7 75 45 69 78 95 42 58 69 99
89 10 24 25 52 26 22 20 65 92 96 3 36 58 19 20 68 92 97 97 22 74 73 58 59 71
37 36 19 19 41 40 54 8 92 23 53 87 1 88 15 3 5 70 57 4 94 50 69 18 40 49
44 1 76 96 53 6 5 31 8 23 94 63 8 26 100 97 57 84 4 40 70 85 88 75 1 73
95 77 66 33 91 95 63 27 92 20 4 20 99 96 52 9 40 26 31 76 88 75 1 77 77 92
54 6 22 71 54 36 64 71 17 63 30 27 46 67 59 94 82 48 9 64 17 30 30 37 95 23
56 21 78 53 13 66 75 37 41 83 28 77 65 97 19 48 41 88 32 40 35 23 52 68 24 55
76 94 59 74 2 98 16 68 77 54 22 66 83 39 16 14 38 61 68 89 35 3 26 64 92 88
0 7 10 13 23 24 21 19 21 18 11
7 0 5 9 21 22 20 19 21 22 16
10 5 0 10 22 23 22 21 24 25 19
13 9 10 0 14 15 15 14 17 22 19
23 21 22 14 0 4 9 10 12 24 25
24 22 23 15 4 0 7 8 10 22 25
21 20 22 15 9 7 0 3 4 16 20
19 19 21 14 10 8 3 0 5 16 19
21 21 24 17 12 10 4 5 0 14 19
18 22 25 22 24 22 16 16 14 0 10
11 16 19 19 25 25 20 19 19 10 0
