9
10
24 69 48 18 72 91 46 80 83 44
65 52 10 31 72 80 22 21 27 85
60 60 34 40 56 91 72 75 64 4
30 36 36 95 23 18 3 15 14 98
52 10 12 14 30 71 70 71 90 40
70 32 38 19 96 3 29 7 33 36
35 3 100 47 28 67 41 7 13 36
29 98 27 44 95 27 57 4 28 18
17 57 38 48 58 95 53 11 29 94
0 4 12 16 17 12 18 12 6 4 4
4 0 11 17 19 15 20 15 9 6 6
12 11 0 13 16 19 25 21 16 15 13
16 17 13 0 4 14 20 18 17 17 16
17 19 16 4 0 14 19 19 18 19 17
12 15 19 14 14 0 8 6 9 11 11
18 20 25 20 19 8 0 8 13 16 16
12 15 21 18 19 6 8 0 7 10 10
6 9 16 17 18 9 13 7 0 4 4
4 6 15 17 19 11 16 10 4 0 3
4 6 13 16 17 11 16 10 4 3 0
