9
18
97 24 41 5 71 35 51 29 46 67 2 6 72 10 17 69 80 34
21 16 21 30 56 99 62 62 26 12 52 74 70 13 52 17 79 9
62 82 4 73 38 33 68 87 84 37 13 55 34 1 58 62 80 58
83 87 17 40 95 28 85 65 40 23 56 40 72 65 19 79 93 21
57 9 93 61 48 87 83 10 84 2 50 52 39 87 43 61 57 39
8 75 64 27 87 76 86 22 39 1 43 88 96 37 6 71 32 88
57 50 28 25 98 71 78 43 70 69 43 9 80 52 12 93 66 14
69 19 26 61 32 7 9 25 82 67 86 81 54 44 100 33 11 47
52 72 72 6 86 100 85 19 26 42 52 50 34 32 45 33 61 20
0 7 13 13 18 24 24 25 11 8 6
7 0 7 9 12 18 18 20 7 5 6
13 7 0 5 7 13 13 15 10 10 11
13 9 5 0 7 14 13 16 13 12 13
18 12 7 7 0 8 8 12 14 15 16
24 18 13 14 8 0 2 6 19 20 22
24 18 13 13 8 2 0 6 18 19 22
25 20 15 16 12 6 6 0 18 20 22
11 7 10 13 14 19 18 18 0 4 7
8 5 10 12 15 20 19 20 4 0 4
6 6 11 13 16 22 22 22 7 4 0
