9
14
85 50 44 46 58 61 46 80 31 81 100 29 9 59
98 38 88 52 96 5 5 54 80 71 85 92 75 53
21 1 96 12 77 57 96 52 5 84 32 88 32 27
40 78 2 18 57 9 44 47 16 88 49 50 87 27
8 79 70 45 78 36 53 21 4 4 42 76 38 7
25 53 59 51 34 58 100 67 23 76 6 85 14 22
34 91 85 77 64 65 19 51 9 92 32 9 70 36
57 75 65 39 5 65 57 48 55 45 15 21 15 53
55 42 42 45 90 72 34 93 3 17 66 74 34 17
0 4 12 14 8 12 10 10 11 13 4
4 0 12 11 7 13 10 11 12 16 6
12 12 0 13 17 23 20 21 22 21 13
14 11 13 0 13 19 17 19 20 25 16
8 7 17 13 0 8 6 7 9 17 10
12 13 23 19 8 0 4 5 5 16 13
10 10 20 17 6 4 0 3 4 14 10
10 11 21 19 7 5 3 0 3 13 10
11 12 22 20 9 5 4 3 0 13 11
13 16 21 25 17 16 14 13 13 0 11
4 6 13 16 10 13 10 10 11 11 0
