9
30
89 76 13 43 26 17 2 95 44 26 6 42 5 90 6 36 40 90 56 57 73 85 56 46 3 19 97 73 15 75
99 16 58 2 72 99 33 82 22 22 89 10 81 9 71 33 100 77 72 40 14 52 60 91 74 42 65 91 38 34
28 94 44 40 10 6 45 37 76 42 26 21 98 91 33 69 17 81 70 84 74 52 47 27 38 73 41 39 69 43
77 55 74 100 11 30 31 95 72 60 83 21 78 77 34 2 99 74 65 55 89 62 57 83 73 10 79 94 45 92
84 97 21 16 57 91 98 100 8 48 42 29 71 49 63 36 24 58 36 28 42 99 55 89 62 86 17 21 51 90
50 3 57 58 54 41 4 59 38 61 89 40 90 100 91 54 11 29 34 84 85 81 21 74 19 36 65 65 96 26
75 24 58 14 6 76 2 86 71 15 9 78 17 17 77 10 47 49 78 73 63 75 12 23 20 2 78 60 14 47
10 29 43 41 52 55 83 61 49 34 59 83 52 2 52 74 35 22 38 10 5 61 22 45 36 15 90 25 62 89
42 54 27 98 33 81 80 35 25 71 37 53 84 33 62 99 62 69 26 91 17 89 10 12 98 20 38 71 14 92
0 7 12 21 25 21 14 18 16 10 8
7 0 7 16 23 20 15 21 19 15 13
12 7 0 11 19 17 14 21 19 17 16
21 16 11 0 13 15 17 23 22 24 23
25 23 19 13 0 8 16 19 19 24 25
21 20 17 15 8 0 10 13 13 18 19
14 15 14 17 16 10 0 8 7 10 11
18 21 21 23 19 13 8 0 4 11 13
16 19 19 22 19 13 7 4 0 9 11
10 15 17 24 24 18 10 11 9 0 4
8 13 16 23 25 19 11 13 11 4 0
