9
14
96 99 75 19 52 94 31 100 77 4 89 53 5 14
69 59 67 91 92 78 68 91 48 84 51 92 16 2
20 89 93 100 61 58 42 80 57 84 10 27 82 22
50 54 44 39 15 23 55 92 95 28 53 21 92 18
78 41 3 45 37 73 71 25 65 87 85 57 33 22
19 44 58 87 56 45 27 58 98 44 27 35 88 32
78 37 12 20 79 79 39 61 80 78 23 81 28 20
9 64 64 95 86 36 42 31 83 98 51 12 26 2
79 7 100 3 68 88 70 13 35 48 82 20 63 43
0 14 19 18 12 13 18 13 9 3 3
14 0 6 8 8 9 16 17 21 16 15
19 6 0 7 10 10 16 19 25 20 20
18 8 7 0 7 7 11 15 24 20 19
12 8 10 7 0 3 10 10 18 14 13
13 9 10 7 3 0 9 10 19 15 14
18 16 16 11 10 9 0 9 22 20 19
13 17 19 15 10 10 9 0 15 15 14
9 21 25 24 18 19 22 15 0 8 8
3 16 20 20 14 15 20 15 8 0 2
3 15 20 19 13 14 19 14 8 2 0
