9
24
4 5 23 70 1 21 42 51 33 13 10 50 32 96 76 36 22 24 79 26 54 53 20 87
83 42 20 62 26 81 56 39 56 28 94 100 29 92 67 47 58 49 20 56 36 56 49 58
28 60 77 18 1 66 58 63 84 37 68 18 74 91 54 45 98 29 98 26 30 85 89 99
45 87 29 47 28 19 21 67 94 98 22 37 80 27 100 16 57 22 22 55 37 14 47 3
82 82 99 49 28 35 66 3 56 96 16 58 63 46 22 58 23 57 13 66 11 21 18 91
100 98 55 100 35 82 85 7 12 21 94 28 8 96 37 54 91 45 65 88 47 50 65 9
19 37 80 41 54 69 63 71 93 24 8 6 70 38 46 14 24 70 72 4 50 25 34 21
55 59 41 24 66 11 67 45 60 11 60 87 99 50 25 67 92 62 16 57 6 12 23 47
26 91 33 96 4 89 71 14 91 67 80 76 50 81 33 97 76 73 100 72 13 39 7 4
0 5 7 14 16 13 16 21 21 10 10
5 0 6 15 15 11 12 18 17 8 11
7 6 0 11 11 8 13 19 19 13 14
14 15 11 0 9 8 19 25 25 22 23
16 15 11 9 0 5 14 19 20 21 24
13 11 8 8 5 0 12 18 19 18 20
16 12 13 19 14 12 0 8 8 14 19
21 18 19 25 19 18 8 0 3 18 23
21 17 19 25 20 19 8 3 0 17 22
10 8 13 22 21 18 14 18 17 0 6
10 11 14 23 24 20 19 23 22 6 0
