9
14
89 41 22 39 60 84 45 90 18 14 99 41 54 25
39 24 75 92 69 87 24 23 39 66 91 100 45 21
77 85 89 80 30 73 92 43 2 3 5 80 26 20
22 57 53 89 81 45 27 85 6 88 20 57 44 72
26 12 48 86 82 66 51 51 95 80 91 73 58 32
78 89 38 88 51 79 67 87 6 39 17 58 57 97
6 26 37 38 26 16 43 49 33 16 78 28 24 42
85 65 69 12 20 69 50 57 57 100 84 19 70 14
19 79 72 62 89 96 89 23 42 84 59 81 83 76
0 3 7 12 18 20 25 20 18 16 14
3 0 5 11 17 20 25 20 17 15 13
7 5 0 7 14 18 23 18 15 13 10
12 11 7 0 9 14 20 16 12 10 6
18 17 14 9 0 9 14 11 8 6 6
20 20 18 14 9 0 7 4 4 6 10
25 25 23 20 14 7 0 7 9 12 15
20 20 18 16 11 4 7 0 5 8 11
18 17 15 12 8 4 9 5 0 4 8
16 15 13 10 6 6 12 8 4 0 5
14 13 10 6 6 10 15 11 8 5 0
