9
30
59 78 11 19 76 55 67 96 54 48 5 85 28 34 81 26 30 20 58 87 87 64 66 89 50 58 43 5 56 76
85 19 16 2 1 99 93 90 85 54 99 43 20 66 16 34 55 85 67 30 49 49 22 17 81 70 36 67 38 95
81 55 53 58 48 37 84 11 12 46 53 57 87 13 20 45 18 94 53 4 44 44 83 7 72 62 21 100 32 50
83 81 91 66 62 88 10 86 44 45 47 94 43 50 52 21 93 95 56 55 13 13 36 53 94 8 13 28 72 59
91 65 43 24 62 63 27 37 9 63 29 70 34 100 16 55 23 70 1 61 28 53 28 86 97 53 42 27 87 60
13 26 43 17 89 78 53 54 37 67 59 7 22 57 54 98 41 76 99 82 100 88 37 32 6 95 85 91 12 43
93 64 77 38 68 7 95 58 53 89 33 97 51 67 24 43 32 63 23 71 20 62 68 21 64 61 46 69 42 41
23 99 91 88 20 20 89 38 44 21 82 34 43 40 35 77 76 70 92 18 87 2 56 30 11 1 36 60 23 6
17 9 13 11 31 21 52 18 24 14 20 38 44 48 33 94 89 87 71 71 63 2 22 82 63 61 83 53 94 93
0 6 10 21 20 25 24 16 14 7 6
6 0 6 17 16 21 19 12 11 5 6
10 6 0 13 12 18 16 10 12 8 11
21 17 13 0 8 14 14 13 20 19 22
20 16 12 8 0 8 7 8 15 17 20
25 21 18 14 8 0 4 11 17 22 25
24 19 16 14 7 4 0 9 15 20 23
16 12 10 13 8 11 9 0 9 12 15
14 11 12 20 15 17 15 9 0 9 12
7 5 8 19 17 22 20 12 9 0 5
6 6 11 22 20 25 23 15 12 5 0
