9
16
64 44 42 68 77 86 87 3 96 2 74 68 13 78 25 11
96 13 51 88 46 64 58 28 68 31 34 62 42 2 30 17
62 59 100 94 55 49 44 96 48 77 19 94 93 10 3 96
69 33 12 56 91 77 1 87 93 52 50 100 18 65 68 93
18 15 12 27 37 50 7 12 74 92 13 67 66 9 33 20
53 56 16 47 43 42 23 60 17 10 35 88 100 3 30 73
27 68 94 26 11 10 41 71 43 12 47 80 76 54 85 86
5 71 29 16 64 12 96 90 74 70 34 2 88 79 20 89
44 71 52 70 66 67 25 73 32 93 79 50 35 62 64 4
0 9 9 16 22 13 15 16 14 6 5
9 0 3 12 20 15 18 21 20 13 12
9 3 0 10 18 13 17 20 18 13 12
16 12 10 0 11 13 18 22 21 20 20
22 20 18 11 0 13 17 21 21 25 25
13 15 13 13 13 0 6 10 9 15 15
15 18 17 18 17 6 0 5 5 16 15
16 21 20 22 21 10 5 0 3 16 16
14 20 18 21 21 9 5 3 0 14 14
6 13 13 20 25 15 16 16 14 0 2
5 12 12 20 25 15 15 16 14 2 0
