9
8
1 37 63 26 7 6 83 51
47 37 60 21 9 99 56 79
44 98 96 11 72 76 63 75
27 52 42 12 14 11 38 17
53 84 25 48 99 29 13 49
19 89 7 87 35 87 90 1
69 7 4 26 59 15 66 86
73 60 1 74 82 62 66 93
84 43 9 4 26 61 96 75
0 4 9 12 16 14 13 15 13 10 13
4 0 6 13 16 15 15 17 15 13 14
9 6 0 14 18 18 19 22 20 17 18
12 13 14 0 6 6 14 20 19 17 23
16 16 18 6 0 5 14 21 20 19 25
14 15 18 6 5 0 11 18 17 16 23
13 15 19 14 14 11 0 9 8 8 16
15 17 22 20 21 18 9 0 4 6 12
13 15 20 19 20 17 8 4 0 4 10
10 13 17 17 19 16 8 6 4 0 9
13 14 18 23 25 23 16 12 10 9 0
