9
26
70 96 57 90 12 48 16 89 36 92 20 66 77 13 78 38 8 14 34 11 66 25 26 89 42 87
69 84 28 30 97 55 90 23 27 85 87 12 34 95 76 95 25 66 68 12 89 79 59 20 30 55
65 86 100 80 51 27 40 61 68 71 99 95 16 95 40 83 78 89 6 11 41 45 68 94 99 28
74 56 12 93 95 33 93 22 76 74 49 72 64 58 50 17 74 62 19 30 100 92 57 72 3 86
7 33 38 94 20 74 97 78 84 64 76 43 77 63 43 82 91 89 12 46 38 21 97 59 44 25
10 93 89 2 46 16 47 55 81 31 65 61 35 40 78 54 58 44 61 17 57 44 75 51 80 87
82 6 12 71 74 73 6 55 31 99 45 4 87 7 28 28 33 80 66 5 7 77 99 16 10 11
24 14 41 78 29 42 51 27 18 78 87 58 14 53 60 94 89 60 21 23 97 21 60 41 66 46
41 98 26 6 87 41 62 39 8 44 83 30 52 71 63 10 86 31 65 44 96 14 42 15 70 33
0 5 6 11 12 13 17 11 16 5 3
5 0 3 10 11 16 20 14 19 7 6
6 3 0 9 10 16 20 14 20 8 7
11 10 9 0 4 15 19 16 25 15 12
12 11 10 4 0 13 17 14 25 15 12
13 16 16 15 13 0 6 5 18 15 12
17 20 20 19 17 6 0 7 19 19 16
11 14 14 16 14 5 7 0 15 13 10
16 19 20 25 25 18 19 15 0 14 15
5 7 8 15 15 15 19 13 14 0 5
3 6 7 12 12 12 16 10 15 5 0
