9
22
23 54 41 53 2 4 50 38 37 89 43 73 19 41 32 100 26 54 90 6 58 30
93 98 1 91 75 100 89 29 45 31 9 53 70 56 47 25 36 45 98 91 9 41
49 4 82 16 54 75 99 23 15 23 97 74 56 44 46 42 88 94 36 16 15 80
22 96 13 94 3 66 37 86 89 54 8 78 84 42 43 67 88 95 33 99 74 5
28 50 90 82 24 35 79 95 86 9 27 24 87 99 15 59 3 98 67 61 59 34
45 31 88 47 52 51 14 76 51 81 81 69 75 36 86 23 12 61 22 26 14 31
56 46 23 39 8 14 73 9 31 57 36 50 90 47 16 80 69 44 7 49 37 89
89 41 85 78 96 23 87 22 43 17 13 19 3 29 70 77 50 41 67 63 52 35
10 25 32 46 97 94 47 59 77 2 49 70 88 42 50 100 89 56 61 36 45 74
0 14 22 25 18 17 18 15 16 16 9
14 0 10 14 8 9 11 9 14 16 13
22 10 0 14 12 15 16 16 21 24 21
25 14 14 0 9 10 10 13 16 19 20
18 8 12 9 0 4 5 6 11 14 13
17 9 15 10 4 0 3 4 8 12 12
18 11 16 10 5 3 0 5 7 11 12
15 9 16 13 6 4 5 0 7 10 9
16 14 21 16 11 8 7 7 0 5 9
16 16 24 19 14 12 11 10 5 0 8
9 13 21 20 13 12 12 9 9 8 0
