9
20
97 66 58 10 19 28 63 11 59 70 41 21 81 91 36 65 92 40 7 48
91 14 99 15 21 12 13 3 76 84 44 94 67 20 87 85 14 32 95 26
29 16 88 91 66 34 29 71 21 90 59 24 12 68 15 61 4 31 68 37
63 23 77 45 50 25 53 14 98 73 88 23 55 98 4 76 96 67 24 47
60 79 69 51 44 11 30 45 18 8 50 28 79 24 12 93 94 25 44 71
35 32 68 40 46 64 84 30 80 7 94 77 56 14 43 52 19 100 87 7
22 1 56 89 59 99 72 13 93 9 18 5 6 13 19 18 68 33 77 23
46 32 65 74 28 74 81 80 50 19 98 25 68 72 79 82 77 23 6 48
42 80 70 53 6 41 6 71 87 11 50 19 77 46 27 57 85 38 70 30
0 11 12 13 6 9 16 15 13 14 6
11 0 2 9 14 18 25 24 22 16 15
12 2 0 10 14 19 25 25 22 16 16
13 9 10 0 12 17 23 23 25 23 18
6 14 14 12 0 7 13 12 15 19 9
9 18 19 17 7 0 8 7 13 20 10
16 25 25 23 13 8 0 4 16 25 15
15 24 25 23 12 7 4 0 14 24 13
13 22 22 25 15 13 16 14 0 14 9
14 16 16 23 19 20 25 24 14 0 12
6 15 16 18 9 10 15 13 9 12 0
