9
26
3 90 82 54 65 90 71 25 49 42 93 50 15 16 10 36 76 49 100 94 92 87 64 14 46 4
51 73 18 69 56 85 63 1 38 50 74 73 24 75 98 1 78 93 90 95 59 35 42 51 58 88
56 60 46 40 57 37 62 53 78 70 61 14 24 30 17 40 84 28 91 61 22 56 40 53 69 71
29 46 75 85 22 85 37 43 31 41 63 58 74 82 49 92 61 37 57 22 96 45 79 22 26 36
84 27 42 1 5 78 44 69 31 91 9 33 74 93 67 45 41 46 67 96 91 19 100 89 48 12
96 11 1 49 95 94 62 42 21 85 71 83 96 92 72 97 11 55 65 19 11 29 43 3 23 58
69 6 48 24 40 67 87 18 35 59 8 95 67 74 50 67 94 9 32 45 38 84 95 64 48 89
4 94 95 68 74 62 27 47 51 92 13 50 34 24 63 47 34 4 87 13 25 28 8 76 5 94
73 92 27 15 15 30 50 18 73 31 70 29 12 35 82 72 88 22 62 15 86 91 59 25 86 3
0 13 13 19 17 18 17 14 22 16 4
13 0 10 14 16 18 18 17 25 25 16
13 10 0 8 8 9 9 9 17 19 15
19 14 8 0 6 8 9 12 16 23 21
17 16 8 6 0 4 4 7 12 18 19
18 18 9 8 4 0 2 6 10 17 19
17 18 9 9 4 2 0 6 10 16 18
14 17 9 12 7 6 6 0 10 13 14
22 25 17 16 12 10 10 10 0 14 22
16 25 19 23 18 17 16 13 14 0 15
4 16 15 21 19 19 18 14 22 15 0
