9
30
53 42 98 14 9 71 95 27 21 62 27 87 3 1 29 45 36 1 65 39 6 38 30 35 65 67 29 10 99 98
28 100 51 8 6 83 87 58 86 29 81 50 60 38 1 81 82 35 16 75 19 11 31 63 74 51 40 20 52 34
34 1 89 78 63 97 61 13 46 22 97 50 54 29 98 22 12 58 31 87 50 17 99 24 77 97 100 83 85 22
5 87 56 11 57 9 98 95 90 92 28 84 42 33 85 20 64 12 28 26 32 36 12 7 15 6 22 48 3 95
74 21 14 44 24 55 15 61 77 12 54 55 26 44 17 90 70 44 33 60 99 8 80 60 47 92 22 93 50 57
11 55 49 73 77 49 36 68 70 26 25 48 87 4 15 63 96 95 5 9 76 8 45 87 26 63 73 11 89 87
63 83 46 93 63 33 11 35 6 20 76 32 29 38 58 84 18 95 14 29 6 100 3 16 93 16 78 74 30 66
66 48 49 83 56 74 28 33 39 4 26 98 41 58 2 23 76 25 86 64 44 17 8 73 1 63 7 95 60 37
30 18 33 71 73 67 47 100 95 87 71 38 77 33 41 1 16 77 5 56 95 85 18 65 24 69 36 44 63 91
0 5 9 15 16 9 20 17 17 10 7
5 0 5 11 14 9 19 17 19 13 8
9 5 0 10 13 11 21 20 23 17 10
15 11 10 0 5 11 17 19 23 23 18
16 14 13 5 0 11 14 18 23 24 20
9 9 11 11 11 0 12 11 14 16 15
20 19 21 17 14 12 0 9 15 25 25
17 17 20 19 18 11 9 0 7 19 22
17 19 23 23 23 14 15 7 0 16 22
10 13 17 23 24 16 25 19 16 0 10
7 8 10 18 20 15 25 22 22 10 0
