9
12
22 63 60 89 63 51 42 42 59 18 11 8
85 41 95 20 95 73 76 56 45 98 20 65
74 46 73 53 20 77 27 63 65 28 62 85
12 89 38 55 61 73 19 54 77 40 92 66
36 83 74 46 69 15 18 30 49 43 7 24
57 93 65 25 53 6 67 95 34 29 54 70
40 44 64 79 6 40 19 91 82 24 78 72
62 81 60 16 10 99 2 2 21 59 7 92
56 21 15 26 54 8 66 65 96 96 98 49
0 10 9 15 11 10 20 14 11 8 3
10 0 5 10 13 14 25 20 18 15 12
9 5 0 8 9 10 22 16 15 12 10
15 10 8 0 9 12 22 18 18 16 17
11 13 9 9 0 5 15 11 11 10 13
10 14 10 12 5 0 13 7 8 7 12
20 25 22 22 15 13 0 8 12 14 21
14 20 16 18 11 7 8 0 6 7 15
11 18 15 18 11 8 12 6 0 4 11
8 15 12 16 10 7 14 7 4 0 9
3 12 10 17 13 12 21 15 11 9 0
