10
6
32 94 10 17 44 13
29 73 39 82 74 32
95 100 50 5 68 81
97 24 46 27 94 53
78 91 11 6 89 59
17 25 71 41 46 38
95 56 43 45 88 66
51 49 94 22 53 46
17 1 14 39 71 20
90 26 23 1 86 92
0 8 10 15 16 16 22 25 24 11 8 8
8 0 6 12 9 9 16 19 18 7 9 9
10 6 0 7 8 10 14 18 20 11 13 13
15 12 7 0 10 13 12 17 23 17 19 19
16 9 8 10 0 5 8 11 15 12 15 16
16 9 10 13 5 0 10 11 12 10 14 15
22 16 14 12 8 10 0 7 16 18 22 22
25 19 18 17 11 11 7 0 14 20 24 25
24 18 20 23 15 12 16 14 0 15 19 20
11 7 11 17 12 10 18 20 15 0 6 6
8 9 13 19 15 14 22 24 19 6 0 2
8 9 13 19 16 15 22 25 20 6 2 0
