10
8
23 81 17 96 76 10 5 37
83 21 21 71 86 54 48 59
69 59 8 2 9 41 4 43
98 79 18 12 43 46 4 9
100 12 84 76 84 18 80 84
22 59 26 4 36 100 67 96
87 50 85 39 74 37 21 92
100 64 88 55 93 94 87 51
94 60 21 42 96 6 83 60
55 94 83 99 51 22 28 64
0 12 11 17 17 24 22 25 20 16 13 5
12 0 5 11 8 14 12 15 10 10 8 11
11 5 0 9 7 14 13 17 12 13 11 11
17 11 9 0 6 11 11 16 14 18 17 18
17 8 7 6 0 9 8 12 10 14 13 16
24 14 14 11 9 0 4 8 11 18 18 23
22 12 13 11 8 4 0 6 8 15 16 21
25 15 17 16 12 8 6 0 8 15 17 24
20 10 12 14 10 11 8 8 0 9 10 18
16 10 13 18 14 18 15 15 9 0 4 13
13 8 11 17 13 18 16 17 10 4 0 10
5 11 11 18 16 23 21 24 18 13 10 0
