10
28
39 49 65 87 50 22 52 39 91 22 60 43 82 12 31 39 16 68 9 79 18 18 63 74 63 74 76 33
24 47 5 18 24 77 92 36 56 47 30 98 77 49 97 42 39 14 77 2 24 60 65 29 37 52 66 65
71 92 91 72 27 68 77 57 81 70 54 44 24 96 85 58 41 70 92 20 38 54 57 9 36 95 100 41
34 98 23 59 65 33 16 99 93 100 88 73 52 71 37 18 2 7 59 100 76 60 17 94 77 13 18 98
91 86 18 28 36 12 4 69 58 81 83 1 43 57 73 84 93 94 34 71 44 40 37 39 46 65 46 1
25 65 66 53 88 47 64 54 5 62 80 41 31 81 59 5 48 59 59 96 18 82 74 21 2 12 27 60
69 18 97 82 16 41 57 40 92 49 97 62 42 36 11 57 14 20 72 97 50 65 24 65 39 40 5 92
72 97 34 85 32 15 72 55 86 84 86 81 73 3 27 31 61 73 45 67 100 40 54 1 75 52 54 4
30 100 52 60 20 49 98 28 6 89 46 8 18 97 84 50 59 69 21 58 74 62 85 69 1 73 3 97
43 100 93 99 94 51 41 96 100 98 39 28 41 35 85 92 19 38 43 30 57 14 5 90 71 44 20 2
0 5 10 13 16 22 19 13 9 15 15 6
5 0 11 16 19 25 22 16 12 18 18 10
10 11 0 9 14 20 19 13 13 21 22 14
13 16 9 0 6 12 11 6 10 17 18 13
16 19 14 6 0 8 7 6 11 16 19 15
22 25 20 12 8 0 6 11 16 18 21 20
19 22 19 11 7 6 0 8 12 14 16 16
13 16 13 6 6 11 8 0 7 12 14 11
9 12 13 10 11 16 12 7 0 9 11 6
15 18 21 17 16 18 14 12 9 0 4 10
15 18 22 18 19 21 16 14 11 4 0 10
6 10 14 13 15 20 16 11 6 10 10 0
