10
10
68 37 70 54 85 65 88 56 23 41
12 18 99 76 62 86 89 58 19 19
70 100 23 24 67 47 24 47 79 31
41 5 100 57 78 67 25 62 46 48
39 8 96 91 76 91 25 37 68 93
63 35 70 39 66 92 31 92 20 96
69 42 56 84 92 6 80 64 53 85
79 43 8 30 68 41 70 31 38 51
8 68 65 40 39 9 60 72 8 8
89 52 28 23 25 51 1 14 10 77
0 7 9 14 16 20 17 21 21 8 6 3
7 0 4 10 13 16 12 15 15 11 12 9
9 4 0 7 11 13 10 14 16 14 12 9
14 10 7 0 6 8 5 12 16 20 17 14
16 13 11 6 0 7 9 17 20 22 18 15
20 16 13 8 7 0 7 15 19 25 22 20
17 12 10 5 9 7 0 9 13 22 21 18
21 15 14 12 17 15 9 0 6 24 25 22
21 15 16 16 20 19 13 6 0 22 25 22
8 11 14 20 22 25 22 24 22 0 9 9
6 12 12 17 18 22 21 25 25 9 0 5
3 9 9 14 15 20 18 22 22 9 5 0
