10
6
78 99 80 38 35 2
47 88 42 92 18 44
90 93 91 79 35 8
32 23 20 41 7 91
5 80 63 58 61 21
11 74 30 43 14 66
59 86 27 73 7 66
98 51 93 76 66 60
55 8 28 55 68 56
14 51 90 33 90 26
0 8 16 22 22 23 25 20 25 19 15 8
8 0 10 16 17 18 21 18 25 19 15 12
16 10 0 8 9 10 13 13 20 15 14 17
22 16 8 0 7 9 12 15 23 19 19 23
22 17 9 7 0 4 7 11 18 15 15 21
23 18 10 9 4 0 5 10 16 14 15 22
25 21 13 12 7 5 0 10 15 14 16 24
20 18 13 15 11 10 10 0 9 6 8 17
25 25 20 23 18 16 15 9 0 8 12 20
19 19 15 19 15 14 14 6 8 0 6 15
15 15 14 19 15 15 16 8 12 6 0 11
8 12 17 23 21 22 24 17 20 15 11 0
