10
24
24 83 92 98 60 38 64 90 20 4 91 45 36 61 85 51 64 68 39 85 25 25 18 35
45 85 58 94 52 24 74 87 25 31 8 5 49 58 44 63 20 52 65 5 29 82 2 39
52 20 6 32 23 71 80 28 31 57 10 44 16 97 40 97 96 84 31 34 84 28 38 25
34 32 90 89 58 6 30 85 33 1 72 38 40 19 34 59 20 66 73 63 13 53 86 19
94 88 71 92 62 50 44 88 89 7 28 1 73 80 88 61 81 58 42 23 90 57 91 27
68 47 39 100 61 78 23 26 98 9 57 24 40 4 100 3 37 17 88 86 94 73 83 47
76 24 14 55 58 94 13 88 82 35 35 74 91 25 76 34 92 2 59 93 38 44 98 66
8 81 86 85 53 6 58 32 91 31 40 36 21 58 68 65 52 92 94 60 74 97 35 52
53 90 71 34 35 85 83 80 61 8 48 26 40 61 59 89 92 17 82 10 87 100 66 67
15 8 79 20 78 9 63 93 99 66 14 93 72 9 38 46 28 49 38 39 78 11 32 12
0 9 13 13 17 20 21 22 10 10 10 11
9 0 8 7 10 15 20 24 14 12 12 10
13 8 0 4 7 9 15 20 14 11 11 7
13 7 4 0 6 9 17 23 15 13 12 9
17 10 7 6 0 8 19 25 19 17 16 13
20 15 9 9 8 0 16 23 20 17 17 13
21 20 15 17 19 16 0 9 14 13 13 12
22 24 20 23 25 23 9 0 14 15 14 15
10 14 14 15 19 20 14 14 0 4 5 8
10 12 11 13 17 17 13 15 4 0 2 5
10 12 11 12 16 17 13 14 5 2 0 5
11 10 7 9 13 13 12 15 8 5 5 0
