10
6
29 1 30 18 8 16
35 28 24 88 53 39
16 4 82 45 98 77
8 12 85 89 46 79
63 46 75 14 24 12
79 96 35 3 42 30
43 93 79 80 81 31
30 68 32 35 12 77
43 56 66 80 5 5
36 9 13 34 58 30
0 7 5 8 16 20 14 14 11 9 7 8
7 0 5 8 11 18 13 14 13 14 13 10
5 5 0 5 12 16 11 11 10 11 11 11
8 8 5 0 11 13 7 7 7 11 13 15
16 11 12 11 0 12 11 14 16 21 21 20
20 18 16 13 12 0 7 9 13 20 24 25
14 13 11 7 11 7 0 5 9 15 18 20
14 14 11 7 14 9 5 0 6 12 17 20
11 13 10 7 16 13 9 6 0 8 13 17
9 14 11 11 21 20 15 12 8 0 8 14
7 13 11 13 21 24 18 17 13 8 0 8
8 10 11 15 20 25 20 20 17 14 8 0
