10
4
40 23 4 39
53 78 12 48
48 31 86 70
22 44 74 79
10 68 9 86
56 65 10 3
15 67 52 50
61 73 44 26
84 70 83 17
14 63 15 40
0 11 16 21 25 24 23 22 16 14 12 11
11 0 10 12 17 16 14 15 10 6 9 8
16 10 0 12 19 18 18 21 17 13 17 16
21 12 12 0 9 9 8 13 13 10 15 15
25 17 19 9 0 3 5 8 13 13 17 17
24 16 18 9 3 0 3 7 11 12 15 16
23 14 18 8 5 3 0 7 10 10 14 14
22 15 21 13 8 7 7 0 8 11 12 13
16 10 17 13 13 11 10 8 0 6 6 7
14 6 13 10 13 12 10 11 6 0 7 6
12 9 17 15 17 15 14 12 6 7 0 3
11 8 16 15 17 16 14 13 7 6 3 0
