10
4
58 73 34 61
65 62 70 37
47 24 31 50
15 98 46 78
63 44 75 70
25 45 56 50
29 97 61 35
39 82 65 75
11 19 63 57
44 11 10 18
0 5 7 10 18 25 20 15 21 15 16 11
5 0 4 7 16 24 18 14 21 15 17 13
7 4 0 5 16 24 19 15 23 17 19 15
10 7 5 0 14 22 17 15 23 18 21 17
18 16 16 14 0 10 7 9 17 15 18 19
25 24 24 22 10 0 8 13 16 18 20 23
20 18 19 17 7 8 0 6 12 12 15 17
15 14 15 15 9 13 6 0 11 8 11 12
21 21 23 23 17 16 12 11 0 8 8 13
15 15 17 18 15 18 12 8 8 0 4 8
16 17 19 21 18 20 15 11 8 4 0 7
11 13 15 17 19 23 17 12 13 8 7 0
