10
20
58 15 66 35 73 57 23 11 15 47 53 27 21 24 29 73 77 56 91 23
38 68 35 53 46 25 12 24 80 30 81 40 3 85 77 7 82 2 82 42
67 35 34 45 69 55 95 84 37 34 75 75 11 44 5 84 20 74 31 59
30 6 54 12 90 77 17 57 94 14 86 73 43 90 48 34 16 68 90 66
22 25 35 21 21 46 90 10 37 27 32 61 63 22 70 21 58 56 81 78
25 4 33 14 31 97 5 94 87 38 38 4 49 65 45 47 54 92 38 12
77 23 40 69 89 2 56 27 38 43 71 22 58 68 81 6 14 5 11 89
96 100 72 98 99 39 1 83 27 28 21 80 73 58 54 26 76 31 84 30
76 62 65 78 8 75 7 89 29 33 44 94 6 48 62 64 36 65 58 22
59 34 69 12 5 83 82 30 17 23 81 46 79 99 57 54 80 39 80 49
0 13 13 19 20 23 21 19 19 14 11 11
13 0 5 10 10 15 15 14 17 15 13 11
13 5 0 8 13 19 19 18 21 18 16 14
19 10 8 0 13 20 21 21 25 24 22 19
20 10 13 13 0 9 11 11 17 17 16 14
23 15 19 20 9 0 5 7 13 15 16 14
21 15 19 21 11 5 0 4 10 12 13 12
19 14 18 21 11 7 4 0 8 10 11 10
19 17 21 25 17 13 10 8 0 6 9 9
14 15 18 24 17 15 12 10 6 0 5 6
11 13 16 22 16 16 13 11 9 5 0 4
11 11 14 19 14 14 12 10 9 6 4 0
