10
22
49 70 80 38 55 69 78 9 84 10 67 76 16 20 77 2 87 8 97 12 49 48
21 63 26 78 63 33 93 14 72 95 77 15 85 58 8 94 21 28 47 98 4 70
82 12 95 10 39 73 57 77 68 58 23 84 61 45 94 13 60 66 97 34 75 20
8 28 68 25 10 33 4 27 80 82 98 89 27 9 94 92 5 94 16 83 57 30
58 14 92 26 88 51 6 33 18 46 32 21 65 21 6 9 69 23 91 46 45 93
97 24 64 78 97 60 3 29 44 77 40 97 47 45 97 20 12 39 89 21 24 24
34 90 62 48 55 61 60 97 48 60 97 8 39 6 83 20 75 91 88 97 41 42
37 11 12 19 93 68 5 89 96 75 50 2 96 28 65 43 67 77 59 49 34 70
42 48 44 68 88 56 30 42 19 76 53 59 38 18 63 91 11 96 46 16 74 15
81 66 13 25 86 51 6 70 100 18 93 22 97 19 39 41 28 86 76 88 94 44
0 6 14 14 21 22 20 21 23 18 10 12
6 0 12 13 18 19 18 20 22 18 13 16
14 12 0 3 10 10 7 9 12 10 12 17
14 13 3 0 11 11 7 8 11 8 12 16
21 18 10 11 0 3 6 8 14 16 21 25
22 19 10 11 3 0 5 7 13 15 21 25
20 18 7 7 6 5 0 4 10 12 18 22
21 20 9 8 8 7 4 0 7 10 18 22
23 22 12 11 14 13 10 7 0 8 17 21
18 18 10 8 16 15 12 10 8 0 11 15
10 13 12 12 21 21 18 18 17 11 0 6
12 16 17 16 25 25 22 22 21 15 6 0
