10
12
30 70 25 28 57 41 57 64 94 63 60 2
49 78 69 56 94 53 77 47 50 25 66 43
12 25 31 44 99 55 44 42 91 60 54 5
48 80 52 5 6 30 17 38 40 22 41 36
4 44 58 6 21 65 7 68 94 79 36 32
84 38 90 82 28 65 93 66 15 77 75 87
85 86 49 66 8 35 30 100 75 77 36 7
53 76 71 67 15 58 23 72 52 48 65 79
58 74 22 5 94 14 51 25 95 51 48 27
44 68 63 62 44 29 48 13 80 11 37 94
0 13 14 15 19 18 15 18 7 6 5 3
13 0 12 15 18 19 20 25 13 14 14 14
14 12 0 6 8 10 11 19 11 11 13 15
15 15 6 0 5 5 7 15 10 11 12 15
19 18 8 5 0 5 9 16 14 15 16 19
18 19 10 5 5 0 6 13 13 13 15 18
15 20 11 7 9 6 0 9 11 11 12 15
18 25 19 15 16 13 9 0 14 14 15 17
7 13 11 10 14 13 11 14 0 2 4 7
6 14 11 11 15 13 11 14 2 0 3 6
5 14 13 12 16 15 12 15 4 3 0 4
3 14 15 15 19 18 15 17 7 6 4 0
