10
14
22 58 99 71 98 74 32 73 94 21 100 19 10 30
18 34 82 36 5 97 12 54 15 25 89 80 95 59
45 90 41 30 70 31 18 25 87 84 40 92 38 47
16 75 17 96 60 47 29 39 33 27 40 19 55 24
86 74 87 12 37 21 33 53 95 23 71 80 42 50
86 18 12 24 30 25 28 78 59 6 74 67 82 1
74 84 38 46 24 52 27 62 6 55 27 28 86 45
55 38 17 9 60 12 80 23 19 77 61 100 50 47
50 18 5 80 70 22 35 16 70 12 57 25 36 49
35 51 14 2 16 81 74 51 14 59 38 71 59 72
0 11 14 17 17 13 25 18 13 9 6 4
11 0 5 8 8 6 21 19 19 12 13 10
14 5 0 5 7 8 23 23 23 16 17 14
17 8 5 0 5 9 22 24 25 18 20 17
17 8 7 5 0 7 18 21 24 16 19 17
13 6 8 9 7 0 17 17 18 11 14 11
25 21 23 22 18 17 0 14 23 19 24 23
18 19 23 24 21 17 14 0 11 11 15 16
13 19 23 25 24 18 23 11 0 9 9 11
9 12 16 18 16 11 19 11 9 0 7 7
6 13 17 20 19 14 24 15 9 7 0 4
4 10 14 17 17 11 23 16 11 7 4 0
