10
24
39 36 39 80 80 30 69 62 97 78 23 95 58 23 35 68 93 60 68 55 91 21 8 17
20 34 87 29 58 7 41 2 54 65 32 39 7 21 10 83 2 50 76 34 42 41 75 17
2 77 51 9 70 42 75 40 5 60 95 9 39 54 49 54 53 88 96 47 21 91 74 9
48 70 15 15 79 99 48 82 58 84 72 100 53 99 97 42 84 7 86 89 67 76 49 64
98 61 23 18 83 6 63 50 64 6 41 89 17 1 51 42 46 1 24 92 5 49 4 43
8 52 7 11 1 9 45 25 45 4 85 87 9 29 64 99 44 15 26 2 47 80 81 91
10 10 75 86 90 100 27 67 78 98 87 80 78 21 67 10 46 73 50 83 71 23 32 28
60 20 98 67 8 50 21 59 2 52 93 39 27 10 24 21 90 39 24 82 38 21 53 6
81 99 94 56 27 11 93 13 9 33 80 56 47 43 18 35 36 31 2 45 88 44 94 39
77 4 83 77 78 41 31 32 68 77 46 58 35 15 82 5 97 90 95 33 49 8 52 10
0 3 9 15 17 16 23 19 18 13 10 7
3 0 8 14 15 16 24 19 19 15 11 9
9 8 0 8 9 10 20 16 20 18 15 13
15 14 8 0 4 10 20 19 25 24 21 20
17 15 9 4 0 8 19 18 25 24 22 21
16 16 10 10 8 0 12 11 20 20 18 18
23 24 20 20 19 12 0 6 17 20 21 23
19 19 16 19 18 11 6 0 13 16 16 18
18 19 20 25 25 20 17 13 0 7 10 14
13 15 18 24 24 20 20 16 7 0 5 9
10 11 15 21 22 18 21 16 10 5 0 5
7 9 13 20 21 18 23 18 14 9 5 0
