10
16
10 28 90 12 62 91 34 44 64 17 45 7 81 89 8 52
84 62 27 56 40 20 23 16 31 54 63 84 47 80 60 88
3 95 100 25 100 87 37 94 62 9 30 21 34 78 24 75
23 44 95 13 81 7 22 98 28 37 82 83 71 25 87 25
88 72 67 23 18 32 97 18 82 94 23 10 11 67 95 26
7 94 20 38 18 68 91 62 53 63 32 60 61 40 79 8
78 93 33 21 29 66 21 2 88 60 74 35 11 77 21 71
74 37 88 53 53 30 75 25 94 92 12 86 36 39 37 6
75 95 8 75 76 20 99 79 40 39 11 97 96 1 4 23
9 96 77 54 91 38 53 73 11 64 80 48 34 73 93 17
0 4 8 14 21 24 25 21 20 20 25 18
4 0 6 13 19 22 23 20 19 19 25 18
8 6 0 9 15 18 19 16 17 18 25 18
14 13 9 0 8 11 13 9 10 12 20 16
21 19 15 8 0 4 6 6 11 16 23 21
24 22 18 11 4 0 3 7 13 18 25 23
25 23 19 13 6 3 0 8 14 19 25 25
21 20 16 9 6 7 8 0 7 12 19 18
20 19 17 10 11 13 14 7 0 7 14 13
20 19 18 12 16 18 19 12 7 0 9 8
25 25 25 20 23 25 25 19 14 9 0 10
18 18 18 16 21 23 25 18 13 8 10 0
