10
16
33 47 87 74 89 68 21 5 26 92 42 52 88 87 39 61
46 2 70 28 40 68 94 46 100 73 50 76 91 52 51 17
9 33 95 34 18 78 51 7 13 17 80 100 47 68 36 58
49 15 54 70 2 65 9 39 16 31 30 73 1 53 83 47
32 76 96 50 29 1 49 55 69 45 22 78 65 86 41 4
54 37 77 95 85 21 50 60 59 36 67 51 67 43 62 33
70 66 65 30 9 70 21 45 93 71 90 15 33 65 74 7
96 4 2 97 83 40 90 9 67 7 30 70 6 16 79 67
54 77 44 1 58 12 58 86 98 87 50 67 100 62 27 6
66 51 38 69 26 15 84 88 50 23 88 42 83 49 60 52
0 8 15 15 12 9 8 12 6 9 12 7
8 0 9 8 11 12 14 18 12 13 12 9
15 9 0 4 15 18 21 25 18 19 15 14
15 8 4 0 13 17 20 25 18 19 16 15
12 11 15 13 0 8 13 20 17 20 21 16
9 12 18 17 8 0 6 13 13 17 19 14
8 14 21 20 13 6 0 8 10 14 18 13
12 18 25 25 20 13 8 0 10 13 19 14
6 12 18 18 17 13 10 10 0 5 10 6
9 13 19 19 20 17 14 13 5 0 8 6
12 12 15 16 21 19 18 19 10 8 0 7
7 9 14 15 16 14 13 14 6 6 7 0
