10
26
28 55 26 49 56 44 1 47 54 39 61 93 40 81 49 45 3 87 80 45 71 18 62 66 25 9
64 16 84 52 38 11 40 39 26 69 53 7 73 39 83 59 96 91 32 5 18 71 93 25 66 65
48 92 43 68 10 95 42 76 36 44 25 59 83 59 3 64 55 25 80 8 54 100 87 19 66 28
6 78 63 94 89 51 87 23 43 23 63 82 85 55 100 35 85 36 96 93 96 64 91 80 14 8
48 47 89 25 20 98 99 32 82 50 69 100 71 9 48 57 75 56 5 64 41 86 68 54 84 23
20 6 11 68 42 94 24 87 41 36 65 10 53 78 10 53 66 100 39 6 14 38 98 60 39 14
54 69 21 73 67 90 4 23 41 5 62 2 47 57 39 32 6 47 31 71 35 84 10 12 80 59
79 77 2 81 65 45 86 78 50 4 62 20 54 95 13 56 54 37 1 6 69 74 46 28 53 39
76 24 57 32 83 46 73 71 54 40 26 28 9 7 31 25 67 60 61 24 1 80 46 79 97 66
92 27 55 85 37 95 94 37 30 26 90 60 91 77 18 9 19 39 53 1 57 55 90 84 10 69
0 12 15 17 17 17 18 18 7 6 7 9
12 0 5 7 7 9 12 18 17 16 17 17
15 5 0 5 4 7 10 17 20 19 20 21
17 7 5 0 4 9 13 20 22 21 22 22
17 7 4 4 0 6 10 17 22 21 22 23
17 9 7 9 6 0 5 13 21 20 23 24
18 12 10 13 10 5 0 9 20 20 23 25
18 18 17 20 17 13 9 0 19 18 22 25
7 17 20 22 22 21 20 19 0 3 6 10
6 16 19 21 21 20 20 18 3 0 6 10
7 17 20 22 22 23 23 22 6 6 0 6
9 17 21 22 23 24 25 25 10 10 6 0
