10
20
59 27 30 8 79 23 73 52 45 32 12 39 50 27 27 59 80 66 39 87
5 43 97 18 49 5 73 87 30 70 4 43 53 6 74 77 64 36 41 92
81 48 15 64 60 52 78 54 32 32 79 37 99 47 3 93 22 100 66 63
85 84 49 70 36 53 90 42 53 22 79 8 28 86 83 59 16 98 82 20
90 17 73 35 94 57 51 100 52 80 79 100 38 58 27 62 1 96 38 54
35 6 73 49 69 79 6 62 40 55 22 39 72 26 51 73 12 73 75 28
98 89 92 11 91 94 35 48 67 67 44 15 3 62 70 15 12 90 96 87
70 84 59 65 13 34 74 13 68 3 90 48 46 30 49 62 79 26 16 14
52 60 13 30 21 64 70 36 69 11 84 60 100 61 47 77 35 49 72 70
84 78 97 48 77 1 88 14 93 83 30 46 67 67 75 15 3 65 14 55
0 7 4 5 13 14 23 21 14 20 10 9
7 0 5 8 13 13 23 23 18 25 14 14
4 5 0 5 12 12 21 20 14 21 11 11
5 8 5 0 9 11 19 17 11 18 8 10
13 13 12 9 0 5 11 12 10 20 12 17
14 13 12 11 5 0 12 15 13 24 15 19
23 23 21 19 11 12 0 9 13 23 19 25
21 23 20 17 12 15 9 0 8 16 15 21
14 18 14 11 10 13 13 8 0 13 8 15
20 25 21 18 20 24 23 16 13 0 12 15
10 14 11 8 12 15 19 15 8 12 0 8
9 14 11 10 17 19 25 21 15 15 8 0
