10
28
96 82 22 53 83 86 50 70 38 98 17 5 11 46 37 42 69 55 63 19 46 98 39 88 79 35 40 85
67 81 18 32 33 86 22 32 79 43 46 5 84 22 84 22 91 87 65 9 22 70 73 69 23 92 66 20
29 55 74 85 92 59 8 96 11 75 9 63 92 2 15 34 78 45 34 20 7 12 57 55 95 60 1 81
16 26 9 5 87 77 44 47 36 2 82 73 85 36 94 63 94 11 12 94 77 4 19 44 71 18 97 61
50 47 29 97 7 54 31 81 22 83 69 29 68 41 87 98 24 55 25 77 55 40 12 5 23 23 48 36
20 21 34 27 75 38 70 3 11 45 96 36 92 74 92 73 12 6 53 66 81 18 22 97 63 31 22 55
86 8 74 89 32 45 66 3 47 83 10 15 3 82 60 94 17 14 48 40 99 32 66 23 25 78 100 44
65 19 84 45 77 37 10 45 38 13 7 61 73 92 42 47 15 1 68 16 34 50 86 54 76 58 12 34
8 44 51 52 41 18 22 77 93 8 61 73 56 55 65 48 2 10 36 60 60 23 77 27 13 10 46 4
83 23 3 34 17 34 83 76 24 67 95 16 51 27 20 88 46 39 20 23 33 45 50 68 42 72 38 44
0 7 8 7 9 10 10 15 19 17 16 16
7 0 4 7 9 12 12 16 23 21 21 21
8 4 0 6 8 12 11 14 22 21 22 23
7 7 6 0 4 7 7 11 17 16 18 20
9 9 8 4 0 6 5 8 16 15 18 22
10 12 12 7 6 0 3 9 12 11 13 18
10 12 11 7 5 3 0 7 12 11 14 20
15 16 14 11 8 9 7 0 12 13 19 25
19 23 22 17 16 12 12 12 0 5 12 22
17 21 21 16 15 11 11 13 5 0 9 19
16 21 22 18 18 13 14 19 12 9 0 12
16 21 23 20 22 18 20 25 22 19 12 0
