10
20
35 28 81 28 9 52 72 91 20 36 65 84 65 68 26 92 99 36 5 59
18 91 36 16 29 57 98 43 14 56 43 5 17 19 21 27 57 48 79 60
97 10 81 4 35 50 3 27 43 51 58 27 74 8 63 35 55 36 99 58
82 77 61 32 88 10 22 36 98 30 49 80 77 51 9 98 69 2 22 83
42 5 30 95 39 34 55 25 13 19 64 95 90 94 71 17 95 32 28 50
45 51 100 70 13 17 29 93 25 20 91 36 83 6 32 84 33 72 87 40
74 44 10 2 53 80 51 77 88 81 27 52 73 88 94 74 43 13 8 65
100 27 27 54 78 35 97 20 67 85 91 36 64 23 50 49 40 29 31 92
34 93 17 49 20 85 100 74 23 43 38 96 68 76 74 95 9 69 83 69
60 56 30 11 49 30 61 63 48 76 40 35 16 4 60 5 80 11 54 97
0 7 11 13 20 25 25 20 20 13 11 13
7 0 8 8 15 21 22 19 22 16 14 12
11 8 0 5 12 16 16 13 17 13 11 7
13 8 5 0 9 14 15 14 20 16 14 10
20 15 12 9 0 9 12 16 24 23 21 16
25 21 16 14 9 0 5 13 22 24 22 17
25 22 16 15 12 5 0 11 20 23 21 16
20 19 13 14 16 13 11 0 11 14 13 9
20 22 17 20 24 22 20 11 0 10 11 11
13 16 13 16 23 24 23 14 10 0 4 9
11 14 11 14 21 22 21 13 11 4 0 7
13 12 7 10 16 17 16 9 11 9 7 0
