10
6
70 92 75 63 12 43
94 88 51 19 56 76
13 80 92 63 79 76
52 53 76 95 49 31
46 89 18 84 36 98
32 10 73 64 15 42
38 78 34 50 77 62
80 46 33 65 11 35
47 65 71 34 13 71
25 4 80 15 58 46
0 8 10 12 18 19 18 17 8 7 9 10
8 0 10 16 21 25 25 24 15 14 15 16
10 10 0 9 12 20 24 23 16 14 13 12
12 16 9 0 7 13 20 20 15 12 10 8
18 21 12 7 0 15 24 24 21 18 16 13
19 25 20 13 15 0 14 15 17 16 13 11
18 25 24 20 24 14 0 3 12 13 12 14
17 24 23 20 24 15 3 0 11 12 12 13
8 15 16 15 21 17 12 11 0 4 7 10
7 14 14 12 18 16 13 12 4 0 5 7
9 15 13 10 16 13 12 12 7 5 0 4
10 16 12 8 13 11 14 13 10 7 4 0
