10
10
80 3 76 44 55 81 69 25 33 14
58 97 59 75 17 33 68 14 2 51
16 96 24 83 70 50 72 5 20 59
88 16 31 47 87 14 35 81 79 99
40 17 78 44 52 16 21 4 87 99
90 89 43 12 73 6 22 61 73 44
70 45 3 86 29 31 55 94 79 19
65 39 99 5 84 70 88 97 93 90
76 58 91 96 80 31 94 49 66 86
74 48 99 83 28 12 40 87 43 72
0 6 5 5 13 20 20 21 14 11 8 6
6 0 4 4 13 21 23 25 18 16 12 8
5 4 0 2 11 19 20 23 17 14 10 6
5 4 2 0 10 18 20 23 17 15 10 6
13 13 11 10 0 11 16 21 22 19 13 9
20 21 19 18 11 0 12 19 25 22 17 16
20 23 20 20 16 12 0 9 19 16 14 16
21 25 23 23 21 19 9 0 16 14 14 18
14 18 17 17 22 25 19 16 0 5 10 15
11 16 14 15 19 22 16 14 5 0 7 12
8 12 10 10 13 17 14 14 10 7 0 7
6 8 6 6 9 16 16 18 15 12 7 0
