10
28
1 95 98 56 6 99 99 21 52 82 32 17 82 63 87 68 51 19 69 18 9 72 80 90 89 90 23 98
20 78 96 90 69 20 62 34 85 23 87 81 88 40 81 97 31 34 3 4 62 23 82 56 33 31 62 5
87 35 28 1 65 85 91 30 19 63 63 85 96 2 39 65 14 6 37 5 12 8 81 46 60 91 97 92
17 49 95 55 16 15 21 51 58 55 77 85 44 96 57 2 53 60 3 36 51 96 72 15 75 58 92 9
89 85 67 61 64 20 40 8 13 100 99 20 42 100 48 68 24 62 26 92 63 65 15 29 10 94 65 22
36 79 78 46 29 61 47 89 99 9 66 75 96 26 33 23 51 14 52 40 7 88 3 73 48 63 46 55
79 38 81 61 81 42 32 75 4 72 20 89 87 21 55 73 52 27 17 8 15 27 28 36 18 57 60 82
30 44 9 81 42 3 83 100 48 6 75 39 94 61 46 31 13 100 24 59 65 8 71 92 100 20 20 50
1 67 99 76 28 17 40 9 23 68 33 96 8 73 66 3 19 25 7 64 2 91 91 34 91 2 15 86
86 28 41 85 53 88 21 15 23 81 79 99 96 16 86 66 7 3 49 77 33 92 38 12 18 88 51 53
0 13 14 20 25 25 25 22 18 20 17 13
13 0 6 11 14 15 15 13 10 14 15 8
14 6 0 7 14 15 18 17 14 18 20 13
20 11 7 0 12 13 18 18 17 21 25 17
25 14 14 12 0 3 8 11 12 15 22 16
25 15 15 13 3 0 7 10 12 15 21 16
25 15 18 18 8 7 0 6 9 11 18 14
22 13 17 18 11 10 6 0 6 7 13 10
18 10 14 17 12 12 9 6 0 6 11 6
20 14 18 21 15 15 11 7 6 0 9 8
17 15 20 25 22 21 18 13 11 9 0 9
13 8 13 17 16 16 14 10 6 8 9 0
