10
10
62 45 71 40 8 16 70 100 46 46
36 93 55 88 95 91 51 86 13 36
31 93 63 99 90 2 95 93 32 76
53 47 91 51 14 78 98 42 58 85
35 77 38 62 39 56 35 83 70 96
38 61 49 88 7 2 20 21 75 60
6 49 89 89 73 37 84 89 92 86
62 2 15 14 10 92 25 53 80 23
40 70 36 35 19 40 100 57 2 72
39 66 26 39 59 53 9 83 19 84
0 3 12 12 15 17 8 9 11 13 13 7
3 0 11 11 14 17 9 10 13 14 15 8
12 11 0 7 9 19 16 17 21 23 24 17
12 11 7 0 5 13 13 14 19 22 23 18
15 14 9 5 0 13 16 17 21 24 25 21
17 17 19 13 13 0 12 12 16 20 22 21
8 9 16 13 16 12 0 3 7 10 12 11
9 10 17 14 17 12 3 0 6 10 11 11
11 13 21 19 21 16 7 6 0 6 8 11
13 14 23 22 24 20 10 10 6 0 4 10
13 15 24 23 25 22 12 11 8 4 0 9
7 8 17 18 21 21 11 11 11 10 9 0
