10
16
97 33 27 5 95 17 71 62 17 69 39 68 53 72 6 91
33 69 26 48 2 90 73 23 5 46 98 82 13 6 66 63
1 46 88 38 15 94 76 98 64 3 20 54 89 97 40 87
14 76 1 22 10 2 61 35 99 12 39 44 49 86 20 10
44 78 8 14 86 81 3 52 54 73 30 23 54 1 8 35
93 50 39 59 46 64 53 16 38 1 25 80 92 73 67 21
92 94 42 79 48 15 50 76 47 56 93 17 59 83 67 86
3 52 92 81 100 13 34 55 4 69 97 27 86 55 50 81
68 66 43 39 43 63 42 60 98 32 96 65 63 51 90 16
53 60 35 31 25 84 99 53 97 27 30 50 38 2 92 26
0 6 11 14 14 19 23 15 9 6 5 6
6 0 7 10 10 16 20 14 11 8 9 10
11 7 0 5 5 12 16 11 14 10 14 15
14 10 5 0 4 11 15 12 17 14 17 19
14 10 5 4 0 9 13 9 15 12 16 18
19 16 12 11 9 0 6 7 17 16 20 22
23 20 16 15 13 6 0 9 20 19 24 25
15 14 11 12 9 7 9 0 12 12 16 18
9 11 14 17 15 17 20 12 0 5 7 8
6 8 10 14 12 16 19 12 5 0 6 8
5 9 14 17 16 20 24 16 7 6 0 3
6 10 15 19 18 22 25 18 8 8 3 0
