10
26
87 56 33 82 30 52 71 80 85 76 45 43 86 36 15 2 31 45 87 94 11 40 97 42 27 30
27 9 100 90 11 18 65 9 80 25 4 50 99 70 87 19 86 48 11 97 54 1 60 61 30 93
62 91 73 5 61 63 71 3 37 82 81 43 86 43 14 13 45 21 60 39 22 75 7 51 49 90
80 99 60 29 37 6 97 49 84 3 36 78 65 83 26 46 55 82 39 40 45 72 34 53 80 69
42 75 59 24 71 64 74 31 87 87 13 62 21 4 81 72 51 98 21 33 26 15 41 80 48 96
70 69 8 6 11 96 11 38 98 35 21 27 89 99 57 93 73 47 49 72 96 92 28 63 22 68
52 20 84 37 36 44 1 97 86 29 4 26 7 77 23 93 27 29 75 51 13 34 86 46 8 79
29 33 35 37 6 66 66 56 47 72 85 76 49 23 91 94 7 83 32 84 33 84 72 35 28 18
32 47 22 29 91 37 53 59 32 38 48 96 37 86 4 3 33 92 66 43 67 19 47 4 99 68
24 82 35 11 83 14 84 1 34 36 97 7 72 47 52 77 7 57 94 38 99 27 73 67 100 7
0 14 13 16 18 21 25 24 11 15 17 12
14 0 6 9 13 18 23 23 15 23 25 21
13 6 0 5 9 14 19 19 11 19 22 18
16 9 5 0 6 11 16 16 13 20 23 20
18 13 9 6 0 6 12 12 12 18 22 20
21 18 14 11 6 0 7 7 13 17 21 20
25 23 19 16 12 7 0 4 17 19 22 23
24 23 19 16 12 7 4 0 15 16 19 21
11 15 11 13 12 13 17 15 0 9 12 10
15 23 19 20 18 17 19 16 9 0 5 6
17 25 22 23 22 21 22 19 12 5 0 7
12 21 18 20 20 20 23 21 10 6 7 0
