10
8
18 48 36 41 85 60 55 86
84 97 60 95 15 26 65 9
69 20 44 20 86 83 48 85
40 94 6 58 80 20 89 9
82 10 73 91 83 73 53 100
28 4 88 32 80 64 16 83
17 96 48 69 7 36 100 29
81 6 98 33 99 16 83 34
85 20 45 61 64 77 77 73
58 12 80 91 15 98 93 82
0 13 13 19 18 21 20 20 9 9 6 3
13 0 9 14 15 19 21 25 17 20 16 15
13 9 0 8 8 11 13 19 13 18 17 14
19 14 8 0 3 7 10 19 16 22 23 19
18 15 8 3 0 6 9 17 15 21 23 19
21 19 11 7 6 0 6 15 16 22 25 21
20 21 13 10 9 6 0 11 14 20 24 20
20 25 19 19 17 15 11 0 12 15 22 19
9 17 13 16 15 16 14 12 0 8 11 8
9 20 18 22 21 22 20 15 8 0 9 8
6 16 17 23 23 25 24 22 11 9 0 5
3 15 14 19 19 21 20 19 8 8 5 0
