10
12
53 98 88 65 15 10 10 90 55 82 60 83
63 39 84 82 44 99 65 46 33 87 89 94
53 41 82 61 2 45 83 38 58 95 25 4
16 12 40 61 65 39 1 65 19 95 99 71
77 13 3 74 87 89 96 44 80 89 32 77
13 74 49 10 73 13 25 100 64 63 25 78
2 71 23 100 6 83 77 1 69 44 56 6
39 60 6 45 34 9 20 78 83 93 6 74
100 1 72 89 98 63 90 35 58 52 58 94
56 89 23 11 45 22 42 66 88 100 63 69
0 7 19 22 15 13 16 11 10 9 6 3
7 0 21 24 20 18 22 17 15 14 9 9
19 21 0 5 13 13 21 22 20 20 22 19
22 24 5 0 15 16 23 25 23 23 25 22
15 20 13 15 0 4 10 12 11 12 16 13
13 18 13 16 4 0 9 10 9 10 14 11
16 22 21 23 10 9 0 8 9 10 15 15
11 17 22 25 12 10 8 0 4 4 9 10
10 15 20 23 11 9 9 4 0 3 8 8
9 14 20 23 12 10 10 4 3 0 7 7
6 9 22 25 16 14 15 9 8 7 0 5
3 9 19 22 13 11 15 10 8 7 5 0
