10
30
20 85 75 81 74 29 12 36 81 61 14 60 98 75 21 96 71 55 29 96 67 62 94 98 42 48 12 5 33 62
79 14 22 53 58 21 9 68 99 70 41 46 3 98 54 34 34 91 59 29 23 80 57 50 84 15 57 88 44 76
22 8 86 65 23 66 30 79 56 58 18 62 55 12 75 28 63 34 97 60 100 47 42 26 66 18 7 67 7 51
45 15 81 21 60 14 22 19 5 17 72 81 96 60 38 58 83 72 91 12 60 100 81 10 45 36 74 48 2 92
57 7 86 79 7 32 47 91 83 10 85 3 39 95 92 69 66 58 41 19 20 88 32 15 5 17 13 62 28 98
81 5 91 80 86 81 44 68 8 37 60 91 31 21 21 41 70 94 42 59 61 63 40 87 30 35 29 73 76 4
29 66 61 66 79 12 82 81 79 44 40 49 50 53 24 86 79 5 1 46 16 63 74 99 57 21 10 69 13 76
9 1 51 38 6 16 47 30 34 11 90 51 48 15 85 56 41 17 98 41 49 4 37 56 1 13 52 72 49 93
63 13 14 82 14 89 81 47 37 87 46 68 64 73 36 83 99 61 97 31 69 4 42 2 31 77 69 93 44 93
29 51 90 8 92 6 95 56 71 62 4 4 35 21 20 54 56 3 28 88 12 68 44 93 13 68 63 48 9 44
0 5 12 20 23 19 20 22 18 16 13 10
5 0 14 22 25 21 23 25 21 19 16 12
12 14 0 9 13 9 11 13 13 16 14 14
20 22 9 0 5 6 9 10 15 20 20 21
23 25 13 5 0 8 10 9 16 22 22 23
19 21 9 6 8 0 5 6 10 16 16 18
20 23 11 9 10 5 0 4 8 14 15 17
22 25 13 10 9 6 4 0 9 16 16 19
18 21 13 15 16 10 8 9 0 9 10 13
16 19 16 20 22 16 14 16 9 0 4 8
13 16 14 20 22 16 15 16 10 4 0 6
10 12 14 21 23 18 17 19 13 8 6 0
