11
26
84 91 100 81 17 97 19 42 73 16 72 55 17 58 90 72 97 5 84 11 9 18 99 67 31 27
82 77 21 42 28 32 80 94 44 11 50 60 82 83 4 82 97 2 10 58 69 26 36 83 31 39
94 99 11 56 77 65 92 70 19 39 77 22 36 53 15 75 61 47 3 29 89 7 58 32 13 42
93 5 72 8 13 50 42 43 25 61 85 77 24 33 70 10 84 32 27 77 77 14 90 17 93 29
10 75 90 61 71 8 33 8 46 56 87 17 37 26 6 54 47 98 8 9 31 51 69 100 13 98
16 19 72 71 82 90 89 69 26 44 32 64 82 47 18 26 52 85 61 14 44 76 43 96 92 75
56 54 6 29 27 22 31 52 98 43 26 22 78 44 32 99 2 43 39 6 77 66 39 36 43 30
88 84 22 52 26 41 72 52 61 86 72 43 24 38 10 76 46 2 31 99 44 66 28 5 8 96
35 96 62 75 92 36 66 82 43 98 30 57 93 99 13 84 22 59 75 44 2 66 84 72 6 38
11 73 25 83 95 26 97 71 48 98 7 76 85 24 74 12 72 75 27 17 75 27 12 74 97 62
15 44 48 32 80 11 84 37 70 42 98 32 70 27 8 57 42 28 38 87 92 43 43 78 61 31
0 4 11 9 11 11 20 18 18 19 22 16 15
4 0 9 7 8 8 17 16 16 18 20 15 13
11 9 0 5 7 11 19 21 21 23 25 22 19
9 7 5 0 4 8 17 18 18 20 22 18 16
11 8 7 4 0 6 14 16 16 17 20 17 14
11 8 11 8 6 0 11 12 12 13 16 13 10
20 17 19 17 14 11 0 9 10 10 12 13 10
18 16 21 18 16 12 9 0 2 3 6 6 5
18 16 21 18 16 12 10 2 0 3 6 5 4
19 18 23 20 17 13 10 3 3 0 4 6 6
22 20 25 22 20 16 12 6 6 4 0 8 9
16 15 22 18 17 13 13 6 5 6 8 0 5
15 13 19 16 14 10 10 5 4 6 9 5 0
