11
10
24 92 64 57 66 35 27 98 51 31
91 47 38 47 77 97 27 1 9 51
70 74 100 71 80 49 27 45 98 26
49 59 33 40 62 68 52 59 11 30
94 26 93 92 85 33 40 16 49 52
78 92 52 59 71 54 86 42 58 18
7 72 5 63 11 25 53 17 39 81
18 92 41 26 49 59 16 24 26 19
32 27 24 40 21 60 39 39 5 13
34 75 54 88 10 31 67 61 41 53
25 75 54 19 68 15 64 86 17 65
0 6 7 9 17 20 20 19 18 16 13 11 14
6 0 9 9 16 20 20 20 20 19 16 16 19
7 9 0 4 12 15 14 14 13 11 9 10 15
9 9 4 0 10 13 12 12 12 11 10 13 17
17 16 12 10 0 6 7 8 13 13 14 20 24
20 20 15 13 6 0 4 6 12 13 15 21 25
20 20 14 12 7 4 0 3 10 10 13 20 23
19 20 14 12 8 6 3 0 8 8 12 18 22
18 20 13 12 13 12 10 8 0 3 7 14 17
16 19 11 11 13 13 10 8 3 0 5 12 15
13 16 9 10 14 15 13 12 7 5 0 8 12
11 16 10 13 20 21 20 18 14 12 8 0 6
14 19 15 17 24 25 23 22 17 15 12 6 0
