11
10
81 35 24 54 16 83 32 6 86 44
29 5 24 24 75 13 40 61 93 11
50 90 5 39 50 67 61 37 72 16
29 57 84 35 92 100 22 5 44 95
83 57 30 20 33 51 5 51 78 55
52 26 17 64 27 95 43 5 76 29
10 79 88 60 82 9 94 83 66 87
94 37 100 75 46 5 1 30 30 70
19 98 96 52 54 83 61 72 3 63
74 65 34 11 14 73 14 56 36 92
63 61 54 7 13 29 35 89 58 46
0 5 10 14 19 21 21 20 9 8 8 6 3
5 0 10 13 18 20 20 16 5 5 7 6 5
10 10 0 5 10 12 13 18 11 13 16 14 11
14 13 5 0 7 9 9 18 13 16 19 17 15
19 18 10 7 0 4 5 20 18 21 24 22 20
21 20 12 9 4 0 3 21 19 23 25 24 22
21 20 13 9 5 3 0 19 19 23 25 24 22
20 16 18 18 20 21 19 0 13 16 19 18 20
9 5 11 13 18 19 19 13 0 5 8 7 9
8 5 13 16 21 23 23 16 5 0 5 4 7
8 7 16 19 24 25 25 19 8 5 0 4 7
6 6 14 17 22 24 24 18 7 4 4 0 5
3 5 11 15 20 22 22 20 9 7 7 5 0
