11
24
71 6 90 6 27 27 18 99 27 35 4 46 84 76 49 53 43 96 73 69 33 63 61 46
63 34 100 59 82 99 35 51 56 24 9 79 19 42 14 61 56 41 20 51 50 89 78 55
88 28 10 11 3 81 93 56 52 46 68 18 34 10 90 72 9 97 35 44 72 28 66 84
34 63 17 48 31 8 91 21 66 52 85 40 46 62 38 29 43 71 50 66 100 54 4 80
22 22 89 68 45 63 11 2 49 81 39 26 29 32 33 30 82 20 96 74 23 88 14 11
28 30 44 34 1 90 44 49 28 61 73 28 39 28 50 27 20 97 94 62 8 89 88 2
28 59 84 80 57 91 57 96 1 91 56 62 67 89 36 64 64 40 1 55 99 54 24 22
83 15 23 34 1 39 95 5 87 30 91 86 43 63 66 72 37 52 55 24 32 75 44 47
20 40 31 19 48 64 79 41 5 43 84 29 100 33 48 13 9 52 83 30 66 95 16 69
7 11 71 52 3 98 68 86 78 37 3 91 49 33 97 2 42 96 98 39 49 26 48 63
14 32 37 67 28 39 35 39 30 8 14 64 87 5 7 98 86 9 26 29 84 94 69 3
0 3 4 5 9 16 16 23 19 15 15 9 7
3 0 4 4 8 14 14 22 18 14 14 8 8
4 4 0 3 9 15 14 22 17 13 13 6 6
5 4 3 0 8 13 13 20 16 12 12 6 8
9 8 9 8 0 10 11 19 16 12 13 12 14
16 14 15 13 10 0 4 11 9 6 9 14 20
16 14 14 13 11 4 0 10 7 4 7 13 19
23 22 22 20 19 11 10 0 6 10 11 19 25
19 18 17 16 16 9 7 6 0 6 6 14 21
15 14 13 12 12 6 4 10 6 0 4 11 17
15 14 13 12 13 9 7 11 6 4 0 10 16
9 8 6 6 12 14 13 19 14 11 10 0 8
7 8 6 8 14 20 19 25 21 17 16 8 0
