11
6
82 88 71 56 58 42
88 32 84 66 62 72
41 58 4 79 1 53
76 75 38 30 44 52
51 9 44 77 5 30
62 46 44 29 73 98
48 39 76 32 22 91
79 82 79 96 67 37
89 31 25 25 24 39
29 24 20 92 18 85
92 65 62 73 71 32
0 8 15 15 17 19 17 20 16 12 14 12 7
8 0 9 8 11 16 15 19 19 13 14 10 8
15 9 0 4 8 19 19 23 25 19 20 15 15
15 8 4 0 6 17 17 22 24 18 18 14 13
17 11 8 6 0 13 15 19 24 17 16 13 14
19 16 19 17 13 0 6 8 16 11 9 10 14
17 15 19 17 15 6 0 6 12 7 5 7 11
20 19 23 22 19 8 6 0 11 9 7 10 14
16 19 25 24 24 16 12 11 0 8 9 12 12
12 13 19 18 17 11 7 9 8 0 4 6 7
14 14 20 18 16 9 5 7 9 4 0 6 9
12 10 15 14 13 10 7 10 12 6 6 0 6
7 8 15 13 14 14 11 14 12 7 9 6 0
