11
14
81 80 42 11 27 28 98 95 25 28 98 4 5 24
76 51 18 16 52 18 23 85 1 48 24 21 68 7
77 38 43 95 26 19 58 3 2 42 37 70 68 61
76 33 15 72 11 87 8 27 97 26 16 88 70 49
92 14 5 75 78 67 37 17 19 95 98 43 55 3
17 49 34 71 2 95 79 84 9 25 50 68 54 20
35 73 85 76 82 94 34 89 84 22 19 68 18 85
77 52 98 88 26 11 19 28 72 48 27 61 60 88
69 100 37 92 87 21 35 6 53 76 77 43 50 12
96 75 60 86 42 46 70 32 5 34 1 42 68 68
42 57 78 14 24 50 100 85 9 29 13 17 15 66
0 5 7 8 8 18 17 20 13 10 11 9 5
5 0 5 7 8 15 14 18 11 10 12 12 8
7 5 0 4 4 14 15 21 15 14 15 14 10
8 7 4 0 2 16 17 24 17 16 17 14 11
8 8 4 2 0 16 18 24 17 16 17 14 11
18 15 14 16 16 0 7 18 16 19 21 25 21
17 14 15 17 18 7 0 12 11 15 18 24 20
20 18 21 24 24 18 12 0 9 13 15 25 21
13 11 15 17 17 16 11 9 0 6 9 18 14
10 10 14 16 16 19 15 13 6 0 4 14 10
11 12 15 17 17 21 18 15 9 4 0 13 10
9 12 14 14 14 25 24 25 18 14 13 0 6
5 8 10 11 11 21 20 21 14 10 10 6 0
