11
14
52 99 43 51 77 92 67 85 24 15 8 97 85 59
30 75 80 19 83 75 9 93 12 31 63 48 15 82
38 87 100 77 99 57 69 53 30 49 40 22 73 48
41 42 28 16 13 14 67 4 9 14 16 65 19 53
36 94 32 56 90 56 88 100 29 91 7 32 88 34
8 59 89 75 100 36 25 22 65 54 71 29 97 71
25 50 85 93 23 70 26 38 41 24 70 16 6 80
88 37 9 84 27 80 32 19 67 16 61 54 67 67
55 39 99 81 73 38 100 6 77 76 76 81 18 98
24 61 82 27 94 54 74 40 13 29 68 97 7 83
59 6 77 65 4 17 56 64 82 81 15 96 19 39
0 13 13 20 22 22 25 20 17 15 11 8 5
13 0 3 13 15 17 20 19 21 15 13 10 13
13 3 0 12 14 16 19 18 20 14 12 10 13
20 13 12 0 4 6 9 12 17 12 13 14 18
22 15 14 4 0 5 7 12 18 13 15 16 21
22 17 16 6 5 0 5 9 15 11 13 16 20
25 20 19 9 7 5 0 10 17 14 16 19 23
20 19 18 12 12 9 10 0 8 7 10 14 17
17 21 20 17 18 15 17 8 0 7 9 13 14
15 15 14 12 13 11 14 7 7 0 5 9 12
11 13 12 13 15 13 16 10 9 5 0 5 9
8 10 10 14 16 16 19 14 13 9 5 0 6
5 13 13 18 21 20 23 17 14 12 9 6 0
