11
22
30 25 7 1 25 66 66 69 24 35 82 75 99 99 49 100 87 65 3 73 72 79
83 26 86 17 99 25 55 19 16 37 78 98 82 21 14 75 95 90 38 32 32 44
8 45 39 1 12 14 45 31 49 49 34 66 13 100 63 80 71 71 99 94 98 34
1 74 66 19 77 83 34 80 9 62 38 61 38 86 59 82 44 72 45 77 14 70
37 99 59 6 3 91 19 70 80 71 7 84 98 93 42 3 90 11 33 25 33 78
2 83 4 39 32 27 79 55 69 49 49 87 4 31 34 26 98 79 96 29 76 52
32 1 10 2 100 41 63 62 62 2 39 5 62 63 56 100 35 34 20 12 12 45
50 24 35 36 57 88 45 29 38 4 92 86 60 65 46 6 76 45 70 42 4 73
34 77 22 79 86 25 33 100 19 31 44 47 33 30 25 81 86 2 39 31 86 98
43 86 97 57 65 12 71 37 42 71 11 40 30 20 13 58 33 77 36 69 60 22
12 20 63 89 19 29 39 86 92 37 79 46 70 60 41 88 17 13 5 29 75 52
0 9 9 11 11 18 16 20 16 13 12 7 7
9 0 9 11 11 18 19 25 23 20 19 14 13
9 9 0 4 4 11 11 18 17 16 14 9 14
11 11 4 0 3 9 10 18 19 17 16 11 16
11 11 4 3 0 9 9 17 17 16 14 10 16
18 18 11 9 9 0 9 17 21 21 19 16 23
16 19 11 10 9 9 0 10 13 15 12 12 19
20 25 18 18 17 17 10 0 10 13 11 15 22
16 23 17 19 17 21 13 10 0 5 5 10 16
13 20 16 17 16 21 15 13 5 0 4 8 12
12 19 14 16 14 19 12 11 5 4 0 7 12
7 14 9 11 10 16 12 15 10 8 7 0 9
7 13 14 16 16 23 19 22 16 12 12 9 0
