11
28
75 56 17 56 48 51 68 31 12 16 14 46 85 41 18 30 88 40 80 80 63 17 14 16 4 27 26 39
77 3 2 91 97 16 93 79 63 37 79 10 27 48 99 31 29 95 30 89 59 21 84 62 55 100 20 89
36 23 37 44 50 57 36 74 91 31 63 47 83 45 24 81 25 26 41 12 50 94 20 84 51 31 76 98
91 48 75 38 74 47 25 15 34 17 33 51 7 100 47 81 79 64 61 56 89 56 69 53 12 16 50 96
100 57 61 21 52 29 95 68 70 13 10 85 55 95 4 65 21 75 10 80 38 91 93 46 11 4 68 48
88 61 40 60 57 23 8 83 26 95 14 30 5 47 1 39 20 39 82 20 82 82 25 70 41 5 5 71
48 43 62 73 6 3 16 50 91 59 92 49 71 55 20 9 91 41 83 14 96 10 37 74 36 94 11 6
68 68 67 68 84 80 61 56 12 18 92 98 57 77 47 31 34 8 51 33 77 79 91 58 76 88 88 90
56 88 50 94 99 98 60 98 73 43 67 15 80 64 96 79 66 59 85 84 5 68 13 18 75 9 24 66
58 79 55 14 85 34 35 93 64 64 11 53 44 37 100 1 86 10 48 59 18 18 20 76 91 47 63 70
45 37 89 40 73 8 2 69 84 72 46 11 61 43 47 34 14 91 85 62 71 14 28 78 22 97 57 75
0 6 6 9 7 9 11 11 8 13 14 18 10
6 0 4 9 9 11 15 16 12 14 15 17 10
6 4 0 6 6 8 13 15 11 16 17 20 12
9 9 6 0 4 5 12 16 12 20 22 25 17
7 9 6 4 0 4 10 13 10 18 20 24 15
9 11 8 5 4 0 10 13 10 19 22 25 17
11 15 13 12 10 10 0 6 6 16 19 25 17
11 16 15 16 13 13 6 0 5 13 17 23 15
8 12 11 12 10 10 6 5 0 12 15 21 13
13 14 16 20 18 19 16 13 12 0 5 11 7
14 15 17 22 20 22 19 17 15 5 0 8 7
18 17 20 25 24 25 25 23 21 11 8 0 10
10 10 12 17 15 17 17 15 13 7 7 10 0
