11
10
2 5 85 51 62 50 18 25 4 83
75 17 13 19 2 60 49 14 53 5
90 44 21 100 52 48 90 63 44 68
66 37 23 43 47 65 44 76 80 74
25 76 55 64 80 35 44 72 12 78
83 1 1 82 47 69 40 85 54 76
28 17 56 18 64 98 20 1 29 22
85 74 80 84 15 90 90 41 72 31
45 51 84 31 76 17 34 63 41 59
61 14 34 53 47 84 43 16 44 16
32 80 81 89 36 5 9 10 40 47
0 15 12 14 16 16 17 13 15 13 10 6 10
15 0 7 11 15 15 18 19 24 22 18 20 21
12 7 0 6 10 10 13 14 18 17 12 16 20
14 11 6 0 5 5 9 11 16 15 11 17 23
16 15 10 5 0 2 5 9 14 14 10 17 25
16 15 10 5 2 0 5 9 14 14 10 17 25
17 18 13 9 5 5 0 7 11 11 9 17 25
13 19 14 11 9 9 7 0 6 6 5 12 22
15 24 18 16 14 14 11 6 0 3 8 12 22
13 22 17 15 14 14 11 6 3 0 6 10 20
10 18 12 11 10 10 9 5 8 6 0 9 19
6 20 16 17 17 17 17 12 12 10 9 0 12
10 21 20 23 25 25 25 22 22 20 19 12 0
