11
16
5 39 74 63 32 48 57 67 90 35 49 85 63 26 27 33
26 9 55 82 84 54 25 3 28 27 65 95 61 10 77 27
18 85 20 95 59 56 74 15 55 24 46 92 15 79 84 31
86 81 30 98 43 74 64 90 35 24 64 13 65 91 36 23
26 42 11 15 88 61 12 18 55 73 46 9 79 27 29 99
73 82 8 47 21 99 78 5 66 33 56 56 42 20 59 44
40 54 33 79 37 53 34 15 13 81 86 16 1 43 72 56
75 43 14 100 12 41 97 94 61 10 45 75 26 5 65 33
93 51 70 9 48 65 89 11 59 29 14 35 24 25 59 85
34 78 61 67 88 47 94 1 47 93 54 35 12 97 55 82
64 44 27 84 1 25 31 81 6 99 91 1 28 84 11 82
0 6 14 17 16 22 23 25 22 15 12 7 3
6 0 10 13 12 17 19 22 18 14 11 7 5
14 10 0 7 7 15 17 23 20 21 18 16 13
17 13 7 0 2 10 13 18 16 20 17 17 16
16 12 7 2 0 10 12 18 16 19 16 16 15
22 17 15 10 10 0 5 11 10 18 17 19 20
23 19 17 13 12 5 0 7 7 17 16 20 21
25 22 23 18 18 11 7 0 5 16 17 21 24
22 18 20 16 16 10 7 5 0 13 13 18 20
15 14 21 20 19 18 17 16 13 0 5 10 14
12 11 18 17 16 17 16 17 13 5 0 7 11
7 7 16 17 16 19 20 21 18 10 7 0 6
3 5 13 16 15 20 21 24 20 14 11 6 0
