11
6
49 67 47 47 73 75
31 92 76 7 19 33
58 19 49 65 92 78
77 67 57 26 74 58
51 42 50 86 2 27
59 47 33 93 51 53
58 5 79 48 39 79
50 29 29 8 40 58
44 24 1 65 61 40
56 30 72 88 87 30
57 55 36 89 72 75
0 7 15 16 19 22 21 22 22 18 15 11 5
7 0 16 17 20 23 23 25 25 21 19 16 10
15 16 0 3 6 9 9 11 12 9 9 11 15
16 17 3 0 5 8 8 11 13 9 10 13 16
19 20 6 5 0 6 6 11 13 11 13 16 20
22 23 9 8 6 0 2 8 10 9 12 16 22
21 23 9 8 6 2 0 7 9 9 12 16 21
22 25 11 11 11 8 7 0 3 6 9 14 21
22 25 12 13 13 10 9 3 0 6 9 14 21
18 21 9 9 11 9 9 6 6 0 5 10 17
15 19 9 10 13 12 12 9 9 5 0 7 14
11 16 11 13 16 16 16 14 14 10 7 0 8
5 10 15 16 20 22 21 21 21 17 14 8 0
