11
12
83 64 63 19 21 72 10 87 62 75 4 22
21 37 16 34 65 73 59 49 98 28 75 57
95 45 34 10 11 12 40 52 64 40 60 3
98 62 92 48 59 86 65 99 96 62 29 52
29 79 27 3 61 47 55 4 2 62 36 37
81 20 89 52 85 84 61 13 55 22 58 48
7 96 65 43 55 49 28 29 41 82 69 92
2 4 93 93 62 39 71 96 41 97 52 33
84 66 23 3 40 63 28 16 54 59 3 50
97 18 69 72 77 69 70 70 73 35 36 34
44 79 61 96 62 87 28 38 19 88 31 35
0 14 17 18 22 24 19 22 16 13 15 13 5
14 0 12 14 18 21 20 25 24 22 18 14 12
17 12 0 4 8 10 11 16 19 18 11 8 14
18 14 4 0 6 9 9 14 18 17 10 8 14
22 18 8 6 0 4 8 13 19 19 11 11 18
24 21 10 9 4 0 9 12 20 20 12 13 20
19 20 11 9 8 9 0 7 12 13 6 8 16
22 25 16 14 13 12 7 0 11 13 9 13 19
16 24 19 18 19 20 12 11 0 4 9 12 14
13 22 18 17 19 20 13 13 4 0 9 11 12
15 18 11 10 11 12 6 9 9 9 0 5 12
13 14 8 8 11 13 8 13 12 11 5 0 9
5 12 14 14 18 20 16 19 14 12 12 9 0
