11
14
72 93 42 23 92 57 89 19 99 47 75 37 81 33
53 77 72 40 14 12 69 29 40 24 20 28 44 92
65 84 58 54 25 67 40 17 63 23 57 14 34 97
50 50 92 8 48 13 28 24 33 81 91 68 46 3
18 71 45 38 98 43 50 15 3 19 71 63 18 53
47 16 86 89 52 77 19 27 68 76 40 100 25 61
32 66 65 71 18 28 74 39 74 98 10 22 55 90
30 81 15 66 42 37 89 12 100 63 79 52 98 51
83 69 74 76 64 36 86 10 91 74 80 67 50 65
64 48 6 2 47 100 21 68 74 58 53 60 17 11
93 16 26 78 1 34 82 65 12 69 93 93 9 99
0 16 18 22 22 16 18 18 16 23 22 17 14
16 0 4 8 8 6 9 10 11 18 23 18 12
18 4 0 7 8 8 11 12 13 20 25 21 15
22 8 7 0 4 9 11 12 14 19 25 22 17
22 8 8 4 0 8 9 10 12 17 23 20 15
16 6 8 9 8 0 5 6 7 14 19 15 9
18 9 11 11 9 5 0 2 5 11 16 13 8
18 10 12 12 10 6 2 0 4 10 15 12 7
16 11 13 14 12 7 5 4 0 9 13 9 5
23 18 20 19 17 14 11 10 9 0 10 9 11
22 23 25 25 23 19 16 15 13 10 0 6 12
17 18 21 22 20 15 13 12 9 9 6 0 8
14 12 15 17 15 9 8 7 5 11 12 8 0
