11
14
90 80 56 44 48 17 73 3 95 56 67 90 32 56
61 97 46 26 75 29 14 29 86 13 43 13 88 20
31 76 37 93 6 19 20 82 25 42 57 75 86 90
36 9 41 31 47 97 7 40 38 35 86 81 81 74
34 67 57 39 1 84 99 25 38 44 84 29 46 76
87 91 98 41 58 33 100 43 98 47 94 68 36 94
13 70 2 59 74 80 16 93 59 51 34 49 52 41
45 40 13 71 56 80 54 22 62 17 19 6 32 8
68 17 66 6 87 4 11 18 13 2 33 31 24 89
10 55 87 83 93 73 37 5 16 88 17 80 21 22
66 30 29 50 15 90 91 69 9 21 23 42 98 97
0 11 12 22 20 14 9 12 6 5 5 5 4
11 0 2 17 16 12 15 20 13 11 14 13 13
12 2 0 17 15 12 16 20 14 12 15 14 14
22 17 17 0 4 9 19 24 21 19 24 25 24
20 16 15 4 0 7 16 21 19 17 22 23 22
14 12 12 9 7 0 11 16 13 12 16 18 16
9 15 16 19 16 11 0 7 5 6 8 12 10
12 20 20 24 21 16 7 0 8 10 9 13 12
6 13 14 21 19 13 5 8 0 4 4 8 6
5 11 12 19 17 12 6 10 4 0 6 8 7
5 14 15 24 22 16 8 9 4 6 0 6 4
5 13 14 25 23 18 12 13 8 8 6 0 3
4 13 14 24 22 16 10 12 6 7 4 3 0
