11
20
98 24 36 98 56 57 36 1 55 6 91 88 45 27 65 83 26 96 7 1
100 81 88 10 5 20 15 56 34 93 93 31 30 60 88 58 24 99 76 5
72 70 51 84 90 20 87 50 5 43 42 34 97 2 13 62 23 94 73 94
5 34 59 20 78 92 54 9 73 49 95 36 60 2 22 7 2 45 71 16
90 87 21 8 90 40 40 32 72 79 7 60 59 88 48 47 16 79 63 74
77 31 61 29 25 96 31 92 20 21 99 25 47 79 55 64 71 21 56 8
21 28 72 12 17 20 17 43 88 96 63 68 73 71 77 14 82 17 42 78
60 39 30 94 81 41 8 19 54 2 56 79 9 25 72 30 68 71 85 93
50 45 48 29 85 70 12 14 85 47 98 83 85 31 58 24 19 17 43 19
80 22 86 62 92 91 1 95 48 50 37 27 40 51 17 22 61 86 40 94
26 73 68 30 60 64 72 17 1 79 63 3 37 47 32 96 74 25 2 5
0 8 9 8 9 16 17 18 16 22 16 13 5
8 0 8 8 10 14 15 17 16 25 22 19 11
9 8 0 3 5 8 9 11 9 20 19 15 13
8 8 3 0 4 9 10 12 9 19 17 14 12
9 10 5 4 0 9 11 11 9 17 16 12 12
16 14 8 9 9 0 4 4 3 17 21 17 19
17 15 9 10 11 4 0 5 6 20 24 20 21
18 17 11 12 11 4 5 0 4 17 22 19 22
16 16 9 9 9 3 6 4 0 16 20 16 19
22 25 20 19 17 17 20 17 16 0 13 12 23
16 22 19 17 16 21 24 22 20 13 0 5 15
13 19 15 14 12 17 20 19 16 12 5 0 13
5 11 13 12 12 19 21 22 19 23 15 13 0
