11
10
84 48 5 26 22 67 60 85 14 72
12 30 49 59 63 23 74 6 9 61
73 68 84 60 43 60 72 63 12 55
61 86 57 82 14 52 21 62 69 73
36 88 77 84 59 34 62 88 50 71
12 70 14 39 99 86 62 68 79 75
45 13 39 11 93 4 69 18 9 87
26 30 14 33 39 32 26 7 86 30
89 65 25 67 77 38 92 91 59 74
37 3 93 46 31 4 35 9 30 44
34 29 8 40 9 66 70 17 29 38
0 7 7 12 15 17 14 19 19 17 13 7 7
7 0 3 7 10 12 9 17 20 19 15 11 9
7 3 0 6 10 12 10 18 22 21 17 12 11
12 7 6 0 5 7 6 17 23 23 19 16 13
15 10 10 5 0 4 3 15 22 24 20 17 15
17 12 12 7 4 0 5 16 24 25 22 20 17
14 9 10 6 3 5 0 14 20 22 18 16 13
19 17 18 17 15 16 14 0 11 15 14 16 14
19 20 22 23 22 24 20 11 0 6 8 14 13
17 19 21 23 24 25 22 15 6 0 6 11 12
13 15 17 19 20 22 18 14 8 6 0 7 7
7 11 12 16 17 20 16 16 14 11 7 0 4
7 9 11 13 15 17 13 14 13 12 7 4 0
