11
24
80 60 87 36 18 51 80 78 17 88 18 100 99 52 47 76 39 70 24 26 45 29 98 21
27 39 100 74 100 76 52 33 21 46 49 70 5 27 100 67 46 3 9 49 90 21 5 11
91 14 3 19 53 75 35 88 92 1 77 7 98 79 92 43 68 18 27 24 14 62 95 61
6 39 24 16 97 52 2 90 71 90 47 89 100 87 15 70 15 46 29 79 52 43 18 86
21 23 59 46 77 62 53 31 80 16 42 12 53 49 97 1 82 63 56 38 93 14 96 80
2 38 13 94 74 95 51 92 33 52 80 17 99 17 33 12 95 39 84 50 93 93 57 9
6 9 10 7 81 50 16 74 33 67 83 98 72 92 48 25 52 44 2 69 67 66 89 83
37 41 97 99 38 19 35 82 92 99 90 19 57 85 98 12 27 10 31 64 62 28 43 25
3 9 84 65 67 75 41 61 23 80 2 25 8 86 23 5 18 8 84 82 44 6 43 1
69 35 12 95 44 91 6 75 6 92 75 79 18 82 17 56 45 32 36 58 22 75 77 35
37 44 99 13 29 89 81 43 64 66 58 10 84 18 65 9 50 38 73 91 64 41 85 29
0 4 8 9 15 12 19 12 14 15 9 8 8
4 0 6 9 14 11 16 9 12 13 10 9 11
8 6 0 6 10 6 15 10 14 16 14 14 14
9 9 6 0 8 6 20 15 19 20 16 16 13
15 14 10 8 0 5 21 18 22 24 22 21 19
12 11 6 6 5 0 17 14 18 20 19 18 17
19 16 15 20 21 17 0 9 11 13 21 21 25
12 9 10 15 18 14 9 0 6 8 14 14 18
14 12 14 19 22 18 11 6 0 4 14 13 20
15 13 16 20 24 20 13 8 4 0 13 13 19
9 10 14 16 22 19 21 14 14 13 0 2 9
8 9 14 16 21 18 21 14 13 13 2 0 9
8 11 14 13 19 17 25 18 20 19 9 9 0
