11
28
29 17 25 89 62 57 57 60 1 72 80 59 55 14 39 81 1 25 19 94 43 90 21 37 77 13 72 72
74 60 69 16 31 43 86 48 85 79 47 83 54 29 19 99 67 35 96 7 37 38 88 42 96 65 30 8
55 93 91 6 66 12 23 98 4 100 27 74 66 8 80 57 18 54 60 48 23 13 88 24 23 81 48 92
2 67 40 13 26 31 23 65 54 23 99 22 6 16 26 34 71 22 80 25 65 32 28 64 69 1 70 9
62 52 68 67 16 49 4 64 81 4 60 72 15 39 48 34 90 25 66 14 10 85 40 67 67 63 35 2
10 80 13 97 10 35 68 61 68 92 36 31 7 88 18 100 72 92 72 10 24 92 24 1 24 87 45 22
37 19 96 89 12 24 57 87 17 49 97 71 44 44 37 50 7 37 65 56 6 55 53 31 81 39 40 85
17 15 4 48 53 12 47 81 29 46 59 48 32 57 13 20 62 56 39 58 99 38 58 8 55 22 73 48
99 24 49 26 89 34 30 76 6 61 74 62 31 5 48 63 26 46 16 40 83 56 79 78 62 62 48 49
99 97 32 41 64 80 8 98 51 64 98 48 16 38 46 6 6 73 8 52 14 66 22 45 23 38 80 72
50 56 1 99 42 21 100 40 58 48 31 36 27 9 74 87 18 99 65 81 14 41 81 66 68 70 91 33
0 10 11 9 15 17 19 23 21 14 9 11 6
10 0 4 4 13 9 11 15 13 7 5 11 12
11 4 0 4 11 8 9 14 12 8 7 13 13
9 4 4 0 10 9 11 16 14 9 7 13 12
15 13 11 10 0 12 14 17 17 17 16 22 19
17 9 8 9 12 0 4 8 6 8 12 18 19
19 11 9 11 14 4 0 6 4 9 14 19 21
23 15 14 16 17 8 6 0 5 14 18 23 25
21 13 12 14 17 6 4 5 0 10 15 20 23
14 7 8 9 17 8 9 14 10 0 7 11 15
9 5 7 7 16 12 14 18 15 7 0 7 9
11 11 13 13 22 18 19 23 20 11 7 0 9
6 12 13 12 19 19 21 25 23 15 9 9 0
