11
4
42 26 22 64
20 50 100 24
100 15 65 43
42 73 65 60
91 86 12 19
39 76 67 1
30 33 22 80
14 89 2 93
7 97 72 80
54 65 96 80
95 44 45 52
0 8 8 11 13 17 19 17 13 9 9 6 5
8 0 14 17 19 23 25 24 19 16 14 12 11
8 14 0 4 6 10 13 13 12 8 10 6 7
11 17 4 0 3 8 10 11 11 8 11 8 9
13 19 6 3 0 6 9 11 13 10 12 10 10
17 23 10 8 6 0 8 13 16 14 17 14 15
19 25 13 10 9 8 0 7 13 13 16 15 16
17 24 13 11 11 13 7 0 8 10 12 13 14
13 19 12 11 13 16 13 8 0 6 6 9 10
9 16 8 8 10 14 13 10 6 0 4 5 6
9 14 10 11 12 17 16 12 6 4 0 6 6
6 12 6 8 10 14 15 13 9 5 6 0 3
5 11 7 9 10 15 16 14 10 6 6 3 0
