11
26
86 26 16 94 16 49 43 90 55 45 50 90 47 47 34 52 73 4 27 44 5 49 64 77 83 48
34 66 55 57 80 20 79 96 19 89 63 14 37 100 46 60 33 57 43 11 54 98 52 79 58 38
52 20 56 76 56 43 100 40 37 8 100 78 59 73 51 24 9 67 42 53 99 24 21 83 79 8
64 22 19 18 97 84 4 97 53 57 45 76 97 58 89 80 31 89 1 56 36 53 45 63 63 86
32 54 96 89 7 9 39 28 10 70 67 95 83 65 77 12 97 50 91 57 38 21 11 71 5 58
26 25 70 24 55 32 35 28 34 37 58 86 100 69 59 55 80 94 18 50 23 81 4 91 6 81
1 78 26 49 12 35 42 12 61 75 89 91 33 63 23 30 60 63 49 64 63 40 8 13 72 44
77 63 63 60 9 82 51 45 39 29 88 72 23 6 28 99 25 50 34 57 82 62 12 65 13 46
41 40 71 97 75 42 90 18 62 68 76 19 29 89 60 13 49 32 43 85 96 50 18 5 31 47
8 72 4 30 16 49 12 13 54 85 36 22 26 27 46 1 57 56 32 95 8 47 73 64 7 32
82 67 81 61 50 68 50 25 68 40 50 67 65 7 33 79 88 98 49 2 55 43 53 34 62 22
0 4 6 17 13 16 18 20 13 19 11 7 4
4 0 5 15 10 14 15 18 11 18 12 9 7
6 5 0 14 11 16 18 21 15 22 15 10 8
17 15 14 0 7 11 15 17 16 25 24 22 20
13 10 11 7 0 7 10 13 10 20 18 18 15
16 14 16 11 7 0 5 7 8 17 18 22 19
18 15 18 15 10 5 0 4 7 14 18 23 20
20 18 21 17 13 7 4 0 9 14 19 25 22
13 11 15 16 10 8 7 9 0 11 12 18 15
19 18 22 25 20 17 14 14 11 0 12 22 20
11 12 15 24 18 18 18 19 12 12 0 12 11
7 9 10 22 18 22 23 25 18 22 12 0 4
4 7 8 20 15 19 20 22 15 20 11 4 0
