11
28
63 77 37 86 14 19 27 63 49 54 73 96 22 28 5 32 86 55 54 98 41 42 72 26 26 50 43 67
43 81 31 16 75 79 38 38 80 100 34 71 31 23 8 31 48 40 76 67 83 65 74 50 56 30 69 64
10 34 95 89 81 24 56 23 15 7 75 13 66 74 79 21 48 57 52 44 4 67 24 41 53 43 13 31
24 84 1 9 3 100 53 39 50 38 47 79 40 80 28 4 69 24 25 78 44 49 17 49 25 73 17 15
31 41 91 54 94 84 46 90 54 22 93 56 44 15 43 52 69 50 83 51 1 59 57 30 84 26 24 53
47 84 21 41 35 93 71 23 83 7 54 48 3 85 65 38 65 67 31 69 100 4 85 92 49 17 95 49
69 19 96 22 93 27 39 73 7 97 20 54 69 48 48 88 95 83 79 65 50 83 68 90 22 45 61 26
66 54 95 90 88 18 61 63 38 42 72 78 69 21 11 8 26 14 22 15 62 39 39 9 3 24 6 92
6 95 3 51 39 66 7 37 89 83 11 91 89 88 21 6 37 96 92 73 75 68 6 20 7 51 32 60
75 6 45 43 28 65 86 88 52 33 11 98 96 22 33 70 71 32 33 82 70 67 18 79 28 24 52 56
44 11 72 57 41 7 21 54 31 64 70 36 10 46 31 37 33 38 6 87 60 27 12 61 12 100 82 17
0 6 10 11 17 17 14 18 15 12 12 10 2
6 0 5 7 14 13 10 13 10 11 11 14 7
10 5 0 7 14 12 8 10 7 11 11 18 10
11 7 7 0 8 8 5 10 10 16 16 17 11
17 14 14 8 0 6 8 14 16 23 23 21 16
17 13 12 8 6 0 5 9 12 21 21 23 17
14 10 8 5 8 5 0 8 10 18 18 21 14
18 13 10 10 14 9 8 0 6 17 17 25 18
15 10 7 10 16 12 10 6 0 12 12 23 15
12 11 11 16 23 21 18 17 12 0 2 19 13
12 11 11 16 23 21 18 17 12 2 0 19 13
10 14 18 17 21 23 21 25 23 19 19 0 9
2 7 10 11 16 17 14 18 15 13 13 9 0
