11
22
53 100 7 68 29 15 31 84 18 73 45 34 49 29 37 1 62 16 71 30 89 20
85 32 94 19 36 55 98 85 47 32 39 74 86 15 38 70 54 31 84 92 100 48
43 84 20 98 84 78 99 70 96 43 18 24 7 56 53 85 74 65 56 100 15 45
25 96 16 83 95 20 72 89 30 63 44 49 13 5 50 42 61 44 68 16 47 74
60 45 59 90 60 3 85 64 34 59 77 89 55 56 94 65 81 17 26 86 55 82
23 92 24 32 3 98 19 34 11 45 8 97 24 90 90 99 43 21 71 98 86 91
37 55 81 84 97 51 60 7 97 22 42 47 36 25 90 5 48 47 13 21 81 58
73 36 50 86 99 83 17 30 10 66 45 99 79 22 44 55 49 64 46 89 5 93
75 82 74 64 54 75 38 29 15 71 70 48 27 32 15 66 12 37 98 30 18 82
7 61 9 58 54 47 56 60 69 89 55 51 28 49 42 96 25 33 41 53 16 98
4 89 74 100 82 89 22 47 9 78 73 29 22 76 44 50 5 47 49 64 11 38
0 13 21 21 23 24 25 22 20 15 12 10 7
13 0 12 15 18 20 22 25 24 19 18 18 16
21 12 0 8 12 14 16 25 25 20 22 23 22
21 15 8 0 5 7 9 19 19 15 17 20 19
23 18 12 5 0 4 6 18 18 15 18 21 21
24 20 14 7 4 0 4 17 17 15 18 21 21
25 22 16 9 6 4 0 15 16 15 18 21 22
22 25 25 19 18 17 15 0 3 8 11 13 16
20 24 25 19 18 17 16 3 0 7 10 12 14
15 19 20 15 15 15 15 8 7 0 5 8 10
12 18 22 17 18 18 18 11 10 5 0 4 6
10 18 23 20 21 21 21 13 12 8 4 0 5
7 16 22 19 21 21 22 16 14 10 6 5 0
