11
8
24 40 35 81 84 98 51 96
74 39 5 91 42 21 22 37
71 13 79 82 41 65 2 19
2 34 22 17 40 87 10 45
57 45 41 61 43 3 21 14
94 48 62 27 61 97 81 90
2 48 17 19 16 27 87 56
69 66 24 27 57 79 34 74
34 22 32 100 76 21 44 8
90 21 19 26 56 93 63 11
86 73 33 79 6 9 26 90
0 6 10 9 14 16 13 6 8 11 16 15 7
6 0 8 5 10 11 9 8 12 13 18 19 12
10 8 0 5 12 14 13 14 17 19 24 24 15
9 5 5 0 9 11 10 11 15 16 22 22 14
14 10 12 9 0 3 4 13 17 17 22 24 19
16 11 14 11 3 0 5 15 18 18 23 25 21
13 9 13 10 4 5 0 12 15 15 20 22 18
6 8 14 11 13 15 12 0 5 7 12 13 9
8 12 17 15 17 18 15 5 0 5 9 9 8
11 13 19 16 17 18 15 7 5 0 7 9 12
16 18 24 22 22 23 20 12 9 7 0 6 15
15 19 24 22 24 25 22 13 9 9 6 0 13
7 12 15 14 19 21 18 9 8 12 15 13 0
