11
8
98 3 100 81 80 77 66 88
4 43 39 60 7 27 75 58
81 64 26 30 52 78 12 97
23 86 44 23 75 53 70 77
5 42 6 70 66 73 84 65
53 20 73 74 40 7 40 31
27 51 10 79 53 53 45 61
85 20 3 23 54 40 58 87
5 61 88 3 15 59 36 39
22 66 21 13 34 1 39 51
88 71 28 31 10 34 7 4
0 5 7 9 16 15 21 15 19 20 12 3 4
5 0 5 6 12 11 18 15 20 21 13 6 7
7 5 0 4 13 13 20 19 23 24 16 9 8
9 6 4 0 12 12 19 20 25 25 17 10 10
16 12 13 12 0 3 9 19 24 25 18 17 18
15 11 13 12 3 0 8 17 22 23 17 16 17
21 18 20 19 9 8 0 19 24 25 20 22 24
15 15 19 20 19 17 19 0 7 8 5 14 17
19 20 23 25 24 22 24 7 0 2 9 18 21
20 21 24 25 25 23 25 8 2 0 10 18 21
12 13 16 17 18 17 20 5 9 10 0 11 14
3 6 9 10 17 16 22 14 18 18 11 0 5
4 7 8 10 18 17 24 17 21 21 14 5 0
