11
20
2 3 21 89 5 50 89 16 91 77 76 84 85 49 95 40 78 48 39 79
21 49 59 12 52 33 46 23 78 48 69 91 59 24 19 22 20 99 58 50
21 44 6 57 100 80 52 57 24 95 20 84 44 84 43 91 47 45 54 49
93 71 52 11 71 81 9 8 75 47 86 86 3 35 6 74 67 62 86 29
65 61 94 23 8 3 50 32 78 51 69 86 75 73 96 36 79 74 22 11
3 85 2 38 64 83 60 79 45 74 58 48 38 50 5 58 100 56 14 70
63 93 69 23 60 93 31 57 8 96 17 70 34 85 100 3 44 85 32 17
78 27 19 17 69 96 72 22 37 94 93 21 36 42 72 49 50 9 12 65
88 77 20 50 24 87 85 34 90 84 95 79 52 23 64 77 1 14 76 61
49 75 93 2 87 82 56 4 97 50 49 59 36 78 90 4 23 81 53 4
24 11 58 22 10 16 70 88 50 29 58 87 8 87 85 53 55 74 5 79
0 9 10 12 14 14 19 16 21 25 24 20 13
9 0 7 7 7 7 11 10 16 22 21 20 16
10 7 0 4 9 9 13 9 12 17 16 15 13
12 7 4 0 7 8 11 6 10 17 15 17 15
14 7 9 7 0 2 6 6 12 21 20 22 20
14 7 9 8 2 0 6 6 12 21 20 23 20
19 11 13 11 6 6 0 7 12 21 21 25 24
16 10 9 6 6 6 7 0 8 17 16 20 19
21 16 12 10 12 12 12 8 0 11 11 18 20
25 22 17 17 21 21 21 17 11 0 3 14 19
24 21 16 15 20 20 21 16 11 3 0 12 18
20 20 15 17 22 23 25 20 18 14 12 0 9
13 16 13 15 20 20 24 19 20 19 18 9 0
