11
26
14 93 92 76 20 16 71 4 14 89 37 61 87 57 55 37 92 29 22 20 69 84 59 47 16 54
76 42 98 76 74 26 84 7 93 3 73 59 61 92 34 83 93 63 85 13 77 53 51 19 38 25
55 35 77 24 87 68 90 28 30 82 75 11 7 83 20 54 59 49 72 77 39 74 24 95 50 87
20 91 69 30 22 70 25 27 8 84 87 22 67 5 62 44 96 94 39 98 24 32 90 79 19 85
77 91 43 14 16 79 44 31 24 26 36 88 83 76 96 76 56 61 20 59 49 25 81 77 71 89
52 38 69 30 40 71 44 78 10 28 57 75 9 23 83 33 72 81 90 61 3 3 43 11 67 27
81 88 71 40 86 26 72 25 9 34 83 26 48 32 60 47 35 65 90 93 37 87 61 59 87 25
39 20 83 31 69 55 5 4 82 69 92 15 99 86 9 34 35 22 35 45 66 20 100 13 81 43
80 98 1 14 58 19 16 37 50 61 11 80 20 16 50 19 52 43 36 22 18 83 85 3 37 85
77 87 96 23 15 43 75 3 100 32 19 61 14 89 60 19 41 81 9 93 52 99 87 80 41 93
89 31 24 99 72 54 49 58 100 58 57 61 46 38 86 55 44 9 54 35 76 83 38 26 65 53
0 6 8 9 8 6 7 14 15 14 20 18 6
6 0 4 11 12 10 11 18 19 18 23 19 9
8 4 0 12 14 12 13 20 21 19 25 20 11
9 11 12 0 6 8 11 18 19 19 25 25 13
8 12 14 6 0 5 8 14 15 16 21 23 10
6 10 12 8 5 0 5 12 13 13 19 20 7
7 11 13 11 8 5 0 9 10 10 15 17 5
14 18 20 18 14 12 9 0 3 5 9 16 10
15 19 21 19 15 13 10 3 0 5 8 16 11
14 18 19 19 16 13 10 5 5 0 7 13 10
20 23 25 25 21 19 15 9 8 7 0 13 15
18 19 20 25 23 20 17 16 16 13 13 0 15
6 9 11 13 10 7 5 10 11 10 15 15 0
