11
10
15 86 38 65 98 19 76 13 85 50
24 15 43 81 81 69 90 90 31 91
92 7 24 9 30 17 60 43 14 79
18 67 7 87 60 30 47 85 25 64
96 71 50 21 68 100 57 42 33 76
41 94 25 48 23 93 7 89 6 5
87 94 1 1 46 50 31 76 76 28
49 58 31 5 28 48 20 55 95 13
79 53 96 68 86 54 4 98 83 100
61 60 91 4 28 49 77 80 92 66
31 50 53 36 18 96 89 46 54 37
0 3 10 12 14 25 21 22 22 15 14 15 6
3 0 10 13 14 25 22 23 23 16 15 16 7
10 10 0 4 8 17 14 15 16 10 9 13 9
12 13 4 0 8 14 11 13 14 9 8 13 11
14 14 8 8 0 18 16 18 20 15 14 19 15
25 25 17 14 18 0 6 8 11 13 14 18 22
21 22 14 11 16 6 0 4 7 9 9 13 18
22 23 15 13 18 8 4 0 5 8 9 12 18
22 23 16 14 20 11 7 5 0 8 9 10 18
15 16 10 9 15 13 9 8 8 0 3 7 12
14 15 9 8 14 14 9 9 9 3 0 7 10
15 16 13 13 19 18 13 12 10 7 7 0 11
6 7 9 11 15 22 18 18 18 12 10 11 0
