11
4
76 37 36 68
100 44 72 40
35 79 49 20
41 62 90 94
51 77 51 62
40 85 7 26
87 30 64 100
5 69 38 64
83 86 97 88
54 64 21 56
38 32 46 100
0 7 6 10 14 14 14 20 14 14 13 8 8
7 0 9 11 16 16 17 25 19 19 18 13 13
6 9 0 6 10 9 10 18 14 15 14 9 6
10 11 6 0 6 7 8 20 18 19 18 13 10
14 16 10 6 0 3 4 18 18 20 20 15 12
14 16 9 7 3 0 2 16 17 19 19 14 11
14 17 10 8 4 2 0 15 17 18 19 14 11
20 25 18 20 18 16 15 0 12 14 15 15 14
14 19 14 18 18 17 17 12 0 4 5 8 9
14 19 15 19 20 19 18 14 4 0 3 8 10
13 18 14 18 20 19 19 15 5 3 0 7 10
8 13 9 13 15 14 14 15 8 8 7 0 4
8 13 6 10 12 11 11 14 9 10 10 4 0
