11
30
68 49 64 85 84 44 20 41 86 93 62 19 24 10 57 56 67 20 84 54 93 59 48 62 84 83 91 24 77 44
31 71 20 55 68 28 21 64 9 7 11 23 47 49 92 5 1 44 27 100 68 43 9 56 56 83 42 6 55 14
38 54 77 54 100 73 88 13 54 95 17 98 90 7 95 41 39 77 13 73 21 27 36 73 99 58 10 30 58 59
28 74 11 39 4 3 10 27 15 18 52 18 39 27 80 22 2 97 33 9 13 12 59 22 15 44 55 44 71 92
78 87 88 96 92 74 9 97 89 49 51 23 60 16 58 3 69 71 46 3 46 30 46 85 64 51 37 89 6 13
83 81 53 38 13 61 7 55 78 82 52 17 45 52 73 2 65 25 77 94 84 64 47 17 13 56 89 40 83 18
63 40 24 23 41 13 51 87 13 94 55 75 29 32 50 98 34 50 8 37 74 43 69 87 57 94 28 8 68 29
16 39 61 37 62 34 25 44 25 99 31 37 74 69 95 67 66 17 92 68 63 86 41 4 12 41 10 83 31 44
74 50 8 53 78 19 10 73 33 42 3 19 10 57 66 82 12 40 13 83 89 71 97 47 19 43 53 42 38 31
37 44 60 53 71 56 15 93 56 36 91 97 85 78 90 16 58 98 82 76 6 74 90 19 36 9 76 92 24 43
9 11 72 69 29 51 97 36 100 53 46 27 73 44 67 85 84 48 69 22 98 72 58 79 69 49 72 19 27 18
0 3 8 13 13 17 20 20 21 19 11 10 6
3 0 7 12 12 17 21 21 22 21 12 11 7
8 7 0 7 7 12 18 19 22 21 11 8 12
13 12 7 0 6 9 20 21 25 25 15 11 17
13 12 7 6 0 6 15 17 21 21 11 7 17
17 17 12 9 6 0 14 17 22 22 13 10 21
20 21 18 20 15 14 0 5 11 13 11 12 23
20 21 19 21 17 17 5 0 8 9 10 12 22
21 22 22 25 21 22 11 8 0 4 13 16 22
19 21 21 25 21 22 13 9 4 0 12 15 19
11 12 11 15 11 13 11 10 13 12 0 5 13
10 11 8 11 7 10 12 12 16 15 5 0 14
6 7 12 17 17 21 23 22 22 19 13 14 0
