11
28
62 8 26 77 85 62 29 68 62 83 45 69 93 12 52 16 48 5 28 29 57 55 90 87 82 16 67 44
26 73 51 51 26 51 77 90 77 25 34 77 65 7 79 42 99 39 71 48 59 25 75 26 6 6 66 60
70 47 96 35 58 75 10 40 65 47 93 10 62 46 92 46 60 89 61 27 2 14 32 48 58 90 58 100
58 73 9 68 42 27 37 29 34 53 68 88 68 89 31 17 52 34 94 2 20 2 22 67 62 36 42 37
72 41 31 95 96 3 41 38 96 23 93 93 16 76 49 97 77 39 33 19 79 56 61 17 68 29 4 5
81 79 10 90 22 18 29 68 47 87 92 96 66 86 84 26 79 64 67 7 12 37 5 34 89 61 37 61
98 54 3 42 44 70 57 32 47 25 24 39 34 5 38 1 77 80 52 29 61 62 23 17 31 80 78 27
61 28 50 83 58 30 90 5 83 84 76 60 94 100 72 18 78 87 88 88 15 83 78 15 22 15 15 51
31 99 93 35 89 60 75 44 22 26 84 20 58 49 12 23 26 73 82 27 11 84 90 91 23 87 91 69
77 73 45 9 77 71 75 23 82 37 92 19 27 99 42 23 44 59 8 8 61 85 33 54 86 96 48 83
89 87 90 25 10 82 54 81 95 17 31 51 96 18 53 94 67 59 81 71 8 66 36 22 48 64 65 44
0 3 5 7 10 15 15 17 22 18 10 9 6
3 0 5 7 9 14 14 16 22 18 11 10 7
5 5 0 3 6 13 11 13 18 15 8 8 9
7 7 3 0 5 13 11 12 17 13 7 7 10
10 9 6 5 0 9 7 9 14 11 10 11 14
15 14 13 13 9 0 5 7 15 15 18 18 20
15 14 11 11 7 5 0 4 12 11 15 16 19
17 16 13 12 9 7 4 0 10 10 16 17 21
22 22 18 17 14 15 12 10 0 6 18 20 25
18 18 15 13 11 15 11 10 6 0 14 15 21
10 11 8 7 10 18 15 16 18 14 0 3 11
9 10 8 7 11 18 16 17 20 15 3 0 9
6 7 9 10 14 20 19 21 25 21 11 9 0
