11
22
29 39 48 15 17 26 35 79 15 31 81 46 59 44 91 39 11 60 65 55 54 43
12 63 31 74 21 95 63 8 54 21 64 43 19 60 88 69 86 70 82 88 36 78
30 20 15 13 70 84 2 71 100 22 18 93 25 91 77 90 13 54 83 80 38 23
58 1 24 84 81 2 13 78 61 13 27 7 58 13 20 11 54 95 5 73 14 48
90 54 57 25 12 52 65 43 63 76 63 32 39 75 3 56 72 39 40 94 92 20
85 31 61 89 6 68 39 10 32 97 13 50 11 54 22 49 32 2 97 25 12 58
67 87 45 23 64 88 54 82 46 54 93 46 72 46 43 59 85 98 92 53 46 47
67 97 43 47 24 13 99 86 100 65 99 99 90 98 61 11 66 6 68 82 5 67
27 57 18 13 6 75 21 56 66 52 73 82 55 42 27 65 18 34 75 97 25 95
85 22 90 42 33 45 65 32 8 35 10 56 37 9 77 54 79 24 97 29 23 21
21 34 95 34 44 4 69 58 80 86 95 36 35 92 98 36 84 58 75 85 38 64
0 7 14 17 22 25 24 19 21 19 16 10 7
7 0 12 13 17 21 22 18 20 18 16 12 9
14 12 0 8 13 14 12 8 10 9 8 9 10
17 13 8 0 7 10 11 10 13 13 14 15 15
22 17 13 7 0 9 14 15 17 18 19 20 20
25 21 14 10 9 0 9 12 14 16 18 22 22
24 22 12 11 14 9 0 7 7 10 13 18 20
19 18 8 10 15 12 7 0 5 5 8 13 15
21 20 10 13 17 14 7 5 0 5 8 14 16
19 18 9 13 18 16 10 5 5 0 5 11 13
16 16 8 14 19 18 13 8 8 5 0 8 10
10 12 9 15 20 22 18 13 14 11 8 0 5
7 9 10 15 20 22 20 15 16 13 10 5 0
