12
16
68 35 85 5 31 84 61 20 84 26 73 3 60 56 42 50
51 87 61 45 23 65 1 35 34 23 27 79 58 3 87 19
59 46 79 4 54 22 57 68 91 87 34 100 98 95 41 8
43 59 55 57 63 42 8 40 57 11 1 45 60 69 90 33
77 79 46 81 16 88 9 86 59 15 91 99 12 31 63 72
98 9 95 4 55 54 12 17 8 5 49 40 79 6 1 56
31 49 49 57 13 33 48 98 23 46 21 47 61 81 37 44
73 95 59 4 10 24 68 82 42 19 24 31 68 18 34 49
75 6 58 73 88 22 23 98 47 42 31 64 15 72 88 90
94 9 54 60 73 82 3 92 59 39 2 91 62 74 10 76
81 40 98 2 46 24 78 64 79 46 12 13 99 34 16 38
95 30 55 45 53 25 85 2 47 36 4 69 21 38 57 82
0 5 7 6 9 7 11 13 16 18 20 15 13 5
5 0 4 3 10 10 14 15 19 20 23 18 15 5
7 4 0 2 11 11 16 17 20 22 25 20 17 6
6 3 2 0 10 11 15 16 19 21 25 20 17 6
9 10 11 10 0 6 11 8 12 15 20 19 20 12
7 10 11 11 6 0 6 7 10 12 16 14 16 10
11 14 16 15 11 6 0 7 8 9 11 11 14 13
13 15 17 16 8 7 7 0 5 8 14 16 20 16
16 19 20 19 12 10 8 5 0 4 11 16 21 19
18 20 22 21 15 12 9 8 4 0 9 15 21 20
20 23 25 25 20 16 11 14 11 9 0 12 18 22
15 18 20 20 19 14 11 16 16 15 12 0 9 16
13 15 17 17 20 16 14 20 21 21 18 9 0 12
5 5 6 6 12 10 13 16 19 20 22 16 12 0
