12
10
45 57 85 66 22 9 65 96 31 100
26 14 9 61 72 23 80 86 28 64
16 67 16 16 55 39 70 76 44 5
3 58 97 21 20 7 65 2 67 61
48 9 99 6 23 2 64 56 81 44
65 57 58 68 88 70 61 26 78 64
87 74 91 67 39 92 77 10 40 77
94 54 70 50 97 42 91 14 98 16
59 22 43 17 80 79 27 12 74 3
38 5 50 35 80 33 19 93 47 57
56 40 39 61 55 28 90 95 67 87
93 70 82 62 14 75 44 82 25 10
0 3 7 9 10 18 24 14 12 13 17 20 21 12
3 0 8 9 10 19 25 15 13 14 18 22 23 14
7 8 0 3 5 13 20 9 8 10 14 19 20 13
9 9 3 0 4 11 18 8 7 9 13 18 21 13
10 10 5 4 0 11 19 9 9 12 15 21 23 16
18 19 13 11 11 0 11 7 9 12 12 19 23 19
24 25 20 18 19 11 0 12 14 14 11 16 20 20
14 15 9 8 9 7 12 0 4 7 8 14 18 13
12 13 8 7 9 9 14 4 0 5 8 14 17 11
13 14 10 9 12 12 14 7 5 0 6 11 13 8
17 18 14 13 15 12 11 8 8 6 0 8 12 11
20 22 19 18 21 19 16 14 14 11 8 0 6 10
21 23 20 21 23 23 20 18 17 13 12 6 0 10
12 14 13 13 16 19 20 13 11 8 11 10 10 0
