12
8
49 100 53 94 72 54 92 8
17 34 10 85 97 62 99 89
78 54 43 23 39 94 45 65
80 99 20 29 4 42 29 78
68 29 50 51 93 8 58 28
94 1 71 84 18 98 20 22
51 35 20 49 92 27 63 63
17 70 79 12 25 63 53 100
87 62 35 27 9 20 26 99
45 44 30 66 12 12 49 62
58 59 22 70 7 36 66 87
52 19 78 52 79 12 61 54
0 2 5 5 12 15 19 12 13 16 21 18 14 8
2 0 4 5 12 15 19 12 13 16 21 19 15 8
5 4 0 4 10 12 17 11 12 15 21 20 17 10
5 5 4 0 9 12 15 9 10 13 18 17 15 8
12 12 10 9 0 7 9 7 9 11 17 19 21 13
15 15 12 12 7 0 11 12 15 16 23 25 25 18
19 19 17 15 9 11 0 10 11 10 15 20 24 18
12 12 11 9 7 12 10 0 4 6 12 14 16 10
13 13 12 10 9 15 11 4 0 5 10 11 15 9
16 16 15 13 11 16 10 6 5 0 8 12 17 12
21 21 21 18 17 23 15 12 10 8 0 9 17 15
18 19 20 17 19 25 20 14 11 12 9 0 11 12
14 15 17 15 21 25 24 16 15 17 17 11 0 9
8 8 10 8 13 18 18 10 9 12 15 12 9 0
