12
6
17 88 60 38 3 5
44 30 21 72 42 42
80 68 37 91 54 16
21 35 98 59 29 55
29 33 11 95 49 68
16 15 67 40 76 52
66 82 21 42 95 81
21 14 70 55 37 13
26 33 2 100 78 97
65 50 21 16 4 29
92 26 6 11 22 57
92 13 5 4 81 15
0 10 19 14 14 14 7 9 9 9 9 5 4 3
10 0 10 7 8 11 8 14 15 17 15 10 11 12
19 10 0 8 10 15 16 21 23 25 22 18 19 20
14 7 8 0 3 8 10 15 17 22 20 15 15 16
14 8 10 3 0 6 10 14 16 22 20 16 16 16
14 11 15 8 6 0 9 12 14 21 21 17 16 16
7 8 16 10 10 9 0 7 9 14 14 10 9 9
9 14 21 15 14 12 7 0 4 13 15 12 11 9
9 15 23 17 16 14 9 4 0 11 14 12 10 8
9 17 25 22 22 21 14 13 11 0 7 10 8 7
9 15 22 20 20 21 14 15 14 7 0 6 7 8
5 10 18 15 16 17 10 12 12 10 6 0 3 5
4 11 19 15 16 16 9 11 10 8 7 3 0 4
3 12 20 16 16 16 9 9 8 7 8 5 4 0
