12
28
89 68 8 35 7 6 76 56 98 39 70 81 70 37 11 92 85 81 17 57 53 45 71 74 11 33 77 21
53 99 10 27 99 47 69 59 94 54 43 40 72 18 10 97 68 30 28 74 72 50 30 78 58 19 32 86
82 67 91 93 93 33 50 90 55 96 63 66 68 93 35 1 54 1 17 18 12 43 28 54 92 62 27 14
34 20 86 74 56 80 6 60 54 16 81 84 63 91 60 9 56 26 91 36 3 62 22 76 27 76 23 43
10 90 33 4 74 20 8 80 82 49 43 79 73 90 70 96 50 58 83 81 32 24 17 15 63 66 86 87
75 3 1 98 10 71 20 19 67 78 90 51 60 16 10 45 19 18 21 43 86 89 80 48 90 15 56 66
23 32 88 92 37 10 87 89 85 7 86 83 92 27 30 37 56 43 27 41 52 3 74 55 59 4 72 32
57 91 16 68 74 58 64 36 37 97 74 87 66 30 96 15 67 18 60 5 74 5 40 57 51 12 64 30
34 25 72 33 49 47 76 43 39 49 14 59 30 83 49 51 4 33 75 55 68 52 57 49 36 77 60 69
65 71 42 20 5 37 96 11 64 38 68 82 6 33 45 36 23 88 97 99 47 77 72 1 53 37 35 54
41 66 56 65 45 82 14 24 26 52 83 79 15 87 59 69 38 4 81 64 57 6 1 72 10 51 7 80
29 68 59 33 19 24 1 65 51 63 50 29 62 69 66 9 56 63 37 91 99 67 21 32 43 93 62 2
0 9 15 17 24 19 18 23 25 20 16 14 13 8
9 0 7 11 16 11 10 17 19 16 15 12 11 11
15 7 0 8 11 6 5 13 15 15 17 14 13 16
17 11 8 0 10 7 10 19 20 22 24 21 19 20
24 16 11 10 0 6 9 15 15 21 25 23 21 25
19 11 6 7 6 0 5 14 15 18 21 19 17 20
18 10 5 10 9 5 0 10 12 14 18 15 14 18
23 17 13 19 15 14 10 0 4 10 17 15 14 21
25 19 15 20 15 15 12 4 0 11 18 17 16 23
20 16 15 22 21 18 14 10 11 0 9 9 9 16
16 15 17 24 25 21 18 17 18 9 0 5 6 10
14 12 14 21 23 19 15 15 17 9 5 0 3 9
13 11 13 19 21 17 14 14 16 9 6 3 0 9
8 11 16 20 25 20 18 21 23 16 10 9 9 0
