12
24
72 4 62 24 87 93 5 60 27 23 49 12 15 73 51 84 81 1 60 13 2 44 90 68
50 77 5 12 23 90 69 31 1 20 69 49 77 1 4 59 18 52 78 32 52 34 8 2
11 75 71 97 95 90 59 59 73 43 62 7 38 4 50 1 56 49 64 17 70 64 1 63
18 3 64 80 26 48 1 31 71 21 100 82 84 67 47 17 50 84 44 71 86 98 51 21
42 16 21 4 100 53 49 14 81 65 4 26 61 82 65 96 97 97 36 59 90 44 14 56
73 19 91 36 17 77 57 53 21 50 1 77 77 86 78 24 47 97 23 50 64 61 63 48
77 80 43 27 48 62 5 60 21 4 99 78 63 4 78 88 28 95 28 4 79 69 19 26
77 11 50 49 69 99 55 29 87 30 43 31 51 75 53 85 47 58 66 87 42 32 95 64
39 59 38 51 47 25 13 90 54 67 80 64 70 56 91 48 48 77 47 65 25 15 3 56
30 89 60 69 74 88 19 92 12 55 1 71 72 32 33 21 46 60 70 20 3 89 57 14
43 94 86 43 26 73 34 55 69 31 64 32 17 79 11 55 43 3 17 27 61 53 59 91
73 70 1 27 69 3 76 31 90 68 66 50 38 23 41 100 61 48 71 2 61 55 55 60
0 8 12 14 14 9 12 10 12 13 9 7 9 9
8 0 6 8 10 10 16 16 18 19 14 13 13 9
12 6 0 4 12 15 21 20 22 22 17 16 16 10
14 8 4 0 12 16 22 22 24 24 20 18 18 12
14 10 12 12 0 9 15 20 23 25 21 19 21 18
9 10 15 16 9 0 8 14 16 20 15 15 16 16
12 16 21 22 15 8 0 11 14 20 16 16 18 20
10 16 20 22 20 14 11 0 4 10 7 8 10 15
12 18 22 24 23 16 14 4 0 8 7 9 10 16
13 19 22 24 25 20 20 10 8 0 6 8 7 14
9 14 17 20 21 15 16 7 7 6 0 3 4 10
7 13 16 18 19 15 16 8 9 8 3 0 3 9
9 13 16 18 21 16 18 10 10 7 4 3 0 8
9 9 10 12 18 16 20 15 16 14 10 9 8 0
