12
14
53 54 58 23 34 70 46 85 70 98 3 71 42 24
29 34 9 10 75 44 65 32 72 86 23 91 13 61
40 72 45 16 27 34 25 49 93 61 59 8 64 46
6 20 50 56 7 31 60 36 39 16 9 42 92 4
93 5 11 88 49 34 12 88 30 41 12 64 14 50
37 40 88 45 39 22 68 48 74 56 94 46 36 30
67 92 10 3 38 54 37 75 67 15 37 92 27 28
98 43 93 67 78 32 21 70 64 22 52 54 68 2
63 5 73 77 5 2 2 45 100 33 21 85 59 82
95 33 97 55 67 80 39 28 56 10 25 31 60 43
51 77 18 14 85 29 51 11 42 5 17 2 8 85
45 71 22 43 86 62 6 15 72 3 52 76 87 46
0 3 7 13 12 9 13 18 24 16 16 12 5 4
3 0 6 12 12 9 14 19 25 17 18 14 7 6
7 6 0 8 7 5 10 15 22 16 18 14 7 9
13 12 8 0 3 6 10 12 20 19 23 19 13 16
12 12 7 3 0 5 8 11 19 17 21 17 11 15
9 9 5 6 5 0 7 11 18 14 18 14 8 12
13 14 10 10 8 7 0 7 13 11 16 12 10 15
18 19 15 12 11 11 7 0 10 13 20 17 15 20
24 25 22 20 19 18 13 10 0 14 20 19 21 25
16 17 16 19 17 14 11 13 14 0 8 7 12 16
16 18 18 23 21 18 16 20 20 8 0 5 13 14
12 14 14 19 17 14 12 17 19 7 5 0 9 12
5 7 7 13 11 8 10 15 21 12 13 9 0 6
4 6 9 16 15 12 15 20 25 16 14 12 6 0
