12
12
7 79 13 62 8 8 22 23 45 30 27 75
44 78 91 15 83 31 2 74 70 93 51 26
97 54 79 35 98 70 54 91 90 39 21 27
84 38 68 75 19 92 27 89 14 36 94 73
72 20 32 56 39 28 85 68 73 30 22 37
99 86 44 97 10 17 5 98 10 6 96 52
49 30 73 16 32 47 69 1 49 80 82 16
12 98 38 100 53 56 32 97 15 48 58 42
58 56 78 59 33 43 17 88 23 19 50 75
20 75 33 90 63 19 90 19 20 88 38 18
4 95 2 81 57 62 4 100 96 57 83 84
56 73 78 10 73 84 97 45 24 8 38 24
0 8 13 19 15 19 22 18 16 15 10 8 9 4
8 0 7 13 9 16 22 19 14 14 12 9 8 7
13 7 0 11 10 19 25 23 17 18 17 14 12 12
19 13 11 0 6 14 22 21 15 16 20 17 15 18
15 9 10 6 0 11 18 17 11 12 15 12 10 13
19 16 19 14 11 0 10 10 5 8 14 13 12 17
22 22 25 22 18 10 0 6 10 10 15 16 16 20
18 19 23 21 17 10 6 0 8 7 10 12 12 16
16 14 17 15 11 5 10 8 0 4 10 10 9 14
15 14 18 16 12 8 10 7 4 0 8 8 8 12
10 12 17 20 15 14 15 10 10 8 0 5 7 8
8 9 14 17 12 13 16 12 10 8 5 0 4 6
9 8 12 15 10 12 16 12 9 8 7 4 0 6
4 7 12 18 13 17 20 16 14 12 8 6 6 0
