12
14
61 53 9 3 99 46 38 41 64 70 3 93 47 88
47 5 69 33 47 69 32 59 34 77 29 19 26 31
17 9 79 16 31 6 57 28 10 73 95 45 16 54
17 37 38 13 2 86 62 64 100 37 18 62 25 63
71 4 63 3 6 24 37 17 12 35 36 98 27 85
69 19 65 48 33 51 54 60 2 5 69 69 41 59
2 75 55 17 24 96 35 36 71 95 87 59 65 25
95 1 25 30 56 81 7 5 95 72 72 86 84 10
45 55 62 48 41 15 27 47 38 22 84 64 53 43
54 64 79 2 49 73 50 20 90 54 45 17 27 74
13 73 37 32 3 73 53 19 21 87 88 6 71 45
91 84 10 45 99 25 94 22 13 95 98 24 7 55
0 7 7 14 20 23 24 21 22 17 14 11 10 4
7 0 2 9 14 18 20 18 19 16 12 11 11 10
7 2 0 8 14 17 19 17 18 15 11 11 11 10
14 9 8 0 9 11 13 11 13 13 8 13 14 16
20 14 14 9 0 10 15 15 18 20 15 20 21 23
23 18 17 11 10 0 6 7 10 15 12 19 20 25
24 20 19 13 15 6 0 4 7 13 12 18 20 25
21 18 17 11 15 7 4 0 5 10 9 15 17 23
22 19 18 13 18 10 7 5 0 8 9 15 16 23
17 16 15 13 20 15 13 10 8 0 6 9 10 18
14 12 11 8 15 12 12 9 9 6 0 8 10 15
11 11 11 13 20 19 18 15 15 9 8 0 3 11
10 11 11 14 21 20 20 17 16 10 10 3 0 9
4 10 10 16 23 25 25 23 23 18 15 11 9 0
