12
14
95 12 58 39 59 7 73 78 53 86 53 52 21 95
55 56 85 52 27 87 30 55 88 76 49 1 85 40
85 26 87 26 39 48 5 51 16 80 67 92 47 8
71 60 47 43 8 47 60 21 34 46 17 5 73 60
88 51 18 30 92 19 5 29 80 51 100 25 48 12
56 92 52 85 88 67 49 24 87 29 86 35 56 5
20 10 96 92 1 83 18 1 98 86 52 35 50 31
10 39 1 78 48 4 8 3 69 62 26 16 22 56
10 63 83 69 6 74 12 94 21 88 22 3 12 91
17 42 2 80 88 62 19 37 42 18 71 98 20 16
55 49 3 97 56 80 49 10 17 14 55 66 59 63
41 58 27 51 29 38 81 28 94 9 39 70 97 66
0 3 8 9 15 14 13 18 13 19 20 12 13 9
3 0 8 7 14 13 11 17 12 18 19 12 14 9
8 8 0 7 15 15 15 20 18 23 25 18 18 15
9 7 7 0 10 9 10 15 14 20 22 17 20 14
15 14 15 10 0 4 7 8 13 17 20 20 25 18
14 13 15 9 4 0 4 7 11 15 18 18 24 16
13 11 15 10 7 4 0 7 8 13 15 15 21 14
18 17 20 15 8 7 7 0 11 12 15 19 25 18
13 12 18 14 13 11 8 11 0 7 9 10 17 10
19 18 23 20 17 15 13 12 7 0 4 13 20 14
20 19 25 22 20 18 15 15 9 4 0 13 20 15
12 12 18 17 20 18 15 19 10 13 13 0 9 5
13 14 18 20 25 24 21 25 17 20 20 9 0 9
9 9 15 14 18 16 14 18 10 14 15 5 9 0
