12
22
10 84 46 9 44 4 88 98 29 71 100 92 79 14 29 85 49 49 2 96 27 55
31 84 28 72 88 86 37 29 86 58 85 20 43 30 97 55 18 33 46 42 28 21
9 28 35 90 92 46 37 51 50 50 61 60 49 65 99 57 89 17 74 60 96 79
65 100 14 70 38 100 25 67 38 35 45 92 40 21 95 38 61 56 36 89 69 36
2 38 29 91 30 70 48 33 1 13 67 49 32 25 27 37 42 84 35 46 60 15
72 1 76 65 28 78 68 14 35 17 23 96 15 58 2 34 1 30 65 28 59 58
15 88 49 37 100 48 4 41 32 21 67 18 16 79 37 19 39 45 11 31 97 23
81 18 88 34 8 33 14 58 7 62 91 99 36 90 36 52 71 9 57 90 23 89
79 72 1 45 86 93 31 11 84 67 27 69 94 7 36 1 82 32 64 24 92 19
82 52 59 60 69 13 92 99 37 33 15 56 87 46 58 6 94 44 17 45 1 4
15 39 70 82 44 36 49 79 72 18 38 4 3 67 13 52 51 5 12 10 9 29
81 21 22 24 51 27 84 30 33 38 90 41 33 86 41 71 5 96 6 40 43 59
0 9 14 16 20 22 23 23 25 22 20 18 16 6
9 0 9 9 13 15 16 16 19 16 15 12 10 5
14 9 0 9 8 11 12 16 20 18 19 14 14 12
16 9 9 0 7 8 8 9 12 10 12 8 8 12
20 13 8 7 0 4 6 10 15 14 17 13 14 16
22 15 11 8 4 0 3 9 13 13 16 12 14 18
23 16 12 8 6 3 0 7 11 12 16 12 14 19
23 16 16 9 10 9 7 0 6 6 11 8 10 19
25 19 20 12 15 13 11 6 0 5 10 10 11 21
22 16 18 10 14 13 12 6 5 0 6 6 8 17
20 15 19 12 17 16 16 11 10 6 0 6 6 16
18 12 14 8 13 12 12 8 10 6 6 0 3 13
16 10 14 8 14 14 14 10 11 8 6 3 0 11
6 5 12 12 16 18 19 19 21 17 16 13 11 0
