12
10
64 53 45 59 95 7 66 13 77 13
60 88 15 97 45 41 31 47 32 12
98 38 54 65 19 3 69 48 12 94
42 4 34 22 95 81 51 90 47 63
67 71 26 78 28 63 29 21 90 20
15 91 27 34 61 82 78 40 63 51
63 52 22 83 20 21 84 29 9 27
15 19 12 8 86 10 88 92 28 60
58 81 35 30 5 30 41 84 54 48
44 69 32 75 82 66 30 43 91 16
42 80 35 63 2 95 49 2 5 50
86 78 35 75 58 65 56 23 74 35
0 3 6 10 13 15 14 17 19 14 13 8 6 3
3 0 6 10 12 14 13 16 19 13 12 7 6 4
6 6 0 6 11 13 13 17 21 16 13 10 10 8
10 10 6 0 14 15 16 20 25 19 17 14 14 11
13 12 11 14 0 3 4 9 17 10 7 9 12 14
15 14 13 15 3 0 3 8 16 10 8 10 13 16
14 13 13 16 4 3 0 6 15 8 6 9 12 15
17 16 17 20 9 8 6 0 10 6 6 10 13 17
19 19 21 25 17 16 15 10 0 8 11 13 14 19
14 13 16 19 10 10 8 6 8 0 5 8 10 14
13 12 13 17 7 8 6 6 11 5 0 6 9 13
8 7 10 14 9 10 9 10 13 8 6 0 5 8
6 6 10 14 12 13 12 13 14 10 9 5 0 6
3 4 8 11 14 16 15 17 19 14 13 8 6 0
