12
6
96 22 37 35 100 34
20 11 20 33 48 11
88 79 53 11 81 18
73 77 60 100 57 63
20 46 21 23 68 2
22 49 18 23 76 99
100 42 98 84 17 80
16 57 14 4 22 64
5 35 78 85 80 95
52 53 91 16 40 93
95 40 12 54 28 90
77 91 58 74 60 80
0 11 12 22 23 25 22 19 16 13 10 10 8 5
11 0 3 13 15 19 16 13 11 13 13 11 10 11
12 3 0 13 16 19 17 13 12 15 15 13 12 13
22 13 13 0 4 9 8 6 11 17 19 17 18 21
23 15 16 4 0 6 6 6 10 16 19 17 18 22
25 19 19 9 6 0 5 8 12 17 20 18 20 23
22 16 17 8 6 5 0 5 8 13 16 15 16 20
19 13 13 6 6 8 5 0 6 12 15 13 14 17
16 11 12 11 10 12 8 6 0 7 10 8 9 13
13 13 15 17 16 17 13 12 7 0 5 5 6 10
10 13 15 19 19 20 16 15 10 5 0 4 4 7
10 11 13 17 17 18 15 13 8 5 4 0 3 7
8 10 12 18 18 20 16 14 9 6 4 3 0 5
5 11 13 21 22 23 20 17 13 10 7 7 5 0
