12
4
66 57 55 90
20 50 48 11
32 99 67 15
80 70 84 74
49 29 79 24
15 93 48 24
83 42 19 87
49 57 73 73
15 71 53 63
75 84 50 48
91 21 4 48
2 34 20 85
0 5 7 9 12 16 19 15 19 18 22 13 13 4
5 0 7 7 9 14 18 14 19 19 23 15 16 8
7 7 0 6 11 11 14 10 14 13 18 9 14 9
9 7 6 0 7 8 12 9 14 14 20 12 18 12
12 9 11 7 0 10 15 13 18 19 25 18 23 15
16 14 11 8 10 0 6 6 11 12 19 13 23 18
19 18 14 12 15 6 0 6 8 10 17 14 25 22
15 14 10 9 13 6 6 0 7 7 15 10 20 18
19 19 14 14 18 11 8 7 0 3 11 10 21 21
18 19 13 14 19 12 10 7 3 0 9 8 19 20
22 23 18 20 25 19 17 15 11 9 0 10 18 23
13 15 9 12 18 13 14 10 10 8 10 0 13 15
13 16 14 18 23 23 25 20 21 19 18 13 0 11
4 8 9 12 15 18 22 18 21 20 23 15 11 0
