12
24
64 33 86 52 81 67 23 48 97 11 43 81 54 7 74 78 9 22 38 46 92 45 74 23
56 95 50 75 17 35 88 13 70 69 94 54 3 52 53 56 84 91 3 53 45 77 91 35
13 76 55 79 78 47 44 38 69 4 70 8 41 14 96 55 42 10 100 14 81 35 41 96
23 55 32 19 22 5 19 59 49 22 56 56 34 69 63 48 4 58 36 19 82 28 19 53
23 46 89 84 33 6 84 62 68 47 11 49 100 55 12 88 78 46 73 10 20 27 82 71
50 56 36 24 6 60 73 79 99 60 74 43 47 77 19 99 58 22 59 14 74 22 63 43
13 9 65 96 2 33 39 96 73 96 93 55 92 66 74 1 65 46 2 87 67 51 22 81
47 46 19 88 27 9 5 97 62 77 57 36 91 63 87 75 4 48 50 83 9 11 35 26
29 28 22 67 76 32 68 42 65 26 57 80 18 94 89 87 58 13 58 68 97 80 36 89
80 49 72 39 62 99 24 99 91 29 13 80 84 76 76 82 100 27 82 40 96 85 65 83
59 74 83 21 6 62 66 93 83 65 87 52 72 39 14 33 92 66 8 40 28 16 81 20
24 65 23 12 7 82 38 70 73 85 31 95 8 28 88 8 94 74 57 14 74 89 95 55
0 9 13 17 17 21 21 25 22 17 13 15 10 9
9 0 7 12 12 15 14 18 15 10 7 11 8 10
13 7 0 7 7 10 10 17 14 10 10 15 13 16
17 12 7 0 2 5 11 20 17 14 16 20 18 21
17 12 7 2 0 5 11 19 17 14 16 20 18 21
21 15 10 5 5 0 10 19 17 14 18 22 21 24
21 14 10 11 11 10 0 10 9 8 13 16 18 21
25 18 17 20 19 19 10 0 5 10 15 15 19 22
22 15 14 17 17 17 9 5 0 6 11 12 16 19
17 10 10 14 14 14 8 10 6 0 7 10 12 15
13 7 10 16 16 18 13 15 11 7 0 6 6 9
15 11 15 20 20 22 16 15 12 10 6 0 7 9
10 8 13 18 18 21 18 19 16 12 6 7 0 5
9 10 16 21 21 24 21 22 19 15 9 9 5 0
