12
18
61 44 25 51 75 28 37 84 9 59 31 28 76 2 91 80 22 4
4 59 19 32 30 99 98 67 56 10 23 32 78 74 64 82 59 15
50 47 73 52 44 54 16 30 65 62 53 19 52 80 45 71 84 31
69 96 26 21 50 17 82 63 45 91 24 33 38 77 49 78 91 33
1 64 59 14 67 2 47 89 38 11 10 33 38 88 47 88 28 26
40 6 30 19 51 98 76 91 71 71 26 78 7 25 17 22 10 94
3 10 41 53 17 68 45 77 37 4 58 17 73 76 55 29 8 31
65 55 50 7 15 28 85 8 33 1 72 66 66 96 13 55 84 53
21 3 78 36 31 99 68 39 49 70 20 54 95 41 54 39 95 23
8 87 86 25 97 88 38 85 64 77 11 47 94 23 75 48 45 73
19 25 59 83 75 52 34 1 88 35 67 71 47 73 2 72 84 50
62 53 50 14 32 94 38 71 82 22 62 84 63 34 27 33 3 5
0 7 12 13 8 8 10 18 18 10 8 8 13 8
7 0 7 7 4 5 9 18 18 14 12 12 18 12
12 7 0 4 8 9 12 21 21 19 17 17 22 16
13 7 4 0 8 9 11 20 20 20 18 18 24 18
8 4 8 8 0 3 6 15 16 14 12 12 19 13
8 5 9 9 3 0 5 14 14 13 11 12 19 14
10 9 12 11 6 5 0 11 11 12 10 11 20 16
18 18 21 20 15 14 11 0 3 15 15 16 25 24
18 18 21 20 16 14 11 3 0 14 14 15 25 23
10 14 19 20 14 13 12 15 14 0 3 4 12 13
8 12 17 18 12 11 10 15 14 3 0 2 12 11
8 12 17 18 12 12 11 16 15 4 2 0 11 11
13 18 22 24 19 19 20 25 25 12 12 11 0 8
8 12 16 18 13 14 16 24 23 13 11 11 8 0
