12
10
30 26 77 28 90 83 67 93 1 55
23 96 11 6 95 23 93 6 44 68
60 31 64 94 28 68 34 95 62 90
48 72 99 94 80 6 18 30 7 99
55 49 71 38 76 39 40 67 99 66
80 17 91 14 76 97 38 31 35 14
61 71 20 27 51 77 7 14 78 87
15 22 91 18 26 85 13 54 80 77
50 68 16 19 25 36 14 99 75 39
84 7 38 49 51 77 80 61 32 41
23 43 74 14 41 34 99 14 33 47
77 58 10 45 11 53 23 38 20 81
0 3 6 13 16 17 18 10 9 17 12 12 5 4
3 0 7 12 15 16 16 9 8 17 12 13 6 5
6 7 0 15 19 21 21 14 14 22 16 14 8 9
13 12 15 0 7 10 10 8 11 20 18 23 17 15
16 15 19 7 0 4 4 7 10 16 16 25 19 16
17 16 21 10 4 0 2 9 11 15 16 25 20 17
18 16 21 10 4 2 0 9 11 15 16 25 20 18
10 9 14 8 7 9 9 0 4 13 11 19 13 10
9 8 14 11 10 11 11 4 0 11 9 16 11 9
17 17 22 20 16 15 15 13 11 0 8 18 17 15
12 12 16 18 16 16 16 11 9 8 0 12 11 9
12 13 14 23 25 25 25 19 16 18 12 0 9 10
5 6 8 17 19 20 20 13 11 17 11 9 0 4
4 5 9 15 16 17 18 10 9 15 9 10 4 0
