12
14
16 15 92 21 66 58 26 18 40 9 44 93 27 80
63 41 86 4 44 35 91 100 65 15 21 28 87 7
45 2 10 36 36 16 37 8 11 55 2 92 42 50
76 25 59 52 3 13 49 35 47 12 13 8 21 49
42 98 21 24 24 43 6 90 66 22 68 22 53 25
36 48 54 74 56 23 63 57 45 26 75 16 25 88
82 55 86 88 44 18 78 81 53 46 39 37 78 36
74 41 14 23 54 39 57 41 83 34 25 44 97 6
26 21 12 42 64 28 32 36 5 42 86 92 30 21
80 7 59 2 88 21 33 22 62 48 92 90 16 57
8 43 67 18 91 91 97 46 2 82 15 60 6 3
10 69 54 11 8 62 5 99 53 83 69 37 99 7
0 15 20 21 25 24 19 19 20 22 18 18 15 12
15 0 8 8 13 14 10 10 16 21 17 17 15 17
20 8 0 2 7 9 8 8 15 20 17 17 16 20
21 8 2 0 7 10 8 8 15 21 17 18 17 20
25 13 7 7 0 8 10 11 16 22 19 20 20 24
24 14 9 10 8 0 7 7 11 16 14 15 15 20
19 10 8 8 10 7 0 2 8 14 11 11 11 15
19 10 8 8 11 7 2 0 8 14 11 11 10 15
20 16 15 15 16 11 8 8 0 7 5 5 7 12
22 21 20 21 22 16 14 14 7 0 5 5 8 12
18 17 17 17 19 14 11 11 5 5 0 2 5 10
18 17 17 18 20 15 11 11 5 5 2 0 4 9
15 15 16 17 20 15 11 10 7 8 5 4 0 7
12 17 20 20 24 20 15 15 12 12 10 9 7 0
