12
12
57 64 37 83 25 93 24 51 55 80 26 32
30 37 77 45 12 64 79 77 65 48 97 87
95 30 15 17 68 52 30 75 65 46 46 42
88 3 9 23 23 24 19 57 93 97 67 11
87 35 55 38 36 99 3 44 70 89 59 97
96 23 18 20 82 36 33 83 38 11 20 87
42 79 56 32 58 20 93 27 88 8 26 38
26 17 38 83 22 60 66 34 98 54 20 83
21 84 93 93 5 48 96 28 92 23 59 15
48 46 92 41 29 55 87 2 61 18 44 20
57 52 51 75 38 81 26 25 59 41 25 92
39 33 6 47 70 45 45 99 52 29 93 82
0 13 18 18 18 25 23 20 16 14 14 8 7 4
13 0 8 9 11 17 16 15 14 9 8 11 10 13
18 8 0 5 7 12 11 11 13 9 8 14 14 17
18 9 5 0 3 9 8 8 11 6 6 13 13 17
18 11 7 3 0 9 7 6 9 6 6 13 13 17
25 17 12 9 9 0 5 9 14 13 13 20 20 24
23 16 11 8 7 5 0 5 10 10 11 17 18 21
20 15 11 8 6 9 5 0 7 7 9 14 14 18
16 14 13 11 9 14 10 7 0 7 8 10 11 13
14 9 9 6 6 13 10 7 7 0 3 9 9 13
14 8 8 6 6 13 11 9 8 3 0 9 9 12
8 11 14 13 13 20 17 14 10 9 9 0 3 5
7 10 14 13 13 20 18 14 11 9 9 3 0 5
4 13 17 17 17 24 21 18 13 13 12 5 5 0
