12
28
25 19 1 21 78 26 20 30 69 54 94 45 14 75 62 6 67 62 58 100 80 76 82 88 64 78 51 11
34 31 91 36 54 71 57 37 98 7 80 34 59 83 7 89 23 99 62 89 4 53 87 57 96 27 19 45
9 7 24 47 43 97 10 3 43 10 24 94 20 84 1 98 77 62 33 26 69 60 85 25 51 74 26 17
83 34 82 98 30 52 21 3 34 92 58 47 16 27 24 13 13 93 73 3 63 41 17 95 58 4 82 72
63 52 99 55 8 47 52 33 39 100 94 79 81 57 96 96 25 31 8 25 33 80 17 84 19 49 28 70
4 14 48 71 98 23 48 25 34 57 14 38 99 84 67 48 59 2 26 98 1 72 48 86 13 60 34 24
84 34 21 45 64 4 63 82 6 48 86 12 18 34 4 45 36 41 99 13 72 80 10 34 89 54 48 90
89 6 35 9 80 58 79 10 50 50 60 75 2 25 18 11 51 1 43 76 29 20 89 82 75 55 63 67
67 26 24 35 84 56 41 44 7 100 96 20 52 24 40 21 38 64 30 44 65 62 79 11 75 37 27 11
69 83 90 54 7 71 52 99 9 90 47 76 69 59 90 98 27 88 81 60 38 80 91 49 81 61 85 11
66 37 18 72 93 93 78 1 57 18 53 58 45 63 15 69 10 16 10 98 34 46 8 71 18 56 19 16
17 98 88 37 96 55 9 38 84 95 16 12 53 31 93 62 11 10 99 9 39 57 20 17 93 76 31 82
0 4 8 10 10 14 17 20 17 15 16 8 7 8
4 0 8 11 9 14 17 22 19 17 18 10 9 10
8 8 0 4 5 8 11 18 16 14 19 11 10 8
10 11 4 0 6 8 9 15 14 13 18 12 11 7
10 9 5 6 0 6 10 20 19 17 22 14 14 11
14 14 8 8 6 0 6 20 20 19 25 18 17 14
17 17 11 9 10 6 0 18 19 18 25 19 19 15
20 22 18 15 20 20 18 0 6 7 15 16 16 14
17 19 16 14 19 20 19 6 0 3 11 12 12 11
15 17 14 13 17 19 18 7 3 0 10 10 10 9
16 18 19 18 22 25 25 15 11 10 0 10 11 13
8 10 11 12 14 18 19 16 12 10 10 0 2 6
7 9 10 11 14 17 19 16 12 10 11 2 0 5
8 10 8 7 11 14 15 14 11 9 13 6 5 0
