12
8
45 9 3 49 4 76 99 16
7 23 86 72 36 84 43 16
98 53 96 3 92 46 79 48
52 52 48 97 41 79 23 75
56 95 100 26 7 84 45 64
27 88 21 80 55 53 92 91
77 40 2 75 8 62 64 8
39 8 27 40 26 69 16 49
97 80 68 15 34 24 38 81
67 29 90 92 79 53 54 99
96 76 1 94 40 66 62 78
38 62 54 68 61 84 20 25
0 3 6 3 8 16 19 18 21 23 21 15 10 11
3 0 5 3 8 15 18 17 21 23 21 15 10 12
6 5 0 6 9 14 18 18 23 25 24 19 13 16
3 3 6 0 7 15 17 16 20 22 20 14 9 12
8 8 9 7 0 11 12 11 16 18 16 13 8 14
16 15 14 15 11 0 8 10 19 22 22 21 18 24
19 18 18 17 12 8 0 5 14 17 17 19 17 24
18 17 18 16 11 10 5 0 11 13 13 16 14 21
21 21 23 20 16 19 14 11 0 4 5 12 14 20
23 23 25 22 18 22 17 13 4 0 4 13 16 21
21 21 24 20 16 22 17 13 5 4 0 10 14 19
15 15 19 14 13 21 19 16 12 13 10 0 7 10
10 10 13 9 8 18 17 14 14 16 14 7 0 9
11 12 16 12 14 24 24 21 20 21 19 10 9 0
