13
20
69 16 63 70 29 100 60 71 51 21 88 31 43 19 53 22 83 9 81 59
32 8 79 47 77 90 70 63 47 92 1 87 10 28 52 48 3 85 54 65
75 83 97 99 43 75 55 65 11 53 65 59 80 43 86 50 13 91 75 62
78 70 75 100 12 56 83 46 45 37 48 56 75 77 14 1 25 3 42 46
36 57 60 1 31 88 52 86 92 75 42 23 37 41 63 8 46 21 95 13
68 79 83 11 53 23 16 49 25 88 64 29 47 82 77 21 8 62 60 32
46 93 47 24 13 67 74 82 77 24 89 38 36 74 20 88 39 49 73 39
31 98 88 41 35 53 49 17 54 57 90 14 45 52 34 92 36 8 1 28
38 25 90 70 67 91 81 87 73 29 42 56 52 41 5 54 52 51 84 50
43 40 82 71 44 44 5 64 1 21 89 37 32 11 33 94 22 84 69 30
37 18 77 1 18 72 7 33 70 6 33 8 30 31 5 44 95 99 29 94
56 8 74 74 94 90 32 83 74 36 82 21 85 37 59 22 8 3 65 86
95 98 29 43 91 49 70 16 23 3 33 20 49 45 93 12 49 28 18 75
0 12 20 22 19 17 16 13 12 9 11 11 8 6 6
12 0 9 11 9 7 6 7 9 10 12 13 13 16 16
20 9 0 3 3 4 5 9 12 15 16 17 19 23 24
22 11 3 0 5 6 7 11 13 17 17 18 20 25 25
19 9 3 5 0 3 4 8 11 13 14 15 17 21 22
17 7 4 6 3 0 3 7 9 12 13 14 16 20 21
16 6 5 7 4 3 0 6 8 11 12 13 15 19 20
13 7 9 11 8 7 6 0 4 7 8 9 11 15 17
12 9 12 13 11 9 8 4 0 5 5 6 8 13 15
9 10 15 17 13 12 11 7 5 0 4 5 5 10 12
11 12 16 17 14 13 12 8 5 4 0 3 6 11 13
11 13 17 18 15 14 13 9 6 5 3 0 5 10 12
8 13 19 20 17 16 15 11 8 5 6 5 0 7 9
6 16 23 25 21 20 19 15 13 10 11 10 7 0 4
6 16 24 25 22 21 20 17 15 12 13 12 9 4 0
