13
28
68 82 9 61 54 92 73 3 80 58 14 54 25 7 19 1 51 54 67 96 88 69 99 47 29 79 94 36
54 79 85 17 7 90 55 78 29 58 56 73 50 78 58 49 30 96 58 64 39 62 81 93 64 1 20 6
73 23 57 63 66 59 81 98 25 54 33 37 22 54 72 79 5 23 43 26 98 2 70 76 5 10 55 99
69 80 90 35 28 96 27 29 1 7 59 78 87 75 92 44 86 79 60 21 55 9 7 76 8 52 45 49
60 53 24 23 87 92 8 68 48 93 31 63 44 22 18 90 88 25 79 63 26 95 12 90 75 29 1 73
71 22 69 5 5 14 58 89 44 79 24 71 14 48 18 35 14 57 33 75 33 39 88 18 28 98 60 56
97 48 62 22 26 39 28 87 35 42 75 5 90 76 29 48 33 91 8 49 14 12 66 88 74 64 47 20
51 27 37 45 13 33 41 13 18 9 14 13 81 65 30 25 71 54 13 64 10 74 40 34 54 71 96 37
96 34 33 29 53 64 19 79 7 74 34 70 76 67 100 63 85 60 31 89 28 39 45 85 67 45 89 58
76 21 6 61 88 31 63 31 58 1 13 38 43 1 28 70 46 4 43 46 29 55 48 66 35 48 25 44
19 16 37 40 64 46 64 61 74 61 52 20 77 55 100 35 39 28 19 56 64 49 58 82 82 58 14 58
76 93 68 66 49 94 45 24 82 75 87 16 38 7 8 5 78 91 82 12 97 13 76 29 79 71 40 70
53 28 10 76 7 57 48 38 91 69 46 94 9 61 67 84 40 27 9 48 38 96 89 23 98 49 51 93
0 15 17 17 22 24 25 20 20 21 19 13 11 3 3
15 0 4 4 10 12 15 14 14 20 20 15 12 14 14
17 4 0 3 8 10 13 14 14 20 20 16 13 16 16
17 4 3 0 7 9 12 12 13 19 19 15 13 17 16
22 10 8 7 0 4 7 11 11 18 19 17 15 21 21
24 12 10 9 4 0 7 13 13 20 22 20 18 24 24
25 15 13 12 7 7 0 10 10 17 19 19 18 25 24
20 14 14 12 11 13 10 0 2 8 11 10 10 19 19
20 14 14 13 11 13 10 2 0 8 10 10 11 19 19
21 20 20 19 18 20 17 8 8 0 5 9 12 20 20
19 20 20 19 19 22 19 11 10 5 0 7 10 17 17
13 15 16 15 17 20 19 10 10 9 7 0 5 12 12
11 12 13 13 15 18 18 10 11 12 10 5 0 10 10
3 14 16 17 21 24 25 19 19 20 17 12 10 0 2
3 14 16 16 21 24 24 19 19 20 17 12 10 2 0
