13
4
18 1 26 98
77 8 35 86
99 67 76 4
41 33 54 71
51 71 2 64
34 36 54 85
44 56 58 10
16 98 23 98
7 70 55 67
92 67 45 4
11 29 75 63
85 39 17 51
16 51 45 53
0 5 7 12 14 14 16 18 25 16 16 14 15 16 6
5 0 4 9 11 11 12 15 23 14 15 13 15 16 7
7 4 0 8 9 9 10 12 21 12 14 12 15 16 8
12 9 8 0 4 4 7 10 15 6 8 7 10 13 9
14 11 9 4 0 3 6 9 13 5 7 8 11 14 11
14 11 9 4 3 0 4 8 14 7 9 9 13 15 12
16 12 10 7 6 4 0 5 14 9 11 12 16 18 14
18 15 12 10 9 8 5 0 15 11 14 15 19 21 17
25 23 21 15 13 14 14 15 0 11 12 15 17 19 22
16 14 12 6 5 7 9 11 11 0 4 6 9 12 13
16 15 14 8 7 9 11 14 12 4 0 5 7 10 13
14 13 12 7 8 9 12 15 15 6 5 0 5 8 10
15 15 15 10 11 13 16 19 17 9 7 5 0 4 11
16 16 16 13 14 15 18 21 19 12 10 8 4 0 12
6 7 8 9 11 12 14 17 22 13 13 10 11 12 0
