13
12
27 75 39 68 84 2 73 15 74 65 72 92
63 42 83 14 11 93 57 44 53 39 72 35
8 96 27 99 39 83 27 11 52 2 29 45
92 35 87 78 80 13 72 95 99 55 50 13
88 15 78 73 13 57 82 61 81 41 40 57
76 9 8 50 24 69 47 53 72 69 75 89
67 93 9 18 43 9 81 76 9 30 22 72
73 17 17 91 93 26 3 93 86 80 37 75
95 59 31 65 68 31 60 15 41 100 11 55
98 5 7 3 37 48 9 38 81 52 49 16
41 36 22 69 2 26 74 40 81 68 43 81
19 85 60 79 52 37 60 46 11 30 74 54
93 99 78 39 13 8 23 50 87 89 97 80
0 6 15 16 23 23 23 25 23 18 16 14 12 8 5
6 0 11 14 21 21 22 25 24 19 15 14 12 8 5
15 11 0 8 16 16 19 23 25 21 14 14 15 14 12
16 14 8 0 9 10 12 16 19 15 8 9 10 12 13
23 21 16 9 0 2 6 9 16 13 9 11 14 17 19
23 21 16 10 2 0 6 9 16 14 9 11 14 18 20
23 22 19 12 6 6 0 5 12 10 9 10 13 17 20
25 25 23 16 9 9 5 0 10 10 12 13 15 19 23
23 24 25 19 16 16 12 10 0 6 13 13 13 17 21
18 19 21 15 13 14 10 10 6 0 9 8 9 13 16
16 15 14 8 9 9 9 12 13 9 0 4 6 10 13
14 14 14 9 11 11 10 13 13 8 4 0 4 8 11
12 12 15 10 14 14 13 15 13 9 6 4 0 6 10
8 8 14 12 17 18 17 19 17 13 10 8 6 0 5
5 5 12 13 19 20 20 23 21 16 13 11 10 5 0
