13
24
88 29 6 37 67 7 91 33 57 56 31 81 58 15 99 47 62 34 82 18 3 17 72 64
75 2 93 39 7 66 88 45 86 36 46 64 58 44 9 83 55 84 69 29 77 38 6 73
32 81 48 42 48 86 70 1 4 51 67 39 9 29 18 75 16 15 93 10 1 20 19 72
83 72 4 91 13 14 68 25 31 11 43 91 36 91 41 60 98 71 23 68 65 97 78 33
69 100 94 8 95 41 46 88 67 18 38 33 74 77 2 58 4 100 12 75 66 98 80 58
68 17 78 17 66 99 9 51 67 22 21 35 55 82 2 64 94 12 95 12 31 51 93 86
63 5 78 31 66 55 35 12 59 66 68 40 8 32 44 91 29 58 77 98 41 83 77 34
54 58 31 21 1 62 31 43 35 84 57 37 3 46 94 56 39 25 42 95 24 22 13 6
18 35 15 2 75 52 94 51 24 29 69 35 63 28 24 90 6 51 69 19 8 63 48 1
33 85 6 91 60 53 94 95 44 18 12 29 80 80 74 12 32 57 26 58 39 26 83 100
78 56 94 75 12 45 73 15 19 81 16 84 45 28 97 75 53 99 69 18 100 63 36 93
89 64 25 46 65 18 32 11 74 74 92 59 70 29 10 78 74 20 44 9 73 34 89 94
16 39 83 4 39 4 81 22 75 69 53 42 54 93 50 21 44 88 95 70 51 83 7 75
0 14 15 15 14 20 17 17 16 17 17 8 7 3 3
14 0 6 7 10 14 13 13 15 25 25 20 19 15 15
15 6 0 3 6 10 9 9 12 23 24 20 20 16 16
15 7 3 0 5 8 7 7 10 21 22 19 20 16 16
14 10 6 5 0 8 5 6 7 18 19 17 18 15 14
20 14 10 8 8 0 4 5 8 21 22 22 24 22 20
17 13 9 7 5 4 0 2 6 19 20 20 22 19 18
17 13 9 7 6 5 2 0 5 18 19 19 22 19 18
16 15 12 10 7 8 6 5 0 15 16 17 20 18 16
17 25 23 21 18 21 19 18 15 0 3 11 17 18 15
17 25 24 22 19 22 20 19 16 3 0 11 17 18 16
8 20 20 19 17 22 20 19 17 11 11 0 7 9 7
7 19 20 20 18 24 22 22 20 17 17 7 0 5 5
3 15 16 16 15 22 19 19 18 18 18 9 5 0 4
3 15 16 16 14 20 18 18 16 15 16 7 5 4 0
