13
16
23 81 1 94 52 87 62 70 18 58 57 9 73 83 98 40
13 62 57 64 100 68 45 40 4 83 29 17 68 46 87 1
41 50 63 45 33 9 84 87 19 76 34 51 84 61 6 76
26 31 1 68 35 1 79 52 14 7 59 11 10 61 98 57
25 25 64 7 71 62 97 11 47 13 81 89 16 28 57 89
77 30 50 96 25 42 33 93 17 99 85 94 65 18 52 6
55 15 43 51 98 72 2 68 45 92 62 61 58 100 9 31
29 25 82 2 58 49 93 15 98 5 84 10 15 80 58 48
25 39 12 67 79 31 7 37 100 1 34 91 77 1 76 79
28 63 22 56 2 76 97 67 77 44 100 37 80 67 23 88
18 90 4 89 82 75 92 47 71 68 13 96 4 40 24 22
100 67 57 29 29 24 88 100 96 4 73 17 10 93 6 96
64 52 98 92 89 25 72 39 42 20 26 61 40 72 32 24
0 7 7 8 6 12 13 16 21 19 17 21 9 10 8
7 0 3 6 6 14 12 14 19 16 12 15 5 8 7
7 3 0 5 5 13 10 12 18 15 12 16 7 9 8
8 6 5 0 3 10 7 10 15 12 11 17 10 12 11
6 6 5 3 0 10 8 11 16 14 13 19 10 12 11
12 14 13 10 10 0 9 11 15 14 17 25 18 20 18
13 12 10 7 8 9 0 4 9 7 10 19 15 18 17
16 14 12 10 11 11 4 0 7 5 9 19 17 20 19
21 19 18 15 16 15 9 7 0 4 11 21 22 25 24
19 16 15 12 14 14 7 5 4 0 9 18 19 22 22
17 12 12 11 13 17 10 9 11 9 0 11 14 17 17
21 15 16 17 19 25 19 19 21 18 11 0 15 17 18
9 5 7 10 10 18 15 17 22 19 14 15 0 4 5
10 8 9 12 12 20 18 20 25 22 17 17 4 0 3
8 7 8 11 11 18 17 19 24 22 17 18 5 3 0
