13
30
54 57 53 12 15 70 67 46 53 1 44 63 16 19 40 74 38 84 41 88 39 30 84 33 70 90 69 36 18 88
76 36 45 14 80 14 48 59 65 92 74 4 85 43 63 16 7 42 36 38 66 35 62 83 71 92 95 60 28 56
79 82 52 52 53 67 75 8 34 94 100 1 34 8 88 65 51 29 65 97 62 40 58 74 3 66 58 6 32 27
93 92 68 22 7 77 40 1 45 41 24 22 4 51 86 90 36 20 59 70 44 29 39 19 95 89 22 77 51 89
27 40 39 68 21 45 34 7 40 44 57 23 78 65 95 16 46 80 42 77 50 66 55 49 73 27 20 55 56 58
7 32 72 83 54 93 59 85 2 51 33 62 87 24 63 74 39 55 5 100 78 78 68 24 13 81 66 96 39 75
19 64 67 71 39 97 68 4 87 22 57 95 88 81 28 16 42 63 99 27 42 70 50 26 59 30 78 91 33 76
88 12 9 66 88 33 90 8 65 63 79 36 19 55 58 39 84 35 66 92 51 66 80 50 76 23 8 97 45 71
37 95 71 5 48 77 15 1 54 29 18 31 63 55 86 60 86 21 40 11 59 16 42 33 33 8 49 87 98 29
44 14 51 2 2 4 8 36 26 5 52 80 51 31 12 89 24 40 36 27 13 14 66 77 44 49 33 51 11 69
60 87 35 68 60 35 73 11 44 63 59 75 78 53 45 91 76 1 56 64 4 79 45 23 34 70 87 46 63 24
20 9 17 49 71 98 14 31 49 75 40 29 43 9 56 23 3 69 92 36 75 79 69 20 34 38 35 77 76 44
29 68 74 16 35 79 46 74 45 86 17 70 73 11 2 26 3 76 66 74 61 96 32 28 95 57 48 82 51 27
0 10 14 19 16 13 11 13 17 11 11 9 6 5 2
10 0 5 16 14 12 13 17 22 17 17 16 13 11 10
14 5 0 17 16 14 16 20 25 20 21 19 16 14 14
19 16 17 0 5 7 10 13 18 16 19 17 17 16 19
16 14 16 5 0 4 7 10 16 13 16 14 14 13 16
13 12 14 7 4 0 5 9 15 12 14 12 12 10 13
11 13 16 10 7 5 0 6 12 8 10 9 9 8 11
13 17 20 13 10 9 6 0 7 5 8 7 9 9 13
17 22 25 18 16 15 12 7 0 8 9 10 13 14 17
11 17 20 16 13 12 8 5 8 0 4 4 7 8 10
11 17 21 19 16 14 10 8 9 4 0 3 6 8 10
9 16 19 17 14 12 9 7 10 4 3 0 5 6 9
6 13 16 17 14 12 9 9 13 7 6 5 0 3 5
5 11 14 16 13 10 8 9 14 8 8 6 3 0 5
2 10 14 19 16 13 11 13 17 10 10 9 5 5 0
