13
30
81 72 67 7 90 38 97 50 57 42 28 72 98 4 51 69 97 46 55 5 88 35 31 82 73 43 41 88 41 43
22 43 68 47 5 82 50 28 82 40 78 42 91 83 81 45 6 2 94 61 89 38 83 67 9 31 22 93 15 6
3 83 4 44 32 20 90 31 42 13 65 19 31 98 63 42 17 8 43 12 65 87 45 47 88 17 36 94 63 31
36 79 51 52 79 29 66 11 80 42 82 97 20 66 39 11 2 34 61 44 75 85 76 89 95 75 57 86 76 66
80 26 59 10 93 96 5 74 54 2 50 94 89 69 81 32 15 19 22 2 22 77 58 56 43 48 96 30 11 10
39 15 24 54 93 5 40 92 14 85 85 28 85 95 82 81 17 37 93 49 32 53 74 98 54 53 81 44 39 17
6 58 89 34 16 76 16 52 19 88 40 48 5 89 87 54 56 28 75 1 31 49 66 79 51 18 68 54 4 31
17 92 33 78 96 30 77 52 81 40 23 63 60 64 30 21 87 12 91 82 70 37 58 38 82 87 44 31 5 83
96 52 26 80 38 21 68 81 20 81 65 71 60 97 1 17 47 76 30 36 74 77 2 23 71 49 27 78 87 68
8 57 100 54 88 59 78 33 81 45 36 40 19 37 84 99 93 96 1 87 61 52 29 19 29 89 26 68 67 12
57 51 10 29 20 90 69 66 15 3 51 76 46 15 26 66 23 30 47 7 98 79 16 53 91 54 17 57 15 33
45 90 23 58 51 29 72 2 36 36 9 20 88 68 31 76 38 62 11 76 14 13 57 57 70 81 6 35 77 100
56 91 96 30 99 52 52 70 25 31 38 82 89 78 51 58 29 81 57 76 75 30 59 28 69 35 61 48 18 90
0 6 11 14 18 14 15 15 16 17 25 19 16 6 3
6 0 7 11 16 11 11 11 12 13 20 15 12 3 7
11 7 0 7 12 6 6 6 7 9 16 11 10 8 12
14 11 7 0 6 4 8 8 10 13 17 14 14 12 15
18 16 12 6 0 8 11 12 13 16 19 17 18 17 20
14 11 6 4 8 0 5 6 7 10 15 12 12 12 16
15 11 6 8 11 5 0 2 3 6 12 8 9 12 17
15 11 6 8 12 6 2 0 3 6 12 7 8 12 16
16 12 7 10 13 7 3 3 0 5 10 6 8 13 18
17 13 9 13 16 10 6 6 5 0 9 3 5 14 18
25 20 16 17 19 15 12 12 10 9 0 8 11 21 25
19 15 11 14 17 12 8 7 6 3 8 0 5 15 19
16 12 10 14 18 12 9 8 8 5 11 5 0 12 17
6 3 8 12 17 12 12 12 13 14 21 15 12 0 6
3 7 12 15 20 16 17 16 18 18 25 19 17 6 0
