13
6
86 79 2 32 63 43
30 24 29 39 3 29
5 80 35 40 43 86
66 67 2 5 18 73
20 37 48 97 31 7
58 96 22 77 32 68
51 98 6 64 73 53
3 44 34 48 83 44
6 89 57 50 57 70
66 41 86 91 85 96
64 12 97 15 78 8
44 84 39 55 54 45
89 29 39 3 95 83
0 6 10 15 17 18 24 23 18 18 18 13 19 12 6
6 0 6 12 13 13 20 19 14 14 14 9 17 11 9
10 6 0 7 10 11 19 19 14 15 15 11 21 16 14
15 12 7 0 11 11 20 21 17 18 18 15 25 21 19
17 13 10 11 0 2 10 12 8 9 9 9 19 18 20
18 13 11 11 2 0 10 11 8 9 9 9 19 18 20
24 20 19 20 10 10 0 6 8 9 9 13 19 21 25
23 19 19 21 12 11 6 0 6 6 6 11 14 17 22
18 14 14 17 8 8 8 6 0 3 3 7 14 14 19
18 14 15 18 9 9 9 6 3 0 2 7 12 13 18
18 14 15 18 9 9 9 6 3 2 0 6 12 13 18
13 9 11 15 9 9 13 11 7 7 6 0 12 10 13
19 17 21 25 19 19 19 14 14 12 12 12 0 9 16
12 11 16 21 18 18 21 17 14 13 13 10 9 0 9
6 9 14 19 20 20 25 22 19 18 18 13 16 9 0
