13
18
8 79 72 87 76 34 17 100 54 23 99 76 90 24 77 93 100 33
18 98 37 88 35 71 29 31 43 22 65 53 81 82 89 59 57 84
91 62 29 6 70 18 97 91 6 55 53 90 48 32 67 84 20 82
100 53 42 19 79 58 30 36 89 31 51 17 43 8 61 27 78 7
78 7 77 96 45 34 92 64 99 3 66 4 1 78 16 86 60 82
55 5 62 29 6 28 88 42 16 25 42 12 33 84 81 33 1 13
88 17 38 41 69 10 58 63 40 40 70 28 19 89 95 50 75 14
98 73 87 87 21 84 38 89 30 80 49 93 33 62 52 30 28 30
31 13 4 66 34 8 54 43 4 51 48 97 5 29 28 90 15 87
57 20 4 86 90 98 13 9 70 40 97 58 29 9 40 68 67 15
35 68 47 37 14 14 85 18 73 67 87 97 79 72 8 51 9 46
48 44 70 53 60 59 31 3 89 65 40 94 23 81 22 54 4 83
31 59 17 91 86 17 69 7 37 45 24 64 46 96 91 9 28 52
0 2 10 7 7 13 17 16 16 18 14 9 9 10 3
2 0 9 6 7 13 17 16 16 19 14 10 10 11 3
10 9 0 6 11 13 18 18 20 25 21 17 17 19 10
7 6 6 0 7 10 15 15 16 21 17 13 13 15 7
7 7 11 7 0 9 12 11 11 16 12 9 8 12 6
13 13 13 10 9 0 6 6 10 19 17 15 15 19 13
17 17 18 15 12 6 0 2 8 18 17 16 16 21 16
16 16 18 15 11 6 2 0 7 17 16 15 15 20 15
16 16 20 16 11 10 8 7 0 11 11 11 11 16 14
18 19 25 21 16 19 18 17 11 0 7 11 11 13 17
14 14 21 17 12 17 17 16 11 7 0 6 6 8 13
9 10 17 13 9 15 16 15 11 11 6 0 2 7 8
9 10 17 13 8 15 16 15 11 11 6 2 0 6 8
10 11 19 15 12 19 21 20 16 13 8 7 6 0 10
3 3 10 7 6 13 16 15 14 17 13 8 8 10 0
