13
12
66 78 77 57 87 28 26 92 83 11 64 64
52 70 28 71 44 95 84 80 79 43 12 69
85 83 99 18 59 19 4 73 75 48 11 94
12 9 2 76 77 16 36 21 67 80 82 78
94 1 62 76 27 29 68 71 14 80 11 13
24 48 46 6 75 47 27 27 25 71 9 3
32 73 98 49 7 20 88 58 13 20 29 38
37 86 2 73 56 15 58 84 87 97 44 65
51 88 29 17 70 85 31 95 47 42 76 40
34 87 60 84 38 85 70 18 68 18 62 90
69 19 25 78 47 88 53 48 67 34 99 76
18 72 50 96 93 96 53 99 89 94 92 4
93 68 35 31 99 68 61 12 20 35 35 13
0 5 8 11 20 19 17 14 14 10 19 13 8 7 5
5 0 8 8 17 16 16 13 14 10 20 16 10 11 8
8 8 0 10 23 22 22 19 20 16 25 20 15 11 10
11 8 10 0 15 15 16 14 16 13 25 22 16 17 14
20 17 23 15 0 3 7 9 11 13 21 23 19 25 23
19 16 22 15 3 0 6 7 10 12 20 22 18 24 22
17 16 22 16 7 6 0 4 6 9 16 18 14 22 20
14 13 19 14 9 7 4 0 4 6 15 16 12 19 17
14 14 20 16 11 10 6 4 0 6 12 14 10 18 16
10 10 16 13 13 12 9 6 6 0 13 12 7 14 12
19 20 25 25 21 20 16 15 12 13 0 9 12 19 19
13 16 20 22 23 22 18 16 14 12 9 0 7 12 12
8 10 15 16 19 18 14 12 10 7 12 7 0 10 8
7 11 11 17 25 24 22 19 18 14 19 12 10 0 4
5 8 10 14 23 22 20 17 16 12 19 12 8 4 0
