13
12
3 75 86 79 8 65 57 35 67 56 42 67
86 16 40 13 32 49 63 86 67 38 98 65
65 37 81 91 10 93 53 43 53 52 72 19
35 71 73 75 1 54 55 75 76 34 69 85
51 1 37 27 10 57 86 13 48 73 89 99
51 60 28 95 31 39 29 51 53 27 14 21
41 42 81 74 88 65 76 35 7 71 45 74
1 91 27 63 44 99 3 67 16 69 90 62
42 47 80 24 25 69 39 64 45 6 77 6
23 87 29 56 93 13 7 55 78 61 88 43
95 85 93 13 18 43 13 79 51 87 63 9
70 27 38 15 69 33 89 9 4 12 65 77
88 35 96 46 13 82 87 42 2 75 50 92
0 4 4 6 17 20 17 18 20 25 21 14 13 15 5
4 0 2 5 16 19 16 17 19 24 18 12 11 12 4
4 2 0 5 16 18 16 17 19 23 18 12 10 12 4
6 5 5 0 13 16 13 14 16 22 17 11 9 13 8
17 16 16 13 0 5 5 6 8 19 18 12 12 19 19
20 19 18 16 5 0 5 4 5 17 17 13 12 20 21
17 16 16 13 5 5 0 3 5 16 15 10 9 17 19
18 17 17 14 6 4 3 0 4 14 14 10 10 17 19
20 19 19 16 8 5 5 4 0 14 14 11 11 18 22
25 24 23 22 19 17 16 14 14 0 7 13 14 16 25
21 18 18 17 18 17 15 14 14 7 0 8 10 10 19
14 12 12 11 12 13 10 10 11 13 8 0 3 9 14
13 11 10 9 12 12 9 10 11 14 10 3 0 9 13
15 12 12 13 19 20 17 17 18 16 10 9 9 0 12
5 4 4 8 19 21 19 19 22 25 19 14 13 12 0
