13
12
57 70 71 28 95 63 78 73 61 32 45 80
42 29 54 26 34 16 96 6 20 7 58 71
90 82 10 71 91 84 27 12 75 85 3 66
27 80 7 38 34 85 69 55 54 36 21 71
33 69 54 86 25 86 5 69 92 95 84 11
81 29 3 79 41 80 29 49 77 30 52 73
44 10 3 66 13 98 73 46 44 50 99 66
65 77 18 9 11 92 99 30 21 30 78 93
78 42 42 83 45 49 88 44 3 69 14 98
71 37 57 64 12 26 20 7 32 7 92 61
32 21 11 29 94 88 5 5 66 82 24 4
41 92 74 96 65 56 29 88 31 91 6 44
71 60 63 2 94 3 74 17 8 82 20 62
0 6 7 14 18 18 18 9 8 8 15 9 5 3 2
6 0 3 12 16 18 20 12 11 12 20 13 10 8 7
7 3 0 12 17 19 21 13 12 13 21 14 11 9 8
14 12 12 0 6 9 15 11 12 13 22 20 15 14 14
18 16 17 6 0 8 16 15 16 16 25 24 19 19 19
18 18 19 9 8 0 10 12 13 14 22 23 18 18 18
18 20 21 15 16 10 0 10 12 11 15 20 16 17 18
9 12 13 11 15 12 10 0 3 3 13 12 8 9 9
8 11 12 12 16 13 12 3 0 2 12 11 6 7 7
8 12 13 13 16 14 11 3 2 0 11 11 6 7 8
15 20 21 22 25 22 15 13 12 11 0 11 12 14 15
9 13 14 20 24 23 20 12 11 11 11 0 6 8 8
5 10 11 15 19 18 16 8 6 6 12 6 0 4 4
3 8 9 14 19 18 17 9 7 7 14 8 4 0 2
2 7 8 14 19 18 18 9 7 8 15 8 4 2 0
