13
16
37 33 21 4 35 8 79 55 23 54 39 62 99 90 57 95
89 6 28 27 13 91 67 55 23 53 69 57 78 66 64 78
83 56 63 45 22 71 17 91 72 15 89 78 77 12 49 92
72 9 75 17 18 51 44 81 51 15 38 86 62 69 20 34
12 86 49 6 16 74 58 70 80 28 92 16 66 9 17 57
80 15 8 25 80 67 63 11 90 48 54 47 35 31 47 86
26 90 20 66 28 55 43 30 46 11 100 67 35 70 95 32
20 19 30 17 97 69 45 99 48 100 85 63 20 23 5 10
90 30 48 19 5 91 48 48 66 92 22 59 4 45 9 26
1 98 5 65 33 41 48 74 82 51 68 21 59 23 68 75
3 49 76 3 8 64 60 22 36 85 9 2 54 28 45 46
91 68 70 94 15 13 71 23 46 57 18 8 16 52 30 87
35 77 46 3 48 85 36 92 9 66 7 12 40 68 52 82
0 8 10 21 22 22 17 20 17 22 16 12 13 13 9
8 0 4 15 16 15 11 15 13 18 15 9 10 9 4
10 4 0 13 14 14 12 16 14 20 18 12 12 11 6
21 15 13 0 6 8 15 17 18 24 25 20 19 18 16
22 16 14 6 0 4 12 14 15 21 24 19 17 16 15
22 15 14 8 4 0 10 12 14 19 22 17 16 15 14
17 11 12 15 12 10 0 5 5 11 13 9 7 7 9
20 15 16 17 14 12 5 0 5 8 13 11 9 9 12
17 13 14 18 15 14 5 5 0 8 10 8 6 6 10
22 18 20 24 21 19 11 8 8 0 9 11 10 11 16
16 15 18 25 24 22 13 13 10 9 0 7 8 9 13
12 9 12 20 19 17 9 11 8 11 7 0 4 4 7
13 10 12 19 17 16 7 9 6 10 8 4 0 3 7
13 9 11 18 16 15 7 9 6 11 9 4 3 0 6
9 4 6 16 15 14 9 12 10 16 13 7 7 6 0
