13
20
46 93 17 76 52 12 73 57 99 65 81 17 83 59 20 86 32 6 4 41
96 68 37 78 65 49 68 81 52 53 91 22 15 60 99 86 36 97 40 7
45 92 42 28 14 35 25 22 40 66 29 1 88 56 25 31 31 95 18 19
75 15 81 93 22 57 85 57 4 89 70 16 77 59 64 65 27 65 42 7
42 26 61 81 60 33 22 78 48 59 4 65 33 39 34 85 2 58 81 77
24 95 98 61 61 51 18 6 47 52 20 4 66 4 47 6 27 79 31 22
19 48 34 78 31 96 66 99 28 20 14 70 73 84 99 60 29 18 11 84
27 81 84 24 70 18 77 72 88 48 41 2 71 44 64 60 78 71 52 45
57 81 83 55 43 83 65 31 26 89 46 8 18 3 94 33 50 31 56 65
73 11 19 86 31 97 87 2 73 98 26 28 57 92 49 53 25 1 99 54
62 71 61 95 28 60 23 29 6 3 47 98 96 55 76 84 20 76 87 2
6 56 51 37 21 86 71 31 86 22 20 100 43 17 87 15 29 29 63 79
27 37 30 48 46 19 1 77 24 50 26 4 83 18 45 44 82 35 58 69
0 7 7 8 21 14 12 16 17 13 11 12 12 11 7
7 0 5 6 18 12 14 17 19 16 14 17 17 15 10
7 5 0 3 15 9 11 14 17 14 12 15 16 14 8
8 6 3 0 14 8 10 13 15 13 11 14 15 13 8
21 18 15 14 0 9 16 16 20 20 20 23 25 22 18
14 12 9 8 9 0 9 10 14 13 13 16 18 15 11
12 14 11 10 16 9 0 5 7 6 5 9 12 9 7
16 17 14 13 16 10 5 0 5 7 8 11 14 11 10
17 19 17 15 20 14 7 5 0 5 7 9 12 9 11
13 16 14 13 20 13 6 7 5 0 4 6 9 6 8
11 14 12 11 20 13 5 8 7 4 0 5 8 5 6
12 17 15 14 23 16 9 11 9 6 5 0 5 3 8
12 17 16 15 25 18 12 14 12 9 8 5 0 5 9
11 15 14 13 22 15 9 11 9 6 5 3 5 0 7
7 10 8 8 18 11 7 10 11 8 6 8 9 7 0
