13
14
38 34 64 48 37 73 58 96 50 16 13 45 61 28
27 90 67 53 66 70 21 43 61 75 16 4 93 1
10 51 81 51 50 30 76 85 45 67 14 43 32 1
56 14 30 90 17 1 100 61 2 7 22 1 21 7
44 44 77 33 1 51 51 75 22 35 52 76 16 3
98 27 16 33 84 97 88 48 14 12 21 94 10 39
89 93 19 88 38 21 54 63 64 28 90 36 54 46
38 23 31 68 77 15 2 78 63 25 23 93 73 20
55 90 58 29 7 95 12 72 3 74 44 65 95 8
73 47 10 25 63 33 48 84 71 63 47 59 67 37
67 22 90 52 9 42 22 81 87 87 45 46 83 89
28 88 4 2 9 86 100 37 69 74 51 60 20 100
92 87 60 3 59 20 82 83 84 94 22 93 27 86
0 3 10 23 21 19 19 21 25 20 18 21 17 15 7
3 0 9 23 22 20 20 22 25 21 20 22 19 17 8
10 9 0 16 16 15 15 17 21 20 19 22 20 17 9
23 23 16 0 6 7 7 8 10 17 17 21 23 19 18
21 22 16 6 0 3 3 3 6 12 13 17 19 15 16
19 20 15 7 3 0 2 3 8 11 11 16 17 13 14
19 20 15 7 3 2 0 4 8 11 11 16 17 13 14
21 22 17 8 3 3 4 0 6 11 11 15 17 13 15
25 25 21 10 6 8 8 6 0 11 13 16 19 15 19
20 21 20 17 12 11 11 11 11 0 4 6 9 7 15
18 20 19 17 13 11 11 11 13 4 0 6 8 5 13
21 22 22 21 17 16 16 15 16 6 6 0 6 7 16
17 19 20 23 19 17 17 17 19 9 8 6 0 6 13
15 17 17 19 15 13 13 13 15 7 5 7 6 0 10
7 8 9 18 16 14 14 15 19 15 13 16 13 10 0
