13
18
84 43 93 7 96 30 91 56 40 24 92 89 66 41 5 39 24 41
100 50 87 64 3 35 83 59 48 30 64 14 48 41 43 49 48 34
32 10 52 56 25 86 98 67 57 5 44 74 84 3 49 98 19 76
79 72 42 42 22 12 27 60 75 28 63 88 85 96 1 88 71 30
40 58 37 53 51 67 78 80 92 43 89 86 74 17 80 19 76 75
99 41 25 39 15 82 71 15 74 47 67 24 82 11 40 56 63 17
73 67 5 71 89 63 84 29 63 13 25 21 19 37 40 36 31 39
87 24 52 64 71 21 3 36 63 43 40 43 63 15 63 94 63 25
29 36 81 35 54 11 31 44 88 93 46 5 13 100 9 74 99 70
18 60 6 92 50 18 42 65 94 59 59 39 33 19 1 46 17 82
23 13 28 46 66 54 83 71 54 54 50 26 82 54 98 17 37 31
97 97 24 93 44 41 95 81 47 43 52 9 61 54 43 77 85 6
81 35 98 72 74 36 79 96 64 14 7 65 18 66 87 52 46 91
0 10 11 21 19 23 25 24 19 20 18 15 14 11 9
10 0 2 13 11 17 21 20 17 16 13 9 11 11 14
11 2 0 12 10 16 21 20 17 16 13 9 11 12 14
21 13 12 0 9 17 23 23 23 20 18 16 19 21 24
19 11 10 9 0 10 16 16 16 13 11 9 13 16 20
23 17 16 17 10 0 8 9 11 8 8 10 12 16 21
25 21 21 23 16 8 0 3 9 7 10 13 13 17 21
24 20 20 23 16 9 3 0 7 6 9 12 12 15 20
19 17 17 23 16 11 9 7 0 5 7 9 7 10 14
20 16 16 20 13 8 7 6 5 0 4 8 7 11 16
18 13 13 18 11 8 10 9 7 4 0 5 5 10 15
15 9 9 16 9 10 13 12 9 8 5 0 5 8 13
14 11 11 19 13 12 13 12 7 7 5 5 0 6 11
11 11 12 21 16 16 17 15 10 11 10 8 6 0 6
9 14 14 24 20 21 21 20 14 16 15 13 11 6 0
