13
12
72 38 9 8 76 65 10 21 85 57 32 70
29 28 41 69 38 76 76 100 16 41 67 94
60 52 35 60 79 56 13 17 30 81 16 13
5 8 69 7 87 57 7 17 81 43 64 31
72 36 65 20 78 32 80 25 88 82 48 47
88 32 29 11 35 88 31 19 64 100 87 62
61 14 50 77 38 96 59 19 38 100 14 56
46 98 17 79 16 23 71 64 13 86 91 88
32 86 24 26 42 53 3 56 88 86 13 55
61 13 43 14 42 89 37 54 66 95 62 4
97 61 47 67 15 88 10 20 15 55 61 8
5 22 21 98 27 66 22 90 33 66 79 47
93 58 76 47 86 40 15 32 20 57 56 95
0 9 9 10 11 10 13 13 13 16 17 14 13 10 2
9 0 2 4 4 4 19 19 19 23 23 20 20 16 9
9 2 0 3 4 4 19 19 19 22 23 20 19 16 9
10 4 3 0 5 5 21 21 21 23 24 21 20 17 10
11 4 4 5 0 3 20 20 21 25 25 22 22 18 11
10 4 4 5 3 0 19 19 20 24 25 22 21 18 11
13 19 19 21 20 19 0 3 6 18 19 16 16 14 13
13 19 19 21 20 19 3 0 5 17 18 15 15 13 13
13 19 19 21 21 20 6 5 0 14 15 12 12 10 12
16 23 22 23 25 24 18 17 14 0 3 4 5 8 15
17 23 23 24 25 25 19 18 15 3 0 5 6 9 16
14 20 20 21 22 22 16 15 12 4 5 0 2 5 13
13 20 19 20 22 21 16 15 12 5 6 2 0 5 12
10 16 16 17 18 18 14 13 10 8 9 5 5 0 9
2 9 9 10 11 11 13 13 12 15 16 13 12 9 0
