13
16
82 37 49 67 87 54 90 8 30 67 18 44 12 34 65 60
77 86 89 74 92 98 44 63 98 19 69 79 75 24 77 88
35 62 63 60 52 49 100 88 46 4 63 77 50 96 62 1
24 54 30 5 98 6 21 44 73 22 55 95 37 100 45 25
65 38 26 45 81 42 46 99 55 95 68 11 70 1 42 20
63 64 50 3 88 5 88 88 60 68 73 28 7 59 32 75
68 43 83 52 35 80 83 89 6 25 19 64 5 41 79 3
12 94 66 10 6 67 78 32 45 21 15 31 94 20 46 29
94 69 57 47 21 26 68 74 6 98 70 91 39 29 74 75
99 100 81 30 69 84 7 86 22 34 67 31 31 53 45 67
52 31 44 5 80 20 9 7 1 88 76 85 6 33 24 3
59 83 5 23 79 14 69 3 69 48 20 10 33 73 38 32
25 94 68 34 77 51 76 76 31 74 8 75 63 96 82 77
0 8 7 14 18 14 14 14 17 21 15 14 15 5 3
8 0 4 10 19 16 17 18 20 25 20 21 21 12 9
7 4 0 8 16 13 14 15 17 23 17 20 20 11 9
14 10 8 0 13 12 13 16 17 23 19 24 25 17 15
18 19 16 13 0 5 6 9 7 13 12 22 24 18 18
14 16 13 12 5 0 3 6 7 13 10 19 20 14 15
14 17 14 13 6 3 0 5 5 11 8 18 19 14 15
14 18 15 16 9 6 5 0 5 9 5 15 16 13 14
17 20 17 17 7 7 5 5 0 8 7 18 19 16 17
21 25 23 23 13 13 11 9 8 0 8 18 19 19 21
15 20 17 19 12 10 8 5 7 8 0 13 14 13 15
14 21 20 24 22 19 18 15 18 18 13 0 3 10 13
15 21 20 25 24 20 19 16 19 19 14 3 0 11 13
5 12 11 17 18 14 14 13 16 19 13 10 11 0 4
3 9 9 15 18 15 15 14 17 21 15 13 13 4 0
