13
18
7 98 37 85 95 99 37 58 48 37 45 67 62 28 65 3 94 29
13 81 29 60 76 14 3 61 61 43 90 67 37 73 87 49 46 17
29 73 48 42 18 72 99 48 35 66 84 95 56 18 98 28 67 41
57 57 81 97 6 46 83 48 81 33 19 1 38 53 79 83 29 3
38 10 90 31 1 43 95 36 75 29 58 63 26 85 89 84 5 53
78 65 82 27 27 52 1 56 44 25 74 9 45 50 47 72 56 78
100 71 60 70 2 13 51 14 49 27 23 3 97 30 54 54 13 35
52 46 77 17 9 70 28 10 3 72 45 85 74 63 87 89 33 49
3 32 96 78 95 30 98 1 3 88 52 36 7 88 73 83 11 1
9 50 76 77 63 84 57 23 53 72 89 77 13 56 33 5 76 49
35 14 35 60 85 77 29 53 39 63 75 92 54 72 90 34 53 49
9 52 31 94 54 57 81 55 81 14 88 42 86 38 26 31 57 5
53 45 55 5 90 16 64 69 26 92 12 41 97 76 12 92 96 54
0 3 12 9 9 13 14 16 15 16 17 9 10 9 3
3 0 11 8 10 14 15 16 16 18 19 10 12 10 5
12 11 0 5 13 14 15 16 16 23 25 18 20 20 14
9 8 5 0 9 11 12 13 13 20 22 14 17 17 10
9 10 13 9 0 6 7 9 8 12 14 8 11 14 8
13 14 14 11 6 0 2 4 3 12 15 12 15 19 13
14 15 15 12 7 2 0 4 3 12 15 12 15 19 14
16 16 16 13 9 4 4 0 3 13 16 14 17 21 16
15 16 16 13 8 3 3 3 0 12 15 13 16 20 15
16 18 23 20 12 12 12 13 12 0 5 10 12 17 15
17 19 25 22 14 15 15 16 15 5 0 10 11 16 16
9 10 18 14 8 12 12 14 13 10 10 0 5 10 7
10 12 20 17 11 15 15 17 16 12 11 5 0 7 8
9 10 20 17 14 19 19 21 20 17 16 10 7 0 8
3 5 14 10 8 13 14 16 15 15 16 7 8 8 0
