13
18
69 64 86 19 92 84 20 89 46 7 22 98 83 11 86 20 26 81
24 58 94 90 84 29 87 87 77 22 69 92 64 43 58 44 100 99
90 39 52 76 97 72 95 73 91 25 67 72 56 25 74 20 79 48
34 65 74 60 36 74 79 69 33 8 84 32 2 73 27 2 39 9
19 37 32 41 96 45 21 55 14 25 66 70 71 95 6 28 35 60
87 37 64 18 17 44 6 28 29 92 17 8 65 69 84 40 63 80
70 100 31 30 26 56 9 36 89 49 76 100 92 24 32 74 38 84
58 96 99 35 12 47 52 7 70 97 13 25 28 95 35 32 47 57
84 7 11 95 28 20 44 54 92 94 96 9 31 46 75 87 39 71
36 91 60 51 33 93 6 6 41 58 48 54 43 42 52 53 2 1
39 7 43 97 9 95 64 13 92 36 43 74 76 86 62 40 13 74
94 25 20 74 27 82 39 37 76 4 71 42 40 23 73 38 2 25
65 66 92 62 48 27 45 1 18 51 22 64 99 27 36 77 43 5
0 5 5 10 10 12 18 17 20 17 16 13 16 15 8
5 0 2 8 8 10 16 14 17 13 13 9 13 13 7
5 2 0 7 8 10 16 14 17 14 13 10 14 14 7
10 8 7 0 2 4 10 10 17 14 14 11 17 19 13
10 8 8 2 0 3 9 9 17 13 14 10 17 19 13
12 10 10 4 3 0 8 8 16 13 14 11 18 20 15
18 16 16 10 9 8 0 10 19 17 18 16 23 25 21
17 14 14 10 9 8 10 0 11 9 10 9 16 19 17
20 17 17 17 17 16 19 11 0 5 6 9 11 15 17
17 13 14 14 13 13 17 9 5 0 3 6 9 14 14
16 13 13 14 14 14 18 10 6 3 0 5 8 12 13
13 9 10 11 10 11 16 9 9 6 5 0 8 12 10
16 13 14 17 17 18 23 16 11 9 8 8 0 6 10
15 13 14 19 19 20 25 19 15 14 12 12 6 0 9
8 7 7 13 13 15 21 17 17 14 13 10 10 9 0
