13
22
37 33 65 74 80 68 57 4 19 55 6 34 37 12 16 60 87 94 89 12 79 90
57 5 82 50 54 7 31 22 23 62 35 91 16 31 18 96 84 62 28 40 39 74
48 55 22 69 55 66 71 49 77 21 10 48 50 25 9 45 68 16 87 31 9 86
73 55 57 28 87 29 43 97 61 43 84 66 9 60 17 48 90 96 90 87 53 86
84 17 85 42 75 87 70 20 76 24 26 93 77 14 23 70 52 59 21 4 100 21
13 30 19 58 71 99 58 19 17 67 25 30 95 40 74 94 84 75 50 88 39 24
30 53 26 19 26 44 79 96 98 52 69 23 97 99 54 80 46 81 88 51 85 62
2 40 29 95 23 88 57 4 40 10 66 26 56 29 60 36 77 90 52 81 97 18
3 34 11 20 9 12 27 93 7 4 96 79 53 75 67 2 94 33 63 7 21 28
22 73 25 36 5 88 48 82 21 97 77 10 82 50 62 16 6 86 61 82 43 28
59 49 85 20 25 61 10 97 9 67 61 61 55 33 21 71 47 61 30 29 84 53
87 67 1 10 95 84 55 2 44 53 36 79 99 8 59 69 37 12 28 39 31 22
72 77 46 76 58 57 98 97 19 57 50 43 87 42 74 53 93 8 69 9 68 74
0 12 18 17 18 19 25 25 22 18 19 18 10 9 5
12 0 7 7 8 9 14 15 12 10 16 15 10 11 11
18 7 0 5 6 5 8 11 9 11 18 17 16 16 17
17 7 5 0 3 3 9 10 7 7 14 14 13 14 16
18 8 6 3 0 3 8 9 6 7 14 14 14 15 17
19 9 5 3 3 0 7 8 5 8 15 15 15 16 18
25 14 8 9 8 7 0 6 9 13 20 20 21 21 23
25 15 11 10 9 8 6 0 6 11 17 18 20 21 24
22 12 9 7 6 5 9 6 0 6 13 13 16 17 20
18 10 11 7 7 8 13 11 6 0 9 9 12 12 16
19 16 18 14 14 15 20 17 13 9 0 3 11 12 16
18 15 17 14 14 15 20 18 13 9 3 0 10 11 15
10 10 16 13 14 15 21 20 16 12 11 10 0 3 7
9 11 16 14 15 16 21 21 17 12 12 11 3 0 6
5 11 17 16 17 18 23 24 20 16 16 15 7 6 0
