13
30
56 6 20 45 52 73 71 88 33 53 76 50 51 14 91 2 65 99 49 80 95 91 27 18 60 84 78 15 85 63
96 2 95 99 3 3 37 86 87 42 77 76 54 81 62 32 25 39 25 18 60 54 1 57 59 30 90 66 55 52
64 95 23 89 28 46 40 67 23 93 93 93 57 64 18 100 48 38 2 61 65 40 16 80 17 10 5 52 5 62
27 45 96 76 56 79 13 85 7 49 38 63 7 94 97 76 49 78 28 96 9 16 5 88 16 33 25 10 35 79
52 69 13 38 37 9 88 39 22 76 99 10 53 29 11 75 31 62 2 54 86 50 34 85 63 87 83 15 6 55
66 30 13 99 47 56 57 89 31 53 78 23 52 61 47 80 51 50 25 10 70 87 23 72 10 1 62 88 81 72
99 13 48 24 73 24 75 16 39 97 42 97 50 98 3 18 19 97 9 18 49 72 33 80 16 54 94 65 64 36
64 39 100 75 33 20 1 24 28 38 56 26 24 60 71 96 93 33 80 64 2 6 54 2 75 53 55 36 76 96
24 59 37 90 58 46 69 8 25 40 14 59 35 92 48 70 52 18 61 7 18 15 36 10 10 24 90 64 12 23
53 92 66 11 56 99 41 24 19 83 92 48 24 92 91 86 59 30 69 13 77 68 45 2 31 81 44 5 5 12
93 88 34 33 45 87 62 78 93 54 36 85 76 9 1 83 38 63 70 11 45 78 12 76 66 59 45 49 6 45
32 99 76 94 88 33 6 9 25 98 19 75 8 63 65 64 12 48 12 72 84 45 31 12 98 53 84 53 20 55
86 26 1 40 47 83 56 62 30 96 65 82 15 42 3 19 32 81 5 89 92 100 25 90 56 56 91 13 63 69
0 7 8 10 22 21 17 13 9 5 8 12 13 5 5
7 0 4 6 21 21 18 14 11 8 13 18 19 10 9
8 4 0 3 18 18 15 12 9 8 13 18 19 11 11
10 6 3 0 16 16 13 11 8 8 14 19 20 13 13
22 21 18 16 0 2 7 11 14 18 21 25 25 24 25
21 21 18 16 2 0 6 10 14 18 20 24 25 24 24
17 18 15 13 7 6 0 6 9 14 16 20 20 20 20
13 14 12 11 11 10 6 0 6 10 11 15 16 15 16
9 11 9 8 14 14 9 6 0 6 9 14 15 12 12
5 8 8 8 18 18 14 10 6 0 7 12 13 8 8
8 13 13 14 21 20 16 11 9 7 0 6 7 8 9
12 18 18 19 25 24 20 15 14 12 6 0 3 10 11
13 19 19 20 25 25 20 16 15 13 7 3 0 11 12
5 10 11 13 24 24 20 15 12 8 8 10 11 0 2
5 9 11 13 25 24 20 16 12 8 9 11 12 2 0
