13
8
89 11 1 56 87 21 11 6
45 41 50 91 55 23 33 63
7 99 13 84 7 32 38 69
25 33 91 83 90 91 76 61
95 49 2 31 6 8 91 58
1 99 51 60 66 13 26 37
17 59 97 24 36 29 54 61
61 61 38 15 62 5 20 6
35 36 2 19 33 57 9 53
91 26 70 10 97 38 93 40
66 25 51 71 90 20 34 100
19 16 71 64 45 20 28 54
46 40 11 65 55 79 30 75
0 16 18 19 21 23 25 22 19 17 16 17 19 18 7
16 0 13 16 18 22 24 24 23 21 20 19 19 18 13
18 13 0 5 7 11 13 14 15 13 12 10 9 8 13
19 16 5 0 3 7 10 11 12 11 10 7 6 5 14
21 18 7 3 0 6 8 10 12 11 10 8 6 6 16
23 22 11 7 6 0 4 7 10 10 10 8 6 7 18
25 24 13 10 8 4 0 8 11 12 11 10 8 9 21
22 24 14 11 10 7 8 0 5 7 7 7 6 8 18
19 23 15 12 12 10 11 5 0 4 5 6 7 9 15
17 21 13 11 11 10 12 7 4 0 3 5 6 7 13
16 20 12 10 10 10 11 7 5 3 0 4 6 6 12
17 19 10 7 8 8 10 7 6 5 4 0 4 4 13
19 19 9 6 6 6 8 6 7 6 6 4 0 3 14
18 18 8 5 6 7 9 8 9 7 6 4 3 0 13
7 13 13 14 16 18 21 18 15 13 12 13 14 13 0
