13
14
46 93 26 22 84 8 82 72 4 85 57 44 27 17
39 97 68 85 14 73 92 61 85 18 32 39 3 8
38 70 44 88 45 56 14 26 45 86 75 94 89 40
83 79 72 100 22 50 47 28 58 11 39 27 24 94
16 82 41 81 14 67 58 68 76 41 77 70 29 23
64 52 17 25 17 11 19 36 2 85 84 90 62 63
95 56 8 84 74 98 55 73 95 9 97 1 20 8
29 98 25 62 32 99 85 74 33 38 31 2 72 28
32 90 59 73 22 7 59 52 2 26 95 25 31 75
70 59 19 100 36 96 68 95 61 92 45 71 93 7
46 91 66 54 28 89 59 45 19 21 10 31 63 90
90 38 95 69 28 21 6 81 57 49 75 36 63 85
78 52 35 28 46 64 31 28 64 70 98 2 22 47
0 7 6 5 11 15 18 18 14 12 13 9 8 9 9
7 0 3 7 10 14 18 18 16 16 17 13 12 15 11
6 3 0 5 9 13 17 17 15 15 16 12 11 14 12
5 7 5 0 8 11 14 14 11 11 12 8 7 11 13
11 10 9 8 0 6 10 11 11 14 15 13 12 17 19
15 14 13 11 6 0 6 7 9 13 15 13 13 19 23
18 18 17 14 10 6 0 2 8 12 14 14 14 19 25
18 18 17 14 11 7 2 0 7 12 13 14 14 19 25
14 16 15 11 11 9 8 7 0 6 8 8 8 13 21
12 16 15 11 14 13 12 12 6 0 3 5 6 9 19
13 17 16 12 15 15 14 13 8 3 0 6 7 9 19
9 13 12 8 13 13 14 14 8 5 6 0 3 7 16
8 12 11 7 12 13 14 14 8 6 7 3 0 7 15
9 15 14 11 17 19 19 19 13 9 9 7 7 0 13
9 11 12 13 19 23 25 25 21 19 19 16 15 13 0
