14
26
37 15 92 87 25 29 37 69 53 26 37 88 6 92 66 21 59 23 1 46 45 77 20 29 57 40
69 89 27 7 73 73 96 89 79 63 69 90 46 64 58 85 39 49 95 22 78 72 82 97 17 58
40 45 49 92 6 59 97 28 90 34 31 65 69 24 62 57 53 85 3 17 53 27 88 17 29 15
41 22 30 97 100 74 76 8 80 18 46 2 84 39 10 7 82 78 42 47 54 73 1 20 43 57
62 37 49 28 47 55 9 45 68 89 51 57 25 82 48 5 45 12 55 26 49 28 66 48 78 71
36 99 93 42 35 55 89 84 73 77 94 90 30 39 74 21 79 84 26 38 25 33 55 98 77 72
25 98 26 1 43 32 31 14 71 4 22 96 44 59 99 73 84 26 60 34 73 5 70 52 18 96
17 22 1 24 55 36 99 6 58 24 73 27 34 92 41 27 10 25 99 57 85 20 36 84 88 24
80 32 20 27 8 81 86 15 11 19 86 88 58 98 100 90 49 15 38 10 10 9 63 19 22 20
86 55 92 11 69 24 13 39 58 65 59 70 13 68 57 31 98 93 52 48 81 99 39 3 67 23
45 41 10 90 38 14 14 34 58 76 25 91 22 2 73 79 35 7 33 69 67 28 79 50 97 37
32 82 62 45 18 51 33 21 38 89 55 91 69 71 97 36 80 36 9 43 88 43 24 25 55 1
18 86 40 89 86 96 61 86 91 45 24 30 84 38 100 77 51 83 73 12 10 88 55 14 49 40
11 23 17 49 87 27 59 76 91 19 21 82 87 47 76 5 44 35 75 17 51 91 45 5 79 98
0 10 11 11 16 20 21 13 12 15 17 13 11 7 10 6
10 0 4 6 8 14 15 11 11 15 19 18 14 12 16 15
11 4 0 4 7 15 16 13 14 17 21 20 17 14 18 16
11 6 4 0 9 18 19 15 16 20 23 21 18 15 19 15
16 8 7 9 0 12 12 14 15 18 23 23 20 19 22 21
20 14 15 18 12 0 2 11 12 13 19 21 19 20 23 25
21 15 16 19 12 2 0 11 12 13 19 21 19 20 23 25
13 11 13 15 14 11 11 0 3 6 11 12 9 11 14 17
12 11 14 16 15 12 12 3 0 5 10 11 8 9 12 16
15 15 17 20 18 13 13 6 5 0 7 10 8 11 13 19
17 19 21 23 23 19 19 11 10 7 0 6 8 11 11 19
13 18 20 21 23 21 21 12 11 10 6 0 5 8 6 14
11 14 17 18 20 19 19 9 8 8 8 5 0 5 6 12
7 12 14 15 19 20 20 11 9 11 11 8 5 0 5 9
10 16 18 19 22 23 23 14 12 13 11 6 6 5 0 9
6 15 16 15 21 25 25 17 16 19 19 14 12 9 9 0
