14
14
93 76 95 65 27 4 80 57 75 30 52 49 15 63
85 4 82 57 52 30 79 28 58 28 74 60 49 68
7 29 86 31 87 67 20 67 98 68 85 91 94 63
29 68 7 60 22 93 52 98 67 71 26 86 13 59
73 57 62 88 9 41 47 40 69 17 50 27 12 15
58 23 9 25 20 19 74 88 25 44 51 77 74 83
26 81 54 1 2 82 78 72 92 39 49 88 64 48
5 90 7 99 1 8 51 11 83 29 19 38 26 10
44 30 22 55 72 72 63 28 98 43 10 65 54 11
14 61 92 83 76 81 98 99 86 78 74 83 35 70
97 50 85 38 60 95 50 38 84 30 34 82 10 82
97 76 43 55 86 70 29 55 34 43 69 64 47 3
29 54 15 63 36 23 39 48 86 35 8 44 8 29
25 95 18 22 69 59 59 7 50 9 57 53 3 24
0 8 7 6 10 7 8 13 16 11 18 15 16 11 7 4
8 0 2 7 14 13 14 19 22 16 20 16 16 12 12 7
7 2 0 6 13 13 13 18 22 16 20 17 17 12 11 7
6 7 6 0 8 9 12 15 20 15 22 19 19 14 11 7
10 14 13 8 0 8 13 13 20 18 25 23 25 19 14 12
7 13 13 9 8 0 6 8 14 11 19 17 19 14 8 9
8 14 13 12 13 6 0 7 10 7 15 13 16 11 5 8
13 19 18 15 13 8 7 0 9 10 18 17 21 16 10 14
16 22 22 20 20 14 10 9 0 8 13 14 17 15 12 16
11 16 16 15 18 11 7 10 8 0 10 9 12 8 6 10
18 20 20 22 25 19 15 18 13 10 0 5 8 10 13 16
15 16 17 19 23 17 13 17 14 9 5 0 5 6 10 13
16 16 17 19 25 19 16 21 17 12 8 5 0 7 13 14
11 12 12 14 19 14 11 16 15 8 10 6 7 0 7 8
7 12 11 11 14 8 5 10 12 6 13 10 13 7 0 6
4 7 7 7 12 9 8 14 16 10 16 13 14 8 6 0
