14
14
71 25 66 50 63 69 83 61 39 8 16 29 4 32
79 60 33 21 17 10 34 96 42 63 29 1 69 49
73 17 4 46 20 33 49 37 17 76 5 63 99 19
51 50 30 78 35 37 82 60 75 85 26 47 89 56
16 48 3 62 99 81 23 18 5 86 69 26 99 1
52 79 63 8 98 88 51 33 28 90 49 92 60 70
38 65 46 16 91 53 62 36 52 64 62 99 48 58
71 92 3 27 30 86 87 72 72 68 37 97 45 66
45 28 88 93 51 50 97 33 47 84 71 68 50 92
67 59 24 60 82 58 62 92 46 1 77 36 20 89
57 1 55 48 62 79 24 41 11 78 41 31 49 51
82 45 84 83 20 25 1 94 33 8 46 15 30 98
24 46 67 1 53 95 66 31 10 34 67 57 83 40
19 21 27 30 6 76 45 39 97 18 11 93 78 88
0 5 10 13 12 12 14 20 14 18 15 12 12 6 8 3
5 0 10 13 10 9 11 16 10 15 12 9 8 5 10 6
10 10 0 5 7 8 10 16 12 22 20 17 16 13 17 10
13 13 5 0 8 10 12 17 15 25 23 20 19 16 20 13
12 10 7 8 0 4 5 11 8 20 17 15 14 13 19 13
12 9 8 10 4 0 4 10 6 17 15 13 11 12 18 12
14 11 10 12 5 4 0 7 5 18 16 14 13 14 20 15
20 16 16 17 11 10 7 0 8 19 17 17 15 18 25 20
14 10 12 15 8 6 5 8 0 14 12 11 9 12 19 15
18 15 22 25 20 17 18 19 14 0 5 8 8 13 18 19
15 12 20 23 17 15 16 17 12 5 0 5 5 10 15 16
12 9 17 20 15 13 14 17 11 8 5 0 3 7 12 13
12 8 16 19 14 11 13 15 9 8 5 3 0 7 13 13
6 5 13 16 13 12 14 18 12 13 10 7 7 0 8 8
8 10 17 20 19 18 20 25 19 18 15 12 13 8 0 9
3 6 10 13 13 12 15 20 15 19 16 13 13 8 9 0
