14
26
72 27 73 94 21 1 57 83 29 52 35 94 3 90 87 97 100 50 96 50 63 36 6 1 34 22
34 82 51 80 91 53 55 42 46 84 95 16 81 64 42 63 20 14 79 34 54 25 65 73 61 50
74 74 72 46 8 41 2 94 69 59 34 78 8 70 97 62 68 91 2 60 2 40 73 50 2 84
93 41 54 26 75 75 85 40 75 57 77 4 46 76 87 92 8 21 2 21 67 59 71 83 98 23
44 93 82 48 54 90 14 26 67 36 41 16 100 37 2 54 24 20 50 24 72 50 38 31 23 34
70 40 31 23 11 31 69 98 7 97 1 50 12 2 78 46 88 96 72 69 63 69 49 99 3 90
54 98 45 63 41 18 7 93 97 9 69 37 68 9 47 39 77 13 78 90 60 29 51 62 75 4
55 36 87 86 32 91 87 4 94 23 27 84 3 57 49 57 6 61 86 100 28 85 9 46 56 23
39 51 95 65 60 12 6 63 6 7 18 7 12 14 5 3 69 2 50 38 36 61 15 12 50 54
81 64 7 9 7 45 65 51 6 4 25 64 23 18 36 57 85 23 10 55 80 17 14 98 48 83
12 69 75 35 75 10 24 27 54 53 92 95 36 75 39 32 97 61 99 81 92 5 77 85 73 18
76 48 3 39 61 62 72 93 27 61 37 33 97 71 78 42 91 1 27 12 19 89 87 72 77 62
77 59 52 47 6 80 18 21 9 97 55 37 59 20 32 5 28 63 56 49 10 47 90 60 40 69
39 20 71 99 4 75 43 17 59 39 88 22 100 50 97 69 4 64 94 96 15 82 20 96 45 35
0 6 9 10 12 17 17 23 20 19 22 21 18 18 16 7
6 0 7 9 10 15 16 24 20 20 24 25 21 22 20 12
9 7 0 4 4 9 10 20 16 16 21 23 21 22 20 14
10 9 4 0 5 8 8 17 14 14 19 22 19 21 19 14
12 10 4 5 0 7 9 19 16 17 21 25 22 24 22 16
17 15 9 8 7 0 5 15 13 14 20 24 23 25 23 20
17 16 10 8 9 5 0 12 9 11 16 21 20 23 21 18
23 24 20 17 19 15 12 0 5 6 9 16 17 21 19 22
20 20 16 14 16 13 9 5 0 4 9 15 15 19 16 18
19 20 16 14 17 14 11 6 4 0 7 13 13 16 14 17
22 24 21 19 21 20 16 9 9 7 0 9 10 14 13 19
21 25 23 22 25 24 21 16 15 13 9 0 5 8 8 17
18 21 21 19 22 23 20 17 15 13 10 5 0 5 4 13
18 22 22 21 24 25 23 21 19 16 14 8 5 0 4 13
16 20 20 19 22 23 21 19 16 14 13 8 4 4 0 11
7 12 14 14 16 20 18 22 18 17 19 17 13 13 11 0
