14
14
97 7 90 25 45 53 48 72 8 31 97 42 64 77
55 17 23 51 67 4 77 90 59 29 23 57 19 21
18 77 46 92 69 63 1 55 87 70 48 85 69 75
74 85 42 20 39 34 84 74 48 36 48 74 53 65
57 53 66 45 67 40 79 84 2 51 66 25 85 32
81 94 80 46 19 38 13 71 43 93 45 11 68 30
2 11 57 13 71 26 15 39 31 57 65 35 31 9
90 18 6 60 41 6 26 16 49 14 11 55 66 90
13 70 63 20 7 97 5 23 47 37 79 56 96 18
50 49 99 31 12 14 8 45 56 6 72 44 20 5
36 62 52 65 79 53 71 39 41 90 50 93 76 100
35 47 45 56 84 4 19 38 18 59 42 92 48 31
20 63 19 19 66 34 5 81 9 39 93 30 28 24
66 56 32 75 32 64 57 16 65 73 99 48 49 80
0 5 15 18 11 13 15 16 19 22 11 10 6 7 7 5
5 0 15 18 13 15 18 19 22 25 14 13 9 10 11 8
15 15 0 5 7 7 11 12 15 21 12 13 16 18 19 17
18 18 5 0 10 10 13 14 16 22 15 16 19 21 22 20
11 13 7 10 0 4 7 8 11 17 7 8 10 13 14 12
13 15 7 10 4 0 6 7 10 16 7 8 12 14 15 14
15 18 11 13 7 6 0 2 6 11 6 7 13 14 15 15
16 19 12 14 8 7 2 0 5 10 7 8 13 15 16 16
19 22 15 16 11 10 6 5 0 8 9 10 16 17 18 18
22 25 21 22 17 16 11 10 8 0 13 14 19 19 20 21
11 14 12 15 7 7 6 7 9 13 0 3 8 10 11 11
10 13 13 16 8 8 7 8 10 14 3 0 7 8 10 9
6 9 16 19 10 12 13 13 16 19 8 7 0 4 5 4
7 10 18 21 13 14 14 15 17 19 10 8 4 0 3 4
7 11 19 22 14 15 15 16 18 20 11 10 5 3 0 4
5 8 17 20 12 14 15 16 18 21 11 9 4 4 4 0
