14
20
42 80 61 17 83 24 99 23 53 71 10 80 16 71 29 71 74 56 45 68
21 19 92 47 22 1 2 79 92 32 53 50 26 46 16 97 4 11 90 60
48 41 55 56 91 45 2 77 72 17 24 99 25 94 92 88 22 31 14 34
86 94 100 31 86 10 42 58 60 11 32 95 87 12 83 68 17 44 77 33
78 74 72 52 57 39 11 21 61 45 15 16 92 15 41 37 72 6 28 89
36 98 30 26 5 22 82 30 10 73 35 95 65 88 79 20 12 9 45 86
57 82 88 38 86 29 51 79 36 72 13 21 28 42 12 44 34 89 48 78
33 50 12 30 94 8 30 45 57 15 32 67 48 7 54 26 31 81 61 16
21 97 100 26 3 2 27 70 57 99 90 93 18 78 22 18 86 93 47 10
50 20 71 15 91 24 89 40 58 38 35 86 91 46 41 87 41 6 45 57
52 73 52 22 84 2 88 70 57 6 16 92 18 5 48 65 17 76 19 90
45 100 3 17 90 9 2 52 71 95 70 90 78 27 57 6 49 14 97 19
57 49 72 48 56 82 94 67 60 81 49 71 86 21 78 68 22 25 15 21
43 12 18 59 93 20 74 66 57 27 12 38 8 6 23 8 26 70 28 6
0 6 6 10 12 9 16 19 18 17 12 13 17 17 10 8
6 0 6 7 8 8 16 19 19 18 15 17 21 22 14 12
6 6 0 6 8 5 12 15 15 13 11 14 18 19 14 13
10 7 6 0 4 4 13 16 16 15 14 18 22 24 18 16
12 8 8 4 0 6 14 16 16 16 16 20 24 25 20 18
9 8 5 4 6 0 11 13 13 12 11 16 20 22 17 16
16 16 12 13 14 11 0 5 4 3 8 15 17 20 21 22
19 19 15 16 16 13 5 0 3 5 11 17 19 23 24 25
18 19 15 16 16 13 4 3 0 4 10 16 18 21 23 25
17 18 13 15 16 12 3 5 4 0 7 14 16 19 21 22
12 15 11 14 16 11 8 11 10 7 0 8 11 14 15 17
13 17 14 18 20 16 15 17 16 14 8 0 6 7 11 15
17 21 18 22 24 20 17 19 18 16 11 6 0 5 14 18
17 22 19 24 25 22 20 23 21 19 14 7 5 0 12 17
10 14 14 18 20 17 21 24 23 21 15 11 14 12 0 6
8 12 13 16 18 16 22 25 25 22 17 15 18 17 6 0
