14
26
29 77 70 26 16 17 50 32 37 42 14 44 73 89 87 70 90 11 48 72 71 24 86 95 96 21
67 61 27 94 69 79 29 2 97 49 28 11 68 53 100 51 36 58 95 61 81 12 90 33 17 42
58 29 63 12 56 87 48 86 50 6 85 13 86 17 36 8 43 17 63 15 54 19 10 55 18 65
54 47 95 58 38 98 61 70 71 77 19 65 98 42 32 24 61 72 16 9 61 16 77 21 100 8
8 63 44 17 57 6 76 77 61 70 8 73 54 67 4 11 23 31 38 47 71 64 33 50 9 55
69 6 37 86 44 90 96 3 58 71 96 15 54 10 92 4 18 19 12 63 49 56 12 19 28 7
32 17 61 98 63 45 32 81 42 7 38 86 90 7 76 79 47 7 68 16 39 87 13 49 99 50
33 85 71 48 51 71 21 3 40 84 100 48 64 85 81 88 2 27 65 71 10 31 23 36 92 34
36 39 63 6 80 37 25 22 80 66 99 50 53 53 84 95 98 84 62 26 37 58 76 12 61 53
10 67 58 54 90 65 71 93 89 27 10 37 49 69 40 68 50 98 40 50 97 95 51 72 48 37
17 36 14 11 87 48 29 4 87 99 30 16 46 60 29 24 84 59 73 14 74 60 81 53 41 75
45 4 81 88 78 53 39 39 55 76 59 89 41 4 74 35 88 15 61 84 86 7 2 61 12 44
9 91 64 10 49 97 66 25 14 55 70 88 92 85 12 7 83 54 4 55 14 34 11 42 38 98
56 31 27 98 86 91 39 79 81 22 30 74 45 90 91 100 61 77 49 86 25 86 22 73 81 89
0 6 8 7 9 8 18 16 21 15 12 12 8 9 11 4
6 0 3 5 7 9 18 19 24 19 16 16 11 14 15 9
8 3 0 5 7 9 18 20 25 21 18 17 12 16 17 10
7 5 5 0 4 5 14 16 22 18 15 14 9 14 16 10
9 7 7 4 0 4 12 16 21 18 15 13 9 15 17 11
8 9 9 5 4 0 11 13 18 15 12 11 7 13 15 10
18 18 18 14 12 11 0 13 17 18 16 14 13 20 23 19
16 19 20 16 16 13 13 0 7 7 7 5 10 13 16 16
21 24 25 22 21 18 17 7 0 9 11 10 15 17 19 21
15 19 21 18 18 15 18 7 9 0 5 6 10 10 12 14
12 16 18 15 15 12 16 7 11 5 0 4 7 8 10 11
12 16 17 14 13 11 14 5 10 6 4 0 6 9 12 12
8 11 12 9 9 7 13 10 15 10 7 6 0 8 11 8
9 14 16 14 15 13 20 13 17 10 8 9 8 0 4 7
11 15 17 16 17 15 23 16 19 12 10 12 11 4 0 8
4 9 10 10 11 10 19 16 21 14 11 12 8 7 8 0
