14
4
33 83 57 96
72 72 11 40
31 1 31 98
49 92 5 59
83 93 35 14
9 62 25 70
38 46 68 26
58 58 92 70
65 97 96 56
45 45 85 45
24 85 100 54
92 23 6 89
49 70 3 51
21 72 14 13
0 6 6 11 19 21 22 22 17 12 11 9 8 7 5 3
6 0 3 11 21 23 25 25 20 16 15 13 13 11 8 7
6 3 0 10 20 22 25 25 20 16 15 13 12 11 7 7
11 11 10 0 12 14 19 20 15 14 13 12 12 12 7 9
19 21 20 12 0 3 12 15 13 17 16 17 16 18 16 18
21 23 22 14 3 0 12 14 13 18 17 18 17 19 18 19
22 25 25 19 12 12 0 4 7 14 14 16 16 18 19 20
22 25 25 20 15 14 4 0 7 13 13 15 15 17 19 20
17 20 20 15 13 13 7 7 0 8 8 10 10 12 14 15
12 16 16 14 17 18 14 13 8 0 2 4 5 7 11 11
11 15 15 13 16 17 14 13 8 2 0 4 4 6 10 10
9 13 13 12 17 18 16 15 10 4 4 0 2 4 8 8
8 13 12 12 16 17 16 15 10 5 4 2 0 4 7 7
7 11 11 12 18 19 18 17 12 7 6 4 4 0 6 6
5 8 7 7 16 18 19 19 14 11 10 8 7 6 0 3
3 7 7 9 18 19 20 20 15 11 10 8 7 6 3 0
