14
4
79 62 77 25
13 26 23 67
82 10 11 69
68 88 62 68
82 80 66 28
87 72 78 59
79 85 40 18
60 94 16 1
90 20 65 33
96 23 11 37
87 93 95 48
29 61 64 4
72 6 92 27
78 35 87 14
0 6 12 15 18 23 25 17 19 16 14 13 14 10 10 8
6 0 8 10 15 21 24 17 20 17 17 15 12 8 10 9
12 8 0 4 11 18 21 16 20 18 21 19 11 9 11 12
15 10 4 0 10 16 20 16 20 18 22 20 11 10 12 14
18 15 11 10 0 8 11 10 14 13 20 17 7 10 11 14
23 21 18 16 8 0 5 10 14 14 22 20 11 15 15 18
25 24 21 20 11 5 0 10 13 14 22 20 13 17 17 20
17 17 16 16 10 10 10 0 6 5 13 11 6 10 9 11
19 20 20 20 14 14 13 6 0 4 11 10 10 13 11 13
16 17 18 18 13 14 14 5 4 0 10 8 8 10 9 10
14 17 21 22 20 22 22 13 11 10 0 4 14 14 11 10
13 15 19 20 17 20 20 11 10 8 4 0 12 12 9 8
14 12 11 11 7 11 13 6 10 8 14 12 0 5 6 8
10 8 9 10 10 15 17 10 13 10 14 12 5 0 4 6
10 10 11 12 11 15 17 9 11 9 11 9 6 4 0 4
8 9 12 14 14 18 20 11 13 10 10 8 8 6 4 0
