14
18
53 61 2 38 24 76 14 17 74 27 38 58 1 38 30 72 87 8
40 91 16 24 25 2 13 80 11 16 89 36 49 4 70 79 40 59
81 89 90 46 18 31 6 12 100 61 4 9 93 70 39 32 50 12
6 18 54 63 100 10 73 86 82 64 48 64 46 58 73 60 36 70
92 23 94 36 6 50 37 22 36 81 5 100 15 85 81 45 12 68
94 68 22 56 68 3 68 47 56 81 84 54 24 5 82 98 51 58
32 31 83 47 45 35 21 7 61 31 73 57 48 88 95 12 83 45
17 97 55 100 2 56 32 19 80 70 96 15 39 8 39 57 81 78
58 52 73 76 88 55 96 68 57 97 47 34 13 88 65 43 43 60
61 83 25 85 55 13 77 90 49 70 10 55 32 7 85 74 64 14
27 100 1 39 30 97 91 71 83 76 39 53 90 57 5 66 66 22
17 23 24 14 13 54 76 14 77 95 12 32 95 62 63 17 10 2
53 99 93 50 80 47 53 26 86 32 61 84 90 47 76 34 2 42
52 11 55 78 1 11 46 33 88 85 31 67 72 89 62 90 98 8
0 6 7 7 12 15 19 18 22 25 18 19 19 11 10 5
6 0 3 4 7 10 15 14 17 21 15 17 18 9 9 7
7 3 0 4 6 9 14 13 16 20 15 17 18 9 9 8
7 4 4 0 7 10 16 14 17 19 13 15 16 7 7 6
12 7 6 7 0 5 12 10 12 16 11 15 16 8 9 11
15 10 9 10 5 0 8 6 9 15 13 17 19 11 13 15
19 15 14 16 12 8 0 4 11 20 19 24 25 18 19 20
18 14 13 14 10 6 4 0 9 17 17 22 23 16 17 19
22 17 16 17 12 9 11 9 0 11 13 18 20 16 17 21
25 21 20 19 16 15 20 17 11 0 9 13 14 15 17 23
18 15 15 13 11 13 19 17 13 9 0 6 8 8 9 15
19 17 17 15 15 17 24 22 18 13 6 0 3 10 10 16
19 18 18 16 16 19 25 23 20 14 8 3 0 10 11 16
11 9 9 7 8 11 18 16 16 15 8 10 10 0 3 9
10 9 9 7 9 13 19 17 17 17 9 10 11 3 0 7
5 7 8 6 11 15 20 19 21 23 15 16 16 9 7 0
