14
30
64 71 22 13 100 23 36 85 8 62 5 96 84 88 71 28 88 74 81 8 73 20 84 86 93 9 50 40 64 84
21 55 80 53 69 80 7 11 70 81 94 76 24 21 36 22 22 86 81 77 25 4 57 100 30 30 79 78 9 48
67 84 74 44 95 89 30 20 36 54 100 24 50 37 80 76 94 3 79 91 32 12 98 98 15 65 69 1 77 51
7 31 93 76 15 91 5 12 91 80 62 85 78 8 79 53 51 71 50 40 4 84 72 84 66 8 98 65 61 98
96 1 9 51 50 69 24 85 68 40 86 77 85 30 80 10 21 54 64 63 75 11 70 59 54 86 20 4 64 87
12 55 63 78 69 31 93 76 10 95 29 38 43 69 98 72 33 63 97 25 87 7 90 57 15 40 68 5 80 57
5 52 32 20 6 17 15 23 51 83 40 98 79 56 24 20 75 30 6 98 66 65 62 47 45 67 84 81 95 12
34 50 74 78 95 85 44 87 61 37 66 90 100 11 48 62 63 27 4 76 30 72 3 60 62 30 79 44 33 75
77 65 57 63 57 53 38 9 40 50 20 96 43 43 52 87 94 75 53 10 37 73 6 55 8 94 71 56 37 77
65 41 68 47 7 12 47 72 15 90 75 17 50 4 71 15 1 40 80 40 92 23 74 21 67 49 48 91 90 70
57 2 61 6 51 36 57 18 2 18 90 73 76 85 61 69 81 98 60 23 47 33 5 2 18 13 33 73 94 31
68 88 96 11 63 51 35 62 6 63 66 31 76 43 44 78 45 22 87 53 40 96 65 17 68 88 30 68 2 73
28 2 76 82 15 31 36 13 3 92 59 100 71 60 15 20 44 17 36 7 92 4 14 47 69 30 46 41 78 15
90 97 41 42 72 59 51 87 34 68 30 81 36 8 95 46 58 5 59 30 35 5 97 68 96 78 81 68 47 47
0 9 12 14 15 19 25 20 16 18 20 14 9 5 5 3
9 0 7 7 7 13 21 17 15 19 23 17 13 11 11 9
12 7 0 4 6 8 16 11 11 15 21 15 12 13 13 11
14 7 4 0 4 7 17 13 13 17 24 18 15 15 15 13
15 7 6 4 0 9 18 15 15 19 25 20 16 16 16 14
19 13 8 7 9 0 12 9 13 17 24 20 18 20 19 18
25 21 16 17 18 12 0 7 11 13 21 19 20 24 23 24
20 17 11 13 15 9 7 0 7 10 18 15 15 18 18 18
16 15 11 13 15 13 11 7 0 6 13 9 10 14 14 15
18 19 15 17 19 17 13 10 6 0 10 8 11 15 15 17
20 23 21 24 25 24 21 18 13 10 0 7 12 16 16 18
14 17 15 18 20 20 19 15 9 8 7 0 6 11 11 13
9 13 12 15 16 18 20 15 10 11 12 6 0 6 6 8
5 11 13 15 16 20 24 18 14 15 16 11 6 0 2 4
5 11 13 15 16 19 23 18 14 15 16 11 6 2 0 4
3 9 11 13 14 18 24 18 15 17 18 13 8 4 4 0
