14
20
7 48 84 98 71 75 76 86 30 7 47 7 52 75 77 96 15 1 99 44
94 19 63 31 35 35 26 38 42 12 36 59 17 91 16 50 46 81 87 50
99 4 76 67 98 59 15 2 82 61 17 34 55 14 66 94 38 45 41 35
67 32 3 7 22 21 99 53 82 96 45 19 77 29 79 70 46 55 8 51
16 12 54 43 97 81 14 28 15 99 17 92 30 11 48 14 81 27 8 49
35 15 87 1 92 19 22 34 52 29 46 3 41 78 1 59 91 26 44 52
45 78 76 97 18 90 87 96 89 72 2 13 10 34 83 58 33 8 29 14
37 21 87 63 92 45 28 12 35 53 28 69 71 92 67 44 92 75 29 45
29 52 86 22 48 52 87 48 47 72 76 71 78 74 93 74 77 74 9 64
48 26 90 43 17 77 93 32 98 77 57 38 52 92 30 8 69 100 27 52
79 69 42 69 54 55 21 77 65 53 11 14 17 92 55 44 80 34 25 34
99 98 74 28 63 16 25 75 5 50 34 54 43 30 28 58 57 16 52 20
79 94 32 23 71 46 47 72 24 22 32 10 32 58 82 15 15 9 93 17
4 31 22 2 95 57 58 47 78 20 82 7 94 24 78 2 95 55 61 56
0 6 20 19 17 13 13 15 19 18 24 21 16 15 14 6
6 0 18 18 15 13 13 15 20 19 25 24 19 19 18 9
20 18 0 6 6 11 12 13 15 16 21 22 20 24 24 20
19 18 6 0 4 8 9 9 11 12 17 18 16 21 21 18
17 15 6 4 0 6 7 8 11 12 17 18 15 20 19 16
13 13 11 8 6 0 2 5 9 9 15 15 11 15 14 11
13 13 12 9 7 2 0 4 8 9 15 14 10 14 14 11
15 15 13 9 8 5 4 0 6 6 12 12 9 14 13 12
19 20 15 11 11 9 8 6 0 4 8 9 8 14 14 16
18 19 16 12 12 9 9 6 4 0 8 7 6 12 12 14
24 25 21 17 17 15 15 12 8 8 0 5 10 15 15 20
21 24 22 18 18 15 14 12 9 7 5 0 7 11 12 17
16 19 20 16 15 11 10 9 8 6 10 7 0 7 7 12
15 19 24 21 20 15 14 14 14 12 15 11 7 0 3 11
14 18 24 21 19 14 14 13 14 12 15 12 7 3 0 10
6 9 20 18 16 11 11 12 16 14 20 17 12 11 10 0
