14
22
16 52 92 19 25 78 88 44 92 21 61 100 42 25 18 22 82 22 99 51 74 11
35 83 31 9 60 55 19 94 41 90 15 96 69 33 70 44 68 83 4 56 24 94
74 8 49 54 92 34 10 81 98 63 34 24 97 89 91 24 75 46 73 73 28 87
20 21 42 55 84 65 4 55 2 19 18 18 62 56 20 19 52 79 46 97 6 90
82 81 21 94 89 84 47 75 67 12 71 96 62 25 67 52 80 93 75 17 5 64
24 93 22 84 58 7 17 83 23 26 41 72 26 55 35 84 97 9 15 4 54 88
81 14 59 92 44 13 21 20 42 69 74 30 15 12 13 37 4 83 65 8 7 62
58 75 26 69 73 70 96 52 16 22 27 93 27 79 96 94 56 47 55 39 26 41
75 20 54 59 84 18 79 95 56 2 22 53 56 56 39 56 56 4 36 58 80 28
98 50 54 17 1 40 84 72 54 54 11 18 88 35 16 21 84 30 30 86 3 42
76 32 99 62 88 73 73 43 40 27 45 34 86 70 30 77 32 37 41 61 24 54
22 15 37 66 75 92 34 60 66 44 88 31 85 84 5 21 5 61 54 57 97 21
55 65 28 79 29 92 56 60 15 41 66 29 13 97 25 47 40 39 73 4 26 25
2 47 19 2 38 21 53 48 63 16 58 60 41 98 64 17 79 36 34 79 34 27
0 2 9 11 16 12 15 22 19 15 15 15 12 12 9 6
2 0 9 11 16 13 16 23 20 16 15 16 13 13 10 7
9 9 0 7 11 5 8 16 13 12 13 16 12 12 7 8
11 11 7 0 6 8 9 20 18 17 18 21 17 17 13 12
16 16 11 6 0 10 10 21 19 20 22 25 21 21 16 17
12 13 5 8 10 0 4 13 11 11 13 17 13 13 9 10
15 16 8 9 10 4 0 12 10 12 14 19 15 15 11 13
22 23 16 20 21 13 12 0 4 10 13 19 16 15 15 18
19 20 13 18 19 11 10 4 0 7 10 16 13 12 12 15
15 16 12 17 20 11 12 10 7 0 4 10 7 6 7 10
15 15 13 18 22 13 14 13 10 4 0 7 5 4 8 10
15 16 16 21 25 17 19 19 16 10 7 0 6 6 11 11
12 13 12 17 21 13 15 16 13 7 5 6 0 3 6 7
12 13 12 17 21 13 15 15 12 6 4 6 3 0 6 8
9 10 7 13 16 9 11 15 12 7 8 11 6 6 0 5
6 7 8 12 17 10 13 18 15 10 10 11 7 8 5 0
