14
14
40 75 51 94 82 33 74 47 28 11 60 91 49 65
77 71 89 81 86 59 17 21 45 79 84 23 41 78
66 4 77 97 64 17 21 67 37 89 90 57 60 38
26 68 32 13 38 55 100 25 43 62 39 51 61 43
8 52 60 42 91 88 21 51 97 83 60 75 73 97
48 38 73 57 33 56 62 45 16 18 83 18 25 79
27 86 94 63 82 39 87 64 25 51 14 37 29 2
73 22 33 17 71 16 71 18 59 4 71 32 28 46
25 24 95 33 76 78 20 58 22 32 80 60 50 50
20 71 90 29 94 66 31 16 16 98 57 34 27 12
51 98 67 13 40 45 67 94 70 39 6 36 23 13
63 59 46 36 97 23 7 30 74 28 37 100 4 79
83 57 52 24 78 59 93 66 23 14 45 56 35 9
74 34 34 9 29 5 91 54 54 23 13 36 16 24
0 7 4 9 13 15 16 17 17 18 20 21 20 13 14 5
7 0 7 12 16 18 19 20 21 22 25 25 24 19 19 11
4 7 0 7 11 13 14 15 16 17 20 20 19 14 16 6
9 12 7 0 6 8 9 10 11 13 15 16 15 13 17 7
13 16 11 6 0 3 5 7 7 10 12 14 13 14 20 11
15 18 13 8 3 0 3 5 6 9 10 12 11 14 20 12
16 19 14 9 5 3 0 4 5 8 9 11 11 14 21 13
17 20 15 10 7 5 4 0 2 5 7 8 8 12 19 13
17 21 16 11 7 6 5 2 0 5 6 8 8 13 19 14
18 22 17 13 10 9 8 5 5 0 4 5 4 10 17 14
20 25 20 15 12 10 9 7 6 4 0 4 4 13 20 17
21 25 20 16 14 12 11 8 8 5 4 0 3 12 19 17
20 24 19 15 13 11 11 8 8 4 4 3 0 11 18 16
13 19 14 13 14 14 14 12 13 10 13 12 11 0 8 9
14 19 16 17 20 20 21 19 19 17 20 19 18 8 0 12
5 11 6 7 11 12 13 13 14 14 17 17 16 9 12 0
