14
10
56 24 84 81 71 17 68 45 96 29
42 31 7 83 51 98 11 42 82 79
4 57 34 11 9 90 33 29 77 9
24 66 53 47 96 10 35 82 42 89
41 47 33 51 54 60 70 79 66 82
95 87 57 96 39 48 95 70 71 11
63 62 4 13 19 94 39 79 20 54
45 96 10 74 60 59 7 49 91 33
9 28 14 91 12 24 13 27 7 87
80 56 24 39 28 33 68 33 57 14
66 87 97 49 1 18 43 62 81 35
83 65 64 10 84 69 74 25 69 5
21 42 45 61 79 24 5 1 95 81
38 79 33 55 10 73 25 49 75 53
0 7 10 12 18 14 15 14 14 23 17 16 15 8 6 4
7 0 6 13 17 13 12 11 10 18 12 10 11 5 6 10
10 6 0 11 13 9 7 6 6 14 11 10 14 10 11 13
12 13 11 0 8 7 12 11 12 22 21 19 22 16 16 13
18 17 13 8 0 6 11 11 12 20 22 21 25 21 21 19
14 13 9 7 6 0 7 6 8 16 17 16 21 16 16 16
15 12 7 12 11 7 0 3 3 11 13 12 18 15 16 18
14 11 6 11 11 6 3 0 3 12 12 11 17 14 15 17
14 10 6 12 12 8 3 3 0 11 11 10 16 14 15 17
23 18 14 22 20 16 11 12 11 0 10 12 18 20 22 25
17 12 11 21 22 17 13 12 11 10 0 3 10 13 15 20
16 10 10 19 21 16 12 11 10 12 3 0 9 11 13 18
15 11 14 22 25 21 18 17 16 18 10 9 0 8 10 17
8 5 10 16 21 16 15 14 14 20 13 11 8 0 4 10
6 6 11 16 21 16 16 15 15 22 15 13 10 4 0 8
4 10 13 13 19 16 18 17 17 25 20 18 17 10 8 0
