14
16
49 64 91 60 70 19 33 70 73 71 84 80 60 29 80 77
30 12 73 55 49 64 76 16 20 12 69 63 74 56 71 10
63 60 87 50 47 35 73 28 85 92 65 61 2 23 72 8
15 35 34 34 95 50 53 53 34 91 79 38 8 77 63 26
51 72 64 98 70 53 55 70 73 40 47 14 4 50 27 41
25 81 10 40 28 1 42 75 3 40 62 9 65 23 45 9
91 74 56 14 6 99 91 39 50 13 89 68 89 89 26 41
52 21 79 80 77 99 76 90 53 34 36 83 55 79 65 77
64 60 84 22 44 59 47 12 41 45 18 34 48 5 36 86
31 83 50 1 8 72 96 90 75 64 14 25 9 19 100 28
83 65 78 91 28 2 61 70 32 88 59 81 56 74 3 27
35 88 2 23 43 25 60 86 99 86 6 35 2 86 84 3
67 96 11 79 81 71 6 26 90 71 79 74 61 47 48 68
59 51 71 70 82 84 99 26 71 59 99 36 37 14 65 55
0 6 10 15 19 20 22 19 16 19 20 12 12 8 7 2
6 0 6 11 16 17 19 17 14 17 21 13 10 7 11 6
10 6 0 7 12 13 16 13 11 15 21 13 8 6 15 10
15 11 7 0 7 10 14 11 10 14 22 16 9 10 20 15
19 16 12 7 0 4 9 7 9 12 21 17 10 13 24 20
20 17 13 10 4 0 6 4 7 10 19 17 10 14 25 21
22 19 16 14 9 6 0 4 8 7 16 16 11 15 25 22
19 17 13 11 7 4 4 0 5 7 16 14 9 12 23 20
16 14 11 10 9 7 8 5 0 6 14 11 5 9 20 16
19 17 15 14 12 10 7 7 6 0 11 11 9 12 22 19
20 21 21 22 21 19 16 16 14 11 0 10 15 16 21 20
12 13 13 16 17 17 16 14 11 11 10 0 9 8 13 12
12 10 8 9 10 10 11 9 5 9 15 9 0 5 16 13
8 7 6 10 13 14 15 12 9 12 16 8 5 0 13 9
7 11 15 20 24 25 25 23 20 22 21 13 16 13 0 6
2 6 10 15 20 21 22 20 16 19 20 12 13 9 6 0
