14
14
33 31 67 10 54 71 12 39 8 24 40 38 92 76
56 14 99 74 48 27 99 68 52 53 22 49 19 87
68 79 68 73 60 83 57 74 28 16 87 47 26 98
68 97 24 68 73 53 13 29 35 32 39 99 14 98
88 97 72 71 87 34 54 43 95 24 36 26 87 64
76 61 20 100 48 89 27 68 75 1 30 75 36 35
46 8 99 74 29 66 81 33 99 75 97 92 61 92
96 21 41 77 73 1 50 1 48 61 2 79 72 32
4 86 12 80 48 15 57 100 9 14 17 18 23 68
11 84 78 35 90 37 27 24 7 32 74 61 44 48
44 4 7 95 32 64 78 18 7 8 95 56 47 48
17 66 83 50 59 33 39 6 95 82 8 4 5 37
69 21 38 51 15 97 76 11 27 48 46 59 89 79
46 92 18 79 17 33 31 15 96 1 21 48 59 95
0 8 14 19 17 18 20 23 24 23 19 16 17 15 7 5
8 0 11 15 14 16 19 21 22 25 22 19 21 19 14 12
14 11 0 7 5 6 9 12 13 17 16 13 16 14 17 17
19 15 7 0 5 6 10 12 12 19 19 17 20 19 23 22
17 14 5 5 0 3 7 9 10 16 16 14 17 16 21 20
18 16 6 6 3 0 5 8 8 14 14 13 16 15 21 20
20 19 9 10 7 5 0 4 5 11 12 11 14 13 22 21
23 21 12 12 9 8 4 0 3 10 13 13 15 15 24 24
24 22 13 12 10 8 5 3 0 11 14 14 17 16 25 25
23 25 17 19 16 14 11 10 11 0 7 9 10 11 23 23
19 22 16 19 16 14 12 13 14 7 0 4 5 6 18 19
16 19 13 17 14 13 11 13 14 9 4 0 5 4 15 16
17 21 16 20 17 16 14 15 17 10 5 5 0 3 15 16
15 19 14 19 16 15 13 15 16 11 6 4 3 0 14 15
7 14 17 23 21 21 22 24 25 23 18 15 15 14 0 3
5 12 17 22 20 20 21 24 25 23 19 16 16 15 3 0
