14
26
7 98 59 44 24 36 34 65 3 74 42 96 28 68 61 57 57 41 14 81 87 4 42 36 43 16
89 53 61 77 12 83 83 21 94 59 3 97 69 6 81 89 33 93 92 98 57 22 81 77 90 73
58 76 57 15 92 84 9 74 4 84 7 55 99 24 20 14 14 49 87 68 91 84 49 43 7 44
88 51 61 53 52 23 79 68 33 40 61 88 79 21 96 44 36 8 96 82 48 71 24 5 75 26
45 61 90 9 62 99 74 42 60 79 36 55 70 41 100 69 75 70 78 53 39 85 98 69 18 80
52 15 1 77 88 51 39 17 27 8 34 16 41 94 34 67 85 2 51 92 63 64 11 26 67 67
87 8 82 68 40 81 82 94 80 100 12 94 71 71 39 33 28 70 12 42 75 4 11 62 68 14
64 62 33 57 11 30 13 11 93 52 30 64 74 100 100 46 23 89 98 91 85 82 69 10 58 36
96 20 99 1 2 47 55 4 24 89 3 83 11 20 61 19 79 67 10 88 37 49 43 30 5 22
29 93 20 46 67 91 67 23 90 95 47 42 42 43 7 88 11 33 73 79 34 33 71 92 72 27
55 93 83 92 41 95 77 55 100 13 87 24 84 31 29 6 75 88 51 25 39 20 90 29 15 84
26 52 1 21 84 46 81 79 71 40 14 52 35 50 72 22 89 98 17 41 31 25 22 85 28 19
73 52 79 88 5 40 50 86 29 85 54 3 52 87 86 69 70 55 40 46 22 82 14 39 50 63
17 11 86 4 55 79 76 4 87 78 14 89 57 31 97 74 68 46 53 86 8 9 16 49 81 51
0 10 12 12 20 22 24 22 17 16 16 18 12 9 8 6
10 0 5 4 11 14 17 17 10 11 16 20 12 12 10 8
12 5 0 3 12 12 14 13 7 7 12 16 9 10 8 8
12 4 3 0 11 12 15 14 8 8 14 18 10 11 9 9
20 11 12 11 0 11 14 16 11 13 22 25 19 20 18 18
22 14 12 12 11 0 4 6 6 8 15 19 14 17 17 17
24 17 14 15 14 4 0 5 8 10 16 20 16 19 19 20
22 17 13 14 16 6 5 0 8 8 13 16 13 17 17 18
17 10 7 8 11 6 8 8 0 4 13 17 11 13 12 13
16 11 7 8 13 8 10 8 4 0 10 14 8 11 11 12
16 16 12 14 22 15 16 13 13 10 0 5 6 8 10 12
18 20 16 18 25 19 20 16 17 14 5 0 9 11 12 15
12 12 9 10 19 14 16 13 11 8 6 9 0 5 6 8
9 12 10 11 20 17 19 17 13 11 8 11 5 0 4 6
8 10 8 9 18 17 19 17 12 11 10 12 6 4 0 4
6 8 8 9 18 17 20 18 13 12 12 15 8 6 4 0
