14
20
77 33 15 38 39 90 56 62 58 17 23 25 82 35 29 90 32 34 33 21
44 21 19 38 79 58 82 22 64 61 23 32 43 78 56 34 48 4 24 78
38 76 21 43 100 21 50 32 90 99 22 48 8 17 31 89 100 24 45 10
86 93 87 86 3 97 78 75 64 19 40 29 88 43 88 100 30 22 72 89
48 92 69 77 99 64 14 54 99 47 85 87 68 8 16 89 38 41 25 34
59 28 3 16 26 24 50 77 21 91 83 47 76 24 99 21 6 27 83 25
21 45 51 83 37 97 70 14 34 35 7 92 93 31 83 36 38 32 34 75
18 74 29 46 26 64 48 63 19 14 30 8 54 51 80 22 82 9 77 76
9 40 47 79 6 64 70 93 87 9 29 53 75 75 39 82 68 59 78 83
62 93 77 87 3 73 18 100 76 31 80 83 64 54 73 81 64 50 84 34
8 11 95 74 91 99 75 48 78 32 69 83 77 36 98 36 38 61 35 42
93 82 94 100 65 51 16 83 89 90 10 93 69 89 100 81 94 81 94 14
19 56 27 52 44 49 23 45 12 31 58 64 98 44 61 85 10 44 50 32
62 42 61 71 80 62 3 82 43 20 48 19 39 91 84 47 26 58 75 27
0 5 4 13 13 17 19 20 18 16 15 13 11 10 5 2
5 0 5 14 13 15 17 17 15 13 12 10 9 10 6 5
4 5 0 11 11 16 17 18 17 15 14 13 13 12 7 5
13 14 11 0 7 15 16 18 20 18 18 21 22 21 16 14
13 13 11 7 0 9 10 13 15 13 13 18 20 21 16 14
17 15 16 15 9 0 3 5 9 8 9 16 22 24 20 18
19 17 17 16 10 3 0 4 10 9 10 17 23 25 21 20
20 17 18 18 13 5 4 0 8 7 8 16 22 25 22 20
18 15 17 20 15 9 10 8 0 4 4 11 18 22 19 18
16 13 15 18 13 8 9 7 4 0 2 10 17 20 17 16
15 12 14 18 13 9 10 8 4 2 0 9 16 19 17 16
13 10 13 21 18 16 17 16 11 10 9 0 9 13 13 13
11 9 13 22 20 22 23 22 18 17 16 9 0 6 9 10
10 10 12 21 21 24 25 25 22 20 19 13 6 0 7 9
5 6 7 16 16 20 21 22 19 17 17 13 9 7 0 4
2 5 5 14 14 18 20 20 18 16 16 13 10 9 4 0
