14
14
30 73 8 17 70 28 71 82 80 36 74 61 51 91
66 98 62 17 57 73 17 3 23 15 44 8 7 28
10 38 100 91 84 21 95 23 97 90 72 74 44 13
35 76 58 98 24 2 52 1 11 12 74 97 90 76
55 20 82 32 94 2 47 40 64 9 87 42 19 52
26 73 67 42 71 3 11 39 39 18 98 17 92 55
48 44 88 96 83 66 54 73 71 19 87 33 85 12
13 63 50 3 59 74 69 89 44 26 68 93 47 97
7 20 82 28 63 20 24 54 97 5 23 61 4 89
38 41 79 89 2 74 93 81 36 31 20 77 94 59
97 88 93 50 53 38 77 39 88 18 46 67 32 3
1 90 60 40 37 57 66 6 81 3 48 44 54 68
58 94 62 34 23 26 2 1 74 40 69 63 46 75
30 6 92 82 55 80 48 56 60 61 49 54 50 51
0 2 10 15 16 20 23 25 22 19 17 12 11 10 8 3
2 0 10 16 17 20 24 25 23 20 18 13 12 10 8 4
10 10 0 7 8 12 16 17 15 15 17 9 5 4 6 8
15 16 7 0 2 7 11 12 12 14 19 11 7 8 11 14
16 17 8 2 0 6 11 12 12 15 19 11 8 9 12 15
20 20 12 7 6 0 6 7 7 13 19 12 10 12 14 18
23 24 16 11 11 6 0 3 5 12 19 14 13 15 17 21
25 25 17 12 12 7 3 0 6 13 20 16 15 17 19 23
22 23 15 12 12 7 5 6 0 9 16 12 12 14 16 20
19 20 15 14 15 13 12 13 9 0 9 9 12 13 13 17
17 18 17 19 19 19 19 20 16 9 0 10 14 14 13 15
12 13 9 11 11 12 14 16 12 9 10 0 5 6 6 10
11 12 5 7 8 10 13 15 12 12 14 5 0 3 6 9
10 10 4 8 9 12 15 17 14 13 14 6 3 0 4 8
8 8 6 11 12 14 17 19 16 13 13 6 6 4 0 6
3 4 8 14 15 18 21 23 20 17 15 10 9 8 6 0
