14
10
18 99 93 98 61 48 79 38 63 90
5 99 44 81 27 89 62 36 30 83
18 31 32 70 53 33 33 94 94 2
39 39 78 71 65 65 94 89 76 14
97 77 27 52 35 27 5 7 61 92
100 45 29 79 35 87 79 13 73 84
81 40 54 14 83 3 23 3 100 15
4 70 91 85 45 58 80 1 72 28
84 20 18 2 1 74 96 39 79 25
81 92 60 3 48 20 60 14 33 45
8 52 6 94 86 36 90 61 40 82
9 63 77 29 22 78 49 29 45 6
51 61 68 3 55 90 73 81 34 41
74 3 95 96 32 35 27 9 13 34
0 9 12 18 19 19 23 25 24 17 15 16 22 16 12 9
9 0 6 13 12 12 16 18 17 10 8 9 16 10 6 4
12 6 0 8 8 8 13 16 14 8 7 10 17 12 9 9
18 13 8 0 6 6 10 15 13 9 10 15 21 17 14 15
19 12 8 6 0 2 7 11 9 6 8 12 18 15 13 14
19 12 8 6 2 0 6 10 9 5 7 11 17 14 12 14
23 16 13 10 7 6 0 6 5 7 10 13 17 15 15 17
25 18 16 15 11 10 6 0 3 10 12 13 15 15 16 19
24 17 14 13 9 9 5 3 0 8 10 12 14 14 14 18
17 10 8 9 6 5 7 10 8 0 4 8 14 11 9 12
15 8 7 10 8 7 10 12 10 4 0 6 13 8 7 9
16 9 10 15 12 11 13 13 12 8 6 0 9 4 5 9
22 16 17 21 18 17 17 15 14 14 13 9 0 7 11 14
16 10 12 17 15 14 15 15 14 11 8 4 7 0 6 9
12 6 9 14 13 12 15 16 14 9 7 5 11 6 0 5
9 4 9 15 14 14 17 19 18 12 9 9 14 9 5 0
