14
20
100 22 33 10 88 44 91 2 12 1 83 38 78 39 54 88 72 33 94 10
75 41 22 87 36 64 93 26 47 20 39 79 44 67 100 56 51 88 11 53
28 78 16 29 50 62 81 31 55 5 25 50 5 38 7 98 74 52 58 51
70 69 83 47 32 12 50 58 85 44 25 25 37 74 63 40 83 62 88 53
27 79 49 51 76 2 3 37 37 5 77 81 18 69 96 26 82 77 97 80
11 96 9 63 7 21 28 18 32 94 43 31 39 43 84 93 90 41 10 87
4 88 66 13 12 66 92 59 10 42 75 15 88 68 11 70 62 98 41 67
10 46 73 30 87 90 80 66 25 21 69 78 33 77 14 97 30 31 77 22
47 84 19 43 10 55 99 65 37 95 67 3 84 99 14 23 100 94 76 73
51 13 3 57 2 59 54 72 59 28 86 61 14 47 6 72 52 69 31 61
3 21 46 44 11 49 86 100 77 38 69 32 81 72 68 79 52 90 86 11
28 69 90 76 100 48 23 6 23 78 39 69 59 48 38 15 84 49 90 93
69 13 87 16 100 29 63 81 40 36 61 94 40 70 36 61 62 50 94 100
83 31 63 33 93 98 47 88 26 14 85 14 64 7 75 97 76 42 61 77
0 9 6 7 10 21 18 15 14 23 20 13 12 9 8 6
9 0 6 6 8 15 16 14 15 23 22 16 15 16 15 13
6 6 0 3 6 16 14 11 11 20 18 12 11 12 11 9
7 6 3 0 5 15 13 11 11 20 18 12 11 13 12 10
10 8 6 5 0 13 10 7 8 17 16 11 9 14 13 12
21 15 16 15 13 0 12 13 16 19 23 20 19 25 25 23
18 16 14 13 10 12 0 5 8 10 13 12 11 19 19 19
15 14 11 11 7 13 5 0 5 11 11 9 8 16 16 15
14 15 11 11 8 16 8 5 0 11 9 6 5 13 13 14
23 23 20 20 17 19 10 11 11 0 9 13 13 22 22 23
20 22 18 18 16 23 13 11 9 9 0 8 9 16 16 18
13 16 12 12 11 20 12 9 6 13 8 0 3 10 10 11
12 15 11 11 9 19 11 8 5 13 9 3 0 10 10 11
9 16 12 13 14 25 19 16 13 22 16 10 10 0 3 5
8 15 11 12 13 25 19 16 13 22 16 10 10 3 0 4
6 13 9 10 12 23 19 15 14 23 18 11 11 5 4 0
