14
22
64 42 66 58 57 65 18 14 54 71 57 79 35 28 97 4 22 41 17 7 21 89
76 57 64 70 52 44 82 45 63 35 69 68 58 69 84 76 32 22 37 27 27 61
4 71 81 37 68 98 45 83 50 51 78 46 82 77 81 38 32 10 34 68 77 50
22 30 84 4 9 62 13 13 73 59 17 38 88 53 8 100 37 98 60 85 37 11
73 94 29 65 67 37 47 33 5 86 61 44 6 44 76 72 45 30 13 72 81 14
44 23 79 27 47 75 57 8 6 56 31 33 21 34 82 57 76 68 59 85 57 50
55 85 90 16 48 56 80 47 54 27 27 45 79 51 25 33 36 64 46 12 81 66
44 41 81 53 28 59 61 22 9 100 5 87 63 31 24 81 45 44 84 36 87 89
91 35 75 34 56 18 71 100 59 81 31 38 98 3 2 55 47 1 23 66 58 89
61 60 52 1 54 50 46 51 81 51 94 22 86 65 15 55 50 13 97 16 46 23
58 27 77 47 88 61 44 26 48 58 38 52 31 35 63 33 69 6 50 20 61 33
42 67 61 48 16 20 97 64 18 4 5 90 15 37 36 90 96 77 53 37 10 33
23 5 14 1 35 88 24 63 15 69 59 63 16 39 39 22 90 69 98 56 17 74
21 71 92 2 30 98 16 76 100 2 50 5 22 77 43 59 69 56 100 82 26 33
0 6 9 11 11 17 19 18 24 25 24 22 20 16 8 7
6 0 5 7 7 15 17 15 20 22 20 18 16 11 4 6
9 5 0 4 3 11 14 11 17 18 18 16 14 10 6 10
11 7 4 0 2 12 14 9 15 16 15 14 12 8 6 11
11 7 3 2 0 11 13 9 15 16 16 14 13 8 6 11
17 15 11 12 11 0 4 10 14 16 19 20 19 17 15 19
19 17 14 14 13 4 0 12 15 17 20 22 21 19 18 22
18 15 11 9 9 10 12 0 7 9 10 11 11 10 13 18
24 20 17 15 15 14 15 7 0 3 8 11 12 14 19 24
25 22 18 16 16 16 17 9 3 0 8 12 13 15 20 25
24 20 18 15 16 19 20 10 8 8 0 6 8 12 18 23
22 18 16 14 14 20 22 11 11 12 6 0 4 8 16 20
20 16 14 12 13 19 21 11 12 13 8 4 0 6 14 17
16 11 10 8 8 17 19 10 14 15 12 8 6 0 9 13
8 4 6 6 6 15 18 13 19 20 18 16 14 9 0 6
7 6 10 11 11 19 22 18 24 25 23 20 17 13 6 0
