14
12
2 73 39 73 76 58 59 28 11 65 54 66
81 95 29 82 83 5 81 75 13 39 2 30
11 65 66 50 85 13 42 37 1 29 23 62
96 100 10 24 100 30 21 92 90 49 2 68
21 24 74 67 71 28 89 92 24 14 19 92
88 30 87 18 49 53 37 18 50 19 90 74
77 35 39 75 100 81 23 2 57 50 40 21
78 97 20 41 28 4 76 59 53 56 100 68
75 16 83 39 16 61 34 15 69 25 70 56
66 46 16 68 88 14 9 61 15 82 73 40
99 36 62 56 43 6 50 86 6 96 55 5
44 27 29 72 4 77 38 83 82 15 12 60
24 48 98 38 35 45 69 57 4 6 16 28
29 33 6 67 13 60 35 17 33 70 7 51
0 11 10 12 15 19 13 17 18 18 11 7 6 9 7 5
11 0 5 10 12 20 18 22 24 25 19 13 15 18 16 14
10 5 0 6 8 17 15 19 21 23 16 10 14 18 16 14
12 10 6 0 5 12 11 16 17 20 15 9 14 19 17 16
15 12 8 5 0 11 13 17 18 22 18 12 17 22 20 19
19 20 17 12 11 0 10 11 12 16 16 14 19 23 22 22
13 18 15 11 13 10 0 6 8 10 8 7 11 15 15 15
17 22 19 16 17 11 6 0 3 7 9 11 14 17 17 18
18 24 21 17 18 12 8 3 0 6 10 13 15 18 18 19
18 25 23 20 22 16 10 7 6 0 9 14 14 16 17 18
11 19 16 15 18 16 8 9 10 9 0 8 7 9 10 11
7 13 10 9 12 14 7 11 13 14 8 0 7 12 10 10
6 15 14 14 17 19 11 14 15 14 7 7 0 6 5 6
9 18 18 19 22 23 15 17 18 16 9 12 6 0 4 6
7 16 16 17 20 22 15 17 18 17 10 10 5 4 0 4
5 14 14 16 19 22 15 18 19 18 11 10 6 6 4 0
