14
22
88 62 79 69 7 62 30 1 51 19 82 69 47 61 31 56 84 23 73 15 72 75
49 2 7 74 64 37 17 57 70 23 7 10 25 27 64 54 82 80 22 18 78 25
83 32 14 19 73 16 45 75 84 60 29 73 35 74 18 9 8 95 90 53 32 63
6 3 14 38 54 92 94 58 29 38 3 57 13 28 32 14 44 40 2 72 65 21
55 63 78 71 49 2 56 64 58 97 72 98 25 58 49 17 26 34 80 75 14 11
9 24 79 56 10 2 32 68 93 36 50 33 52 28 83 84 24 33 19 99 7 75
61 52 98 20 23 19 22 6 97 28 27 12 64 90 31 66 89 63 92 53 23 34
95 8 35 73 15 85 39 27 15 39 45 81 34 39 55 79 7 40 97 40 32 34
14 39 77 51 81 22 89 3 88 86 25 84 29 94 99 80 28 15 44 26 19 47
31 81 60 49 42 49 91 91 93 10 26 33 89 8 80 40 10 80 59 47 2 3
88 69 9 100 55 18 11 56 14 9 98 7 16 91 68 96 63 43 20 22 89 28
93 64 41 85 50 22 82 84 29 48 16 98 37 66 65 44 2 2 68 81 13 83
94 40 42 100 46 6 23 7 45 81 48 20 65 90 25 70 82 86 34 64 37 87
40 88 40 80 95 80 27 31 41 7 3 80 78 74 52 36 70 9 45 62 51 32
0 7 12 7 9 15 18 18 15 14 13 9 11 7 6 7
7 0 9 8 12 17 19 23 21 20 19 14 16 12 10 12
12 9 0 7 11 13 14 22 23 23 22 19 21 17 16 15
7 8 7 0 6 10 13 17 17 17 16 14 16 13 12 9
9 12 11 6 0 7 11 13 14 14 14 13 16 13 13 7
15 17 13 10 7 0 7 12 16 17 17 18 21 18 18 12
18 19 14 13 11 7 0 16 21 22 22 23 25 23 22 17
18 23 22 17 13 12 16 0 10 12 13 17 19 19 19 13
15 21 23 17 14 16 21 10 0 4 5 11 12 14 14 10
14 20 23 17 14 17 22 12 4 0 3 9 10 12 13 10
13 19 22 16 14 17 22 13 5 3 0 8 9 11 11 9
9 14 19 14 13 18 23 17 11 9 8 0 4 5 6 8
11 16 21 16 16 21 25 19 12 10 9 4 0 6 7 10
7 12 17 13 13 18 23 19 14 12 11 5 6 0 3 8
6 10 16 12 13 18 22 19 14 13 11 6 7 3 0 8
7 12 15 9 7 12 17 13 10 10 9 8 10 8 8 0
