14
22
99 54 98 49 62 93 14 10 55 26 39 69 26 84 48 57 81 51 82 67 1 33
47 40 59 23 89 77 98 82 91 30 59 11 31 27 69 85 70 48 56 58 42 7
20 55 32 49 43 90 53 97 76 40 53 34 58 58 92 45 74 25 95 29 28 88
19 63 11 77 4 15 11 3 96 97 63 22 77 82 64 50 22 35 73 74 13 69
20 26 40 46 69 56 74 28 57 57 55 19 42 23 57 68 64 97 84 61 89 60
13 51 33 35 68 66 59 23 22 37 45 18 84 45 76 21 9 15 28 39 54 24
41 79 56 43 79 65 16 24 45 47 4 56 49 79 91 97 65 54 20 11 77 30
90 58 97 88 85 29 26 2 78 17 10 31 72 3 67 8 64 35 74 16 48 81
12 66 25 89 10 77 52 20 97 44 89 23 68 82 72 67 91 65 93 58 90 20
38 5 90 31 63 84 69 98 19 3 7 78 63 28 87 27 95 19 70 20 95 20
12 71 91 28 52 23 53 89 53 24 59 79 64 36 89 9 27 45 43 39 91 91
53 38 24 32 25 4 21 84 45 36 59 9 39 34 37 16 26 82 76 68 60 59
2 25 53 11 19 17 89 21 28 46 91 90 58 5 80 75 98 27 46 81 41 98
45 40 19 35 83 13 10 39 61 13 44 67 96 96 6 89 93 71 27 87 16 93
0 6 7 8 15 15 15 15 22 23 20 19 16 10 5 4
6 0 3 5 11 11 11 11 18 19 17 16 15 8 4 9
7 3 0 4 10 10 10 11 18 19 17 16 16 9 5 10
8 5 4 0 9 9 12 12 20 21 19 19 19 12 8 11
15 11 10 9 0 3 9 10 16 17 17 18 22 16 14 18
15 11 10 9 3 0 8 9 15 16 16 17 21 15 13 18
15 11 10 12 9 8 0 3 10 11 10 11 16 12 12 18
15 11 11 12 10 9 3 0 9 10 9 9 15 11 12 18
22 18 18 20 16 15 10 9 0 3 6 9 17 16 19 25
23 19 19 21 17 16 11 10 3 0 5 9 17 17 20 25
20 17 17 19 17 16 10 9 6 5 0 5 13 13 17 22
19 16 16 19 18 17 11 9 9 9 5 0 10 11 16 21
16 15 16 19 22 21 16 15 17 17 13 10 0 8 14 17
10 8 9 12 16 15 12 11 16 17 13 11 8 0 7 11
5 4 5 8 14 13 12 12 19 20 17 16 14 7 0 7
4 9 10 11 18 18 18 18 25 25 22 21 17 11 7 0
