14
24
47 87 4 37 96 43 23 84 19 57 99 55 12 58 65 89 99 13 59 27 66 48 60 11
38 79 74 71 39 96 31 92 12 66 40 74 32 90 74 81 23 62 59 78 28 58 87 28
8 44 40 39 24 15 91 100 87 22 68 65 30 45 83 79 92 80 77 70 47 14 24 25
19 35 39 53 85 97 15 70 12 19 80 24 92 43 68 65 99 18 30 3 3 36 30 53
84 12 59 5 53 44 78 78 79 23 95 65 84 1 16 17 97 51 38 30 66 87 11 99
58 80 83 51 55 52 83 74 34 43 84 60 61 75 2 41 62 67 79 43 36 96 86 3
3 58 11 81 39 69 53 12 46 20 84 18 32 39 16 44 71 88 30 8 12 45 66 60
87 83 76 93 15 83 90 97 70 82 20 38 94 33 94 88 32 78 73 21 23 90 57 89
49 66 43 88 65 85 23 69 11 25 40 87 44 65 72 88 81 8 55 13 79 35 49 18
93 20 48 38 95 75 44 15 72 72 81 67 80 45 28 91 98 58 21 3 26 48 31 31
86 2 22 16 9 72 88 64 59 35 17 25 73 89 46 46 57 25 31 15 35 84 5 26
72 8 13 18 33 90 80 11 82 55 35 36 43 78 4 49 5 31 50 49 18 99 67 2
2 29 56 2 24 42 70 15 26 24 49 34 29 19 27 61 26 74 74 67 64 62 73 21
90 99 68 5 69 14 71 59 67 4 77 55 35 3 50 23 59 32 47 30 74 41 37 7
0 9 8 15 11 18 16 15 11 8 8 11 12 13 9 9
9 0 4 16 18 25 23 22 18 15 15 18 19 20 13 11
8 4 0 14 16 23 21 21 16 14 14 17 18 19 13 11
15 16 14 0 15 20 21 20 17 17 19 21 23 24 23 22
11 18 16 15 0 9 8 7 4 6 8 9 11 12 15 17
18 25 23 20 9 0 6 6 9 12 14 13 14 15 21 24
16 23 21 21 8 6 0 2 6 9 10 9 9 10 18 20
15 22 21 20 7 6 2 0 6 9 10 8 9 10 17 19
11 18 16 17 4 9 6 6 0 5 7 7 9 10 14 16
8 15 14 17 6 12 9 9 5 0 4 6 8 9 11 13
8 15 14 19 8 14 10 10 7 4 0 4 6 7 9 11
11 18 17 21 9 13 9 8 7 6 4 0 3 4 10 13
12 19 18 23 11 14 9 9 9 8 6 3 0 3 11 13
13 20 19 24 12 15 10 10 10 9 7 4 3 0 10 13
9 13 13 23 15 21 18 17 14 11 9 10 11 10 0 4
9 11 11 22 17 24 20 19 16 13 11 13 13 13 4 0
