14
6
5 27 34 87 55 39
10 93 30 82 55 37
98 84 84 71 65 49
9 41 36 75 20 49
31 25 7 61 75 95
72 50 88 52 66 43
92 51 87 60 33 31
18 45 60 76 21 58
61 35 37 8 28 80
37 34 68 79 65 33
11 40 32 81 27 7
37 37 96 53 46 4
12 47 73 25 4 99
26 1 2 7 36 18
0 8 7 15 16 17 21 22 12 18 18 18 12 11 10 9
8 0 4 12 13 13 15 15 7 13 14 15 11 11 9 6
7 4 0 11 12 12 15 16 9 16 17 17 13 12 11 8
15 12 11 0 3 5 11 14 16 22 25 25 22 21 20 17
16 13 12 3 0 3 9 12 16 21 24 25 22 22 20 17
17 13 12 5 3 0 7 10 16 20 24 25 22 22 20 17
21 15 15 11 9 7 0 5 16 19 23 24 23 23 22 19
22 15 16 14 12 10 5 0 15 17 21 22 22 22 21 19
12 7 9 16 16 16 16 15 0 8 10 11 9 9 8 6
18 13 16 22 21 20 19 17 8 0 6 8 11 11 11 11
18 14 17 25 24 24 23 21 10 6 0 3 8 9 10 11
18 15 17 25 25 25 24 22 11 8 3 0 7 9 10 11
12 11 13 22 22 22 23 22 9 11 8 7 0 3 4 6
11 11 12 21 22 22 23 22 9 11 9 9 3 0 3 6
10 9 11 20 20 20 22 21 8 11 10 10 4 3 0 4
9 6 8 17 17 17 19 19 6 11 11 11 6 6 4 0
