14
18
80 5 1 26 13 28 95 46 28 23 18 8 95 100 52 50 4 68
72 82 58 97 94 58 99 49 28 15 5 41 36 4 85 66 43 53
78 43 75 45 53 1 34 91 71 86 46 64 53 42 34 4 51 97
83 24 29 61 82 22 34 75 27 32 72 48 28 59 99 53 12 6
57 42 22 63 18 58 35 46 83 56 96 37 20 84 63 41 45 20
7 77 60 66 5 60 47 36 97 2 79 20 64 56 63 27 61 82
35 43 63 90 51 77 16 49 45 76 25 76 92 49 58 66 70 97
58 100 2 19 51 48 37 55 91 63 42 56 16 71 55 61 61 30
16 17 32 17 16 34 95 86 35 20 89 100 89 94 24 5 83 6
68 81 3 13 83 73 86 1 41 6 30 39 21 92 90 10 17 56
19 49 9 4 37 40 65 86 34 55 65 81 75 77 43 71 7 9
41 92 38 90 43 78 76 11 73 32 31 83 59 36 26 58 96 31
78 40 49 32 64 66 49 20 59 25 10 97 96 31 78 99 52 73
82 15 61 57 55 94 69 85 49 34 86 11 34 46 92 99 66 92
0 3 5 11 15 23 22 19 14 9 18 11 7 6 6 5
3 0 4 9 14 23 22 19 15 9 19 12 8 7 7 6
5 4 0 8 14 23 22 20 16 10 21 14 10 10 9 8
11 9 8 0 9 18 18 18 15 10 23 19 14 13 13 13
15 14 14 9 0 11 11 12 12 9 21 20 16 14 16 17
23 23 23 18 11 0 3 9 13 16 23 25 22 21 23 24
22 22 22 18 11 3 0 8 12 15 21 24 21 19 21 23
19 19 20 18 12 9 8 0 7 12 15 19 16 15 17 19
14 15 16 15 12 13 12 7 0 7 12 14 11 10 12 14
9 9 10 10 9 16 15 12 7 0 15 12 8 7 8 10
18 19 21 23 21 23 21 15 12 15 0 11 12 13 14 15
11 12 14 19 20 25 24 19 14 12 11 0 6 8 7 8
7 8 10 14 16 22 21 16 11 8 12 6 0 3 3 5
6 7 10 13 14 21 19 15 10 7 13 8 3 0 3 5
6 7 9 13 16 23 21 17 12 8 14 7 3 3 0 3
5 6 8 13 17 24 23 19 14 10 15 8 5 5 3 0
