14
10
95 73 24 68 42 38 89 49 67 36
23 41 96 7 33 26 79 66 68 1
72 15 24 89 40 94 78 32 7 26
12 97 37 69 84 76 34 53 37 31
1 20 42 65 46 20 62 54 45 18
14 40 42 9 54 79 98 27 46 28
20 80 28 84 77 49 71 82 95 15
100 37 48 80 38 79 70 90 100 57
60 8 76 79 27 80 55 43 98 12
41 58 95 22 69 18 46 1 62 5
77 66 13 41 38 69 24 61 94 50
71 14 43 37 13 51 6 34 71 70
66 96 45 24 59 64 71 92 22 86
9 11 59 46 96 95 23 76 18 38
0 2 4 6 15 17 21 23 25 22 20 18 16 16 17 4
2 0 3 6 15 16 20 22 25 22 20 18 16 16 17 4
4 3 0 5 14 15 19 21 24 21 19 18 16 15 17 4
6 6 5 0 11 12 16 18 21 18 16 15 13 12 15 4
15 15 14 11 0 3 7 9 12 11 8 8 6 6 12 13
17 16 15 12 3 0 6 8 11 9 7 7 5 5 12 14
21 20 19 16 7 6 0 6 8 9 8 10 8 9 15 18
23 22 21 18 9 8 6 0 4 6 6 8 8 9 14 20
25 25 24 21 12 11 8 4 0 7 8 10 11 11 16 23
22 22 21 18 11 9 9 6 7 0 4 5 7 7 10 19
20 20 19 16 8 7 8 6 8 4 0 4 5 5 10 17
18 18 18 15 8 7 10 8 10 5 4 0 4 4 8 16
16 16 16 13 6 5 8 8 11 7 5 4 0 2 9 14
16 16 15 12 6 5 9 9 11 7 5 4 2 0 8 14
17 17 17 15 12 12 15 14 16 10 10 8 9 8 0 14
4 4 4 4 13 14 18 20 23 19 17 16 14 14 14 0
