15
24
83 88 7 78 78 44 2 16 25 37 47 80 17 86 43 43 83 89 93 12 1 79 50 32
33 48 18 81 64 62 23 98 66 29 96 65 52 62 17 53 66 57 28 40 23 9 20 86
73 32 13 82 66 79 12 35 74 33 90 32 76 67 28 40 81 39 87 96 39 95 100 65
88 75 42 80 10 38 87 10 98 51 91 80 9 47 56 8 95 29 29 21 20 41 78 42
73 42 89 66 89 8 74 71 35 38 32 27 47 76 24 3 97 73 91 1 86 74 54 21
63 34 52 2 20 98 48 18 60 31 26 33 68 70 41 78 70 9 79 67 36 26 29 7
8 61 27 99 99 85 3 81 81 4 6 2 87 25 15 38 17 14 67 54 23 7 7 8
43 22 41 7 1 2 57 39 95 2 67 51 26 82 40 44 58 35 77 24 7 89 32 27
22 7 88 85 84 75 36 41 60 80 14 14 62 1 89 91 32 9 9 82 24 70 5 21
60 59 46 71 39 35 3 8 90 68 2 21 21 26 33 13 44 2 71 67 51 12 22 39
25 92 43 82 57 26 48 94 22 70 68 71 92 6 79 38 33 68 83 9 27 65 41 5
54 66 65 85 65 15 71 79 23 87 5 6 71 60 57 36 17 70 10 23 31 86 71 93
54 57 18 18 53 30 2 36 37 90 24 76 72 97 65 56 89 34 88 95 93 42 33 24
76 69 68 55 24 95 61 37 62 98 75 37 62 55 29 56 83 6 58 29 36 30 63 45
56 21 44 5 30 29 44 32 63 92 86 3 53 82 70 82 43 39 91 88 17 11 73 27
0 3 9 5 14 19 18 15 18 14 11 10 11 13 15 12 3
3 0 7 6 15 20 19 17 20 15 12 11 12 15 16 14 5
9 7 0 9 14 19 22 19 24 19 17 16 17 20 22 20 10
5 6 9 0 11 16 15 13 17 12 10 9 10 13 15 15 6
14 15 14 11 0 7 11 11 16 13 14 14 15 17 19 22 15
19 20 19 16 7 0 10 11 16 15 16 17 18 20 21 25 19
18 19 22 15 11 10 0 5 7 8 11 12 13 13 14 20 18
15 17 19 13 11 11 5 0 6 5 8 9 10 10 12 17 15
18 20 24 17 16 16 7 6 0 6 10 11 10 9 10 17 18
14 15 19 12 13 15 8 5 6 0 5 6 6 7 8 14 13
11 12 17 10 14 16 11 8 10 5 0 3 3 5 7 11 10
10 11 16 9 14 17 12 9 11 6 3 0 3 6 8 10 9
11 12 17 10 15 18 13 10 10 6 3 3 0 4 6 9 10
13 15 20 13 17 20 13 10 9 7 5 6 4 0 3 9 12
15 16 22 15 19 21 14 12 10 8 7 8 6 3 0 9 14
12 14 20 15 22 25 20 17 17 14 11 10 9 9 9 0 11
3 5 10 6 15 19 18 15 18 13 10 9 10 12 14 11 0
