15
28
9 9 76 76 79 61 71 56 12 20 47 60 26 84 80 8 37 12 66 6 59 90 42 9 29 9 68 97
75 58 88 21 46 21 2 75 80 98 26 21 5 75 45 85 55 18 1 29 80 13 66 92 84 52 41 66
61 79 42 51 69 13 35 83 88 48 98 54 48 13 64 81 32 35 91 70 64 82 78 99 65 50 12 91
20 18 97 40 82 90 47 26 66 38 73 20 28 57 31 56 20 56 45 31 23 6 47 15 25 41 79 50
40 74 23 71 54 99 61 64 66 4 59 70 13 61 34 25 85 59 39 44 97 16 70 91 26 84 42 83
71 19 14 87 22 22 75 44 18 47 20 59 30 24 26 80 34 40 98 59 44 68 97 37 82 16 88 42
99 18 31 23 66 62 55 58 19 60 10 84 59 5 2 31 10 17 62 97 90 73 89 85 24 8 99 7
9 49 70 26 59 78 92 43 42 50 31 46 49 89 1 85 28 24 81 40 98 19 60 87 59 45 68 22
27 15 58 14 21 5 77 99 67 18 26 76 75 91 44 71 22 15 78 45 70 70 26 12 93 3 85 41
10 47 81 81 5 39 66 35 51 6 49 81 18 8 75 45 29 9 20 53 7 99 62 91 36 40 43 94
46 90 56 32 39 39 43 64 43 75 82 89 87 75 19 98 52 66 79 98 97 53 89 30 100 94 46 84
14 5 60 67 64 43 89 75 77 87 40 50 87 55 27 32 68 32 11 28 34 19 35 76 75 91 9 84
31 48 88 46 85 95 19 64 53 29 99 89 42 73 68 68 6 3 11 62 44 23 75 39 4 30 55 71
79 49 98 10 39 57 29 100 9 31 59 26 56 98 71 4 20 97 73 24 26 15 46 16 49 24 7 62
26 99 92 98 97 21 1 80 4 45 44 41 54 30 59 6 99 12 24 92 90 75 65 29 25 95 65 38
0 15 19 19 16 16 18 18 19 25 21 19 16 13 15 14 12
15 0 6 6 3 7 7 8 9 17 14 21 18 14 13 12 10
19 6 0 3 6 10 10 11 12 19 18 25 23 19 17 16 15
19 6 3 0 6 9 9 10 10 18 16 25 22 18 17 15 15
16 3 6 6 0 6 6 7 8 16 14 21 18 14 13 11 11
16 7 10 9 6 0 3 3 4 12 9 17 15 11 9 8 8
18 7 10 9 6 3 0 3 3 12 9 18 15 12 10 9 9
18 8 11 10 7 3 3 0 3 11 8 17 15 11 9 8 9
19 9 12 10 8 4 3 3 0 10 7 17 15 12 9 9 9
25 17 19 18 16 12 12 11 10 0 7 17 16 16 13 13 15
21 14 18 16 14 9 9 8 7 7 0 13 12 11 8 8 10
19 21 25 25 21 17 18 17 17 17 13 0 5 9 10 11 12
16 18 23 22 18 15 15 15 15 16 12 5 0 6 7 8 9
13 14 19 18 14 11 12 11 12 16 11 9 6 0 4 5 5
15 13 17 17 13 9 10 9 9 13 8 10 7 4 0 3 5
14 12 16 15 11 8 9 8 9 13 8 11 8 5 3 0 4
12 10 15 15 11 8 9 9 9 15 10 12 9 5 5 4 0
