15
26
53 84 32 33 25 90 1 79 8 51 42 70 24 78 34 77 4 23 5 26 3 21 75 58 68 52
42 43 60 13 88 32 22 82 22 47 25 88 94 16 34 4 74 25 48 26 21 48 84 65 4 11
23 7 59 91 72 100 25 78 33 45 96 41 11 1 83 69 7 38 25 66 35 21 32 94 57 18
21 49 76 60 85 62 21 51 9 42 81 27 18 37 44 56 36 83 24 38 38 27 75 98 79 32
47 37 51 96 50 68 86 94 27 13 19 32 68 9 100 7 85 79 21 66 35 32 64 1 57 6
81 30 55 91 24 93 80 80 7 59 7 67 41 79 1 58 46 29 99 7 13 63 24 64 21 91
11 47 32 99 64 42 69 74 63 40 31 91 96 10 2 97 78 68 61 74 58 78 38 91 24 19
56 75 4 89 64 27 19 89 4 42 4 55 67 30 64 20 61 81 29 76 95 86 57 94 35 19
34 27 34 59 35 81 1 93 62 55 90 12 81 97 7 45 93 77 98 13 74 31 28 63 98 24
16 71 84 62 93 44 60 75 38 5 79 2 73 13 12 70 86 86 20 63 2 8 5 81 17 13
87 5 33 83 50 5 29 38 9 21 16 25 4 44 61 66 41 16 70 78 77 25 81 40 90 25
81 75 23 63 12 12 65 27 71 10 57 10 69 48 35 97 63 36 84 88 92 40 22 25 46 11
72 32 21 82 19 71 3 85 61 92 82 40 3 54 18 52 46 55 98 53 41 13 92 15 68 33
48 61 44 95 7 9 30 74 47 99 62 69 6 13 52 86 3 39 39 99 25 59 56 70 93 23
77 72 39 94 56 17 26 31 68 100 29 59 79 35 49 78 9 25 32 33 63 21 1 39 20 3
0 8 12 7 10 15 18 15 17 17 13 11 12 12 9 6 4
8 0 17 13 16 21 24 20 21 20 16 15 17 17 14 11 10
12 17 0 11 13 14 20 22 25 25 22 20 19 18 16 15 12
7 13 11 0 5 10 13 12 15 16 12 10 10 9 7 6 5
10 16 13 5 0 7 10 10 13 15 11 9 8 6 6 8 8
15 21 14 10 7 0 8 13 16 18 16 14 12 10 11 13 13
18 24 20 13 10 8 0 9 12 15 14 12 11 9 12 15 16
15 20 22 12 10 13 9 0 5 7 7 6 5 5 8 11 13
17 21 25 15 13 16 12 5 0 4 6 7 7 9 10 13 16
17 20 25 16 15 18 15 7 4 0 6 7 8 10 11 13 16
13 16 22 12 11 16 14 7 6 6 0 4 5 7 7 9 11
11 15 20 10 9 14 12 6 7 7 4 0 3 5 5 7 10
12 17 19 10 8 12 11 5 7 8 5 3 0 4 5 8 10
12 17 18 9 6 10 9 5 9 10 7 5 4 0 4 8 10
9 14 16 7 6 11 12 8 10 11 7 5 5 4 0 5 7
6 11 15 6 8 13 15 11 13 13 9 7 8 8 5 0 4
4 10 12 5 8 13 16 13 16 16 11 10 10 10 7 4 0
