15
8
65 17 1 76 49 40 8 52
59 2 18 82 83 43 4 51
81 74 38 62 57 98 92 61
12 92 2 63 16 39 24 44
17 13 27 19 85 57 94 20
75 88 45 3 4 50 8 93
68 33 53 24 10 68 3 82
61 41 26 85 23 64 18 88
72 75 32 87 64 44 10 51
82 9 65 45 98 7 42 37
43 32 80 29 21 67 81 13
62 99 58 92 33 39 21 76
47 55 83 50 73 45 37 58
60 18 81 34 100 87 91 16
99 28 91 3 54 17 29 41
0 3 7 12 15 16 17 12 14 17 18 25 21 16 16 15 9
3 0 6 10 13 14 16 11 12 15 17 24 20 15 14 15 8
7 6 0 7 9 10 12 7 8 12 13 21 18 13 13 16 11
12 10 7 0 5 7 10 7 10 13 14 22 20 15 15 21 16
15 13 9 5 0 4 7 6 8 11 11 20 18 14 15 22 17
16 14 10 7 4 0 4 5 7 8 9 18 16 13 13 21 17
17 16 12 10 7 4 0 6 7 7 7 15 14 11 12 21 18
12 11 7 7 6 5 6 0 4 8 9 17 14 10 11 18 14
14 12 8 10 8 7 7 4 0 5 6 15 11 7 8 16 13
17 15 12 13 11 8 7 8 5 0 3 11 9 6 7 17 15
18 17 13 14 11 9 7 9 6 3 0 10 8 7 8 18 17
25 24 21 22 20 18 15 17 15 11 10 0 6 11 11 20 22
21 20 18 20 18 16 14 14 11 9 8 6 0 6 7 15 17
16 15 13 15 14 13 11 10 7 6 7 11 6 0 2 13 13
16 14 13 15 15 13 12 11 8 7 8 11 7 2 0 12 12
15 15 16 21 22 21 21 18 16 17 18 20 15 13 12 0 8
9 8 11 16 17 17 18 14 13 15 17 22 17 13 12 8 0
