15
6
17 61 22 41 81 15
47 80 62 45 52 32
64 28 90 31 94 26
89 44 100 8 13 23
6 23 87 74 68 56
53 64 34 15 84 48
72 14 15 14 98 99
2 69 23 40 16 99
99 68 1 49 8 5
20 94 20 70 77 84
4 90 57 67 98 86
58 70 85 72 37 60
74 68 67 57 95 25
66 2 75 60 95 2
75 6 50 74 19 74
0 9 15 10 17 17 20 21 19 11 10 5 5 9 8 5 4
9 0 13 12 21 22 24 25 24 16 16 13 13 17 15 13 11
15 13 0 8 16 16 17 19 20 15 16 17 17 21 20 19 17
10 12 8 0 11 12 14 15 15 8 9 11 11 14 14 13 12
17 21 16 11 0 2 4 6 5 8 10 15 15 16 17 18 18
17 22 16 12 2 0 4 5 5 8 10 15 15 16 17 18 19
20 24 17 14 4 4 0 4 6 11 13 17 18 19 20 21 21
21 25 19 15 6 5 4 0 4 12 13 18 18 19 20 21 22
19 24 20 15 5 5 6 4 0 10 11 16 16 17 18 19 20
11 16 15 8 8 8 11 12 10 0 3 8 8 10 10 11 12
10 16 16 9 10 10 13 13 11 3 0 7 7 8 9 10 11
5 13 17 11 15 15 17 18 16 8 7 0 2 6 5 5 6
5 13 17 11 15 15 18 18 16 8 7 2 0 6 5 4 5
9 17 21 14 16 16 19 19 17 10 8 6 6 0 3 6 8
8 15 20 14 17 17 20 20 18 10 9 5 5 3 0 5 6
5 13 19 13 18 18 21 21 19 11 10 5 4 6 5 0 3
4 11 17 12 18 19 21 22 20 12 11 6 5 8 6 3 0
