15
4
75 80 6 32
21 49 87 13
30 10 87 58
66 37 41 45
10 1 18 92
61 71 54 14
59 95 88 54
94 36 15 75
88 99 68 61
73 34 11 30
55 92 65 74
61 51 94 12
88 56 43 43
6 46 44 40
99 67 80 53
0 10 5 5 7 14 22 15 14 13 18 20 17 14 11 10 7
10 0 8 10 10 15 20 18 17 17 21 25 24 20 18 19 14
5 8 0 3 5 12 19 13 12 12 16 19 18 14 12 13 8
5 10 3 0 4 11 19 12 11 10 15 18 16 12 10 11 6
7 10 5 4 0 8 16 10 9 9 13 17 15 12 10 13 7
14 15 12 11 8 0 10 5 5 7 9 14 15 12 12 17 12
22 20 19 19 16 10 0 11 12 15 14 19 22 19 20 25 20
15 18 13 12 10 5 11 0 3 6 6 11 13 10 11 17 12
14 17 12 11 9 5 12 3 0 4 6 11 12 8 9 15 10
13 17 12 10 9 7 15 6 4 0 6 10 9 6 7 13 8
18 21 16 15 13 9 14 6 6 6 0 7 9 8 10 16 13
20 25 19 18 17 14 19 11 11 10 7 0 6 7 10 15 14
17 24 18 16 15 15 22 13 12 9 9 6 0 5 8 12 12
14 20 14 12 12 12 19 10 8 6 8 7 5 0 4 10 8
11 18 12 10 10 12 20 11 9 7 10 10 8 4 0 8 6
10 19 13 11 13 17 25 17 15 13 16 15 12 10 8 0 7
7 14 8 6 7 12 20 12 10 8 13 14 12 8 6 7 0
