15
20
64 55 56 42 53 67 47 87 100 23 70 11 45 11 15 76 5 54 5 2
73 41 65 1 36 72 60 69 76 87 10 68 88 39 45 32 85 25 39 48
32 34 46 65 57 14 17 40 51 58 41 60 89 25 45 39 62 83 98 77
30 18 80 79 77 88 28 95 91 84 37 80 14 53 83 98 97 19 81 74
86 89 58 80 79 92 44 50 1 96 31 15 11 72 91 35 88 90 74 97
2 26 71 53 20 27 79 19 9 77 63 55 45 97 26 27 78 75 74 74
27 90 64 53 22 66 91 11 69 50 95 36 59 99 56 70 14 42 88 51
72 87 74 29 2 89 45 16 12 33 57 45 61 70 82 10 96 48 32 35
98 92 60 89 37 46 67 28 6 16 13 43 35 97 67 17 55 17 93 81
27 40 8 85 83 80 92 5 14 27 87 86 44 99 7 65 61 36 2 31
93 31 65 1 5 16 99 36 86 45 14 41 19 35 74 23 1 17 60 45
47 76 83 39 89 15 54 1 79 66 35 24 13 14 45 46 1 21 63 43
2 72 1 92 5 20 99 48 89 100 39 93 9 37 68 90 82 52 44 97
55 73 70 47 6 74 52 76 33 75 26 53 56 8 11 51 84 5 35 9
11 75 3 88 17 88 35 95 87 16 88 97 95 51 23 28 15 50 5 65
0 9 11 12 11 19 22 20 20 17 13 12 13 13 11 8 7
9 0 4 6 8 16 25 24 24 22 18 18 17 15 14 11 12
11 4 0 3 6 13 24 23 23 21 18 17 16 14 12 10 12
12 6 3 0 5 12 24 23 23 20 18 17 16 13 12 11 12
11 8 6 5 0 10 20 20 20 17 15 15 13 10 9 8 10
19 16 13 12 10 0 18 19 19 17 17 17 14 11 12 14 15
22 25 24 24 20 18 0 4 4 7 11 12 10 12 13 17 16
20 24 23 23 20 19 4 0 2 4 8 9 9 11 12 15 15
20 24 23 23 20 19 4 2 0 4 8 9 9 11 12 15 15
17 22 21 20 17 17 7 4 4 0 5 7 6 9 10 12 12
13 18 18 18 15 17 11 8 8 5 0 3 4 7 7 9 8
12 18 17 17 15 17 12 9 9 7 3 0 5 7 7 8 7
13 17 16 16 13 14 10 9 9 6 4 5 0 4 5 8 8
13 15 14 13 10 11 12 11 11 9 7 7 4 0 3 7 7
11 14 12 12 9 12 13 12 12 10 7 7 5 3 0 5 6
8 11 10 11 8 14 17 15 15 12 9 8 8 7 5 0 3
7 12 12 12 10 15 16 15 15 12 8 7 8 7 6 3 0
