15
24
82 75 28 56 74 59 59 35 67 40 30 21 33 61 79 84 64 76 15 68 99 35 60 69
38 87 8 19 21 79 20 28 21 50 97 45 63 99 14 73 25 94 76 66 57 72 27 84
12 33 79 48 78 36 44 12 93 96 9 18 32 94 71 30 34 25 66 88 40 77 46 13
60 6 71 45 84 40 85 37 8 7 69 76 10 44 73 80 86 65 14 67 87 88 32 74
95 16 61 5 40 35 66 38 9 72 2 16 12 28 82 42 75 22 85 73 97 23 62 2
71 47 21 48 93 67 82 42 34 78 59 25 3 6 52 60 63 77 53 4 72 47 97 61
37 57 47 13 97 13 53 99 92 89 65 22 19 77 66 71 41 40 47 13 96 80 61 29
11 36 25 82 68 73 18 49 26 48 11 40 22 24 88 5 17 66 35 16 14 35 28 80
91 13 78 31 77 38 63 21 100 99 21 72 89 53 30 77 82 40 48 15 33 79 96 31
53 64 63 37 48 43 6 26 35 67 38 16 29 91 7 72 90 90 60 23 23 55 80 50
3 79 11 60 53 74 10 97 49 35 35 85 24 23 5 96 17 70 36 6 37 24 88 49
94 64 86 10 99 86 46 89 29 55 31 37 51 73 68 28 91 46 77 79 57 37 70 100
56 62 46 3 64 4 72 57 47 52 80 80 70 12 53 11 30 3 43 78 46 16 33 89
51 27 99 77 39 64 34 93 46 74 32 44 6 93 50 14 37 39 54 25 95 25 43 96
9 15 82 30 32 41 62 91 31 70 22 54 74 44 81 44 98 89 15 47 26 66 40 40
0 5 9 9 11 12 14 17 21 15 13 17 19 20 15 5 7
5 0 6 7 10 11 12 16 20 15 14 19 21 22 17 9 10
9 6 0 2 6 7 7 11 15 12 12 17 19 20 17 11 14
9 7 2 0 5 6 7 11 14 11 11 17 18 20 16 11 14
11 10 6 5 0 3 5 8 12 8 8 14 15 17 14 12 15
12 11 7 6 3 0 6 7 11 7 7 13 14 16 13 12 16
14 12 7 7 5 6 0 6 9 10 11 17 17 19 17 15 19
17 16 11 11 8 7 6 0 5 8 10 15 16 18 17 18 22
21 20 15 14 12 11 9 5 0 11 13 17 17 20 20 21 25
15 15 12 11 8 7 10 8 11 0 4 8 9 11 10 14 18
13 14 12 11 8 7 11 10 13 4 0 7 8 10 8 12 16
17 19 17 17 14 13 17 15 17 8 7 0 3 4 6 15 18
19 21 19 18 15 14 17 16 17 9 8 3 0 4 7 16 20
20 22 20 20 17 16 19 18 20 11 10 4 4 0 7 17 20
15 17 17 16 14 13 17 17 20 10 8 6 7 7 0 12 15
5 9 11 11 12 12 15 18 21 14 12 15 16 17 12 0 6
7 10 14 14 15 16 19 22 25 18 16 18 20 20 15 6 0
