15
16
89 38 22 13 13 63 11 44 44 2 38 96 80 30 89 84
29 68 65 61 37 40 26 24 61 21 98 10 3 28 92 28
17 75 44 57 24 22 46 75 33 35 42 55 55 11 32 49
59 48 52 78 85 10 64 88 61 79 94 6 87 91 67 32
58 46 61 33 55 42 55 46 100 52 57 77 29 78 44 53
49 98 70 74 28 79 66 31 46 92 72 16 52 83 100 39
90 29 54 60 88 96 6 35 39 20 88 50 73 13 80 45
50 30 13 50 17 36 7 25 67 53 5 50 22 3 82 18
85 86 32 6 100 80 5 5 37 9 51 88 74 68 39 11
12 57 96 51 40 36 95 98 12 37 5 8 53 52 79 78
80 59 49 46 62 8 4 75 7 14 44 16 21 76 7 6
90 23 13 10 88 97 9 10 24 74 95 14 79 38 24 67
84 59 99 22 85 15 84 42 48 16 80 50 39 72 83 28
6 86 88 3 95 98 93 38 32 33 69 12 39 61 2 73
6 69 37 90 31 95 93 48 25 84 42 33 10 69 24 42
0 3 9 10 3 9 11 18 12 14 15 16 10 9 9 7 5
3 0 8 10 4 10 12 19 13 15 15 16 10 9 9 7 5
9 8 0 13 10 17 19 25 20 22 22 20 14 13 14 12 12
10 10 13 0 8 13 13 19 17 19 20 24 18 18 17 15 12
3 4 10 8 0 9 11 17 13 14 15 18 12 11 11 9 6
9 10 17 13 9 0 3 10 6 8 9 16 12 12 11 11 8
11 12 19 13 11 3 0 8 5 7 9 17 13 13 12 12 9
18 19 25 19 17 10 8 0 8 8 9 20 19 19 17 18 16
12 13 20 17 13 6 5 8 0 3 5 14 12 12 10 12 10
14 15 22 19 14 8 7 8 3 0 3 14 13 13 11 13 11
15 15 22 20 15 9 9 9 5 3 0 13 12 12 10 12 12
16 16 20 24 18 16 17 20 14 14 13 0 8 8 8 11 13
10 10 14 18 12 12 13 19 12 13 12 8 0 2 3 5 7
9 9 13 18 11 12 13 19 12 13 12 8 2 0 3 4 7
9 9 14 17 11 11 12 17 10 11 10 8 3 3 0 4 6
7 7 12 15 9 11 12 18 12 13 12 11 5 4 4 0 5
5 5 12 12 6 8 9 16 10 11 12 13 7 7 6 5 0
