15
16
71 34 9 43 50 20 70 34 77 69 80 20 65 65 59 77
5 13 60 88 83 38 13 91 73 22 98 31 90 17 98 72
29 31 14 5 97 87 61 98 43 46 64 29 25 68 33 62
79 98 49 84 79 87 76 27 49 75 78 30 61 79 87 31
25 56 83 74 54 13 99 54 17 44 65 29 44 97 16 27
91 43 97 71 84 74 80 94 97 5 92 92 74 13 74 7
14 64 94 85 42 40 88 25 28 52 69 47 96 92 84 17
86 97 29 49 47 41 8 58 73 37 10 14 54 43 66 51
83 90 8 40 19 56 7 8 70 63 50 86 92 66 70 24
72 87 75 48 36 72 100 66 80 31 32 6 41 21 2 62
53 17 19 15 90 50 5 36 27 90 91 87 1 51 57 22
15 30 52 7 72 10 14 58 89 53 31 10 97 42 69 18
98 35 62 35 60 34 68 8 47 35 20 8 31 79 72 86
49 46 31 77 50 98 69 87 63 32 22 24 47 21 24 31
100 12 38 78 98 26 79 93 93 34 3 75 70 95 78 86
0 2 6 8 10 17 20 23 20 10 11 12 17 14 13 11 5
2 0 6 8 9 17 20 23 20 10 11 12 17 14 13 11 5
6 6 0 5 5 13 16 19 16 7 10 11 15 14 14 12 7
8 8 5 0 5 11 14 20 18 11 13 15 19 18 18 16 10
10 9 5 5 0 9 12 17 15 9 12 13 17 17 17 16 11
17 17 13 11 9 0 4 15 13 14 17 18 20 23 23 22 18
20 20 16 14 12 4 0 15 13 16 19 20 21 25 25 24 21
23 23 19 20 17 15 15 0 4 14 16 16 13 20 21 21 22
20 20 16 18 15 13 13 4 0 12 14 14 12 18 19 19 19
10 10 7 11 9 14 16 14 12 0 5 6 9 11 11 10 9
11 11 10 13 12 17 19 16 14 5 0 3 7 8 8 7 8
12 12 11 15 13 18 20 16 14 6 3 0 6 7 7 7 10
17 17 15 19 17 20 21 13 12 9 7 6 0 9 10 11 14
14 14 14 18 17 23 25 20 18 11 8 7 9 0 3 5 11
13 13 14 18 17 23 25 21 19 11 8 7 10 3 0 4 10
11 11 12 16 16 22 24 21 19 10 7 7 11 5 4 0 8
5 5 7 10 11 18 21 22 19 9 8 10 14 11 10 8 0
