15
26
39 62 81 76 18 79 83 20 18 38 96 1 5 34 66 90 74 26 66 8 23 78 89 61 51 58
53 15 24 97 43 67 100 99 72 58 51 86 15 17 90 5 12 80 54 17 77 39 8 76 57 15
86 26 21 18 90 44 24 71 7 99 73 67 50 44 61 58 22 43 20 30 13 59 49 72 76 72
38 3 51 20 7 46 15 11 69 82 96 10 12 79 13 71 19 36 16 30 70 61 73 58 89 49
87 43 78 51 64 23 52 37 53 64 77 9 73 95 62 1 30 4 40 76 67 65 50 22 60 71
86 58 70 61 60 15 78 52 99 53 20 74 94 16 50 4 16 63 37 37 96 16 77 94 85 85
34 31 23 60 50 98 70 42 80 80 97 83 59 96 48 83 32 89 66 74 62 50 51 52 21 83
92 61 8 80 99 5 71 60 95 67 66 6 98 71 15 11 95 67 78 43 58 23 6 5 72 92
40 6 69 35 36 86 72 44 10 25 14 48 50 6 39 74 25 50 83 11 37 11 63 4 62 24
90 45 45 90 56 53 47 17 62 78 95 44 97 17 22 83 83 68 62 41 48 50 37 73 30 44
39 40 80 3 80 96 80 64 7 3 69 95 45 88 88 32 100 69 90 14 24 73 32 74 50 97
81 46 87 79 50 75 46 98 56 62 86 100 54 21 84 89 96 75 43 27 44 63 9 67 99 83
82 50 44 51 31 63 88 75 35 24 3 74 99 79 59 17 79 92 26 1 32 58 19 72 85 14
99 17 46 47 92 82 12 45 54 99 25 78 72 55 50 14 92 19 12 88 29 61 2 97 94 14
56 32 49 12 16 27 65 37 66 30 32 61 62 93 52 81 31 69 94 21 71 9 38 3 33 1
0 9 11 17 11 10 14 13 8 11 8 8 12 13 13 9 7
9 0 6 10 5 5 13 12 14 17 16 15 17 15 14 11 10
11 6 0 9 9 10 18 17 17 20 17 16 15 12 10 9 9
17 10 9 0 9 11 18 18 23 25 23 22 22 19 17 16 16
11 5 9 9 0 4 11 10 16 18 18 18 20 18 17 15 13
10 5 10 11 4 0 9 8 14 16 17 17 19 18 17 14 13
14 13 18 18 11 9 0 3 14 15 19 20 25 25 24 21 19
13 12 17 18 10 8 3 0 12 14 18 19 23 23 23 19 17
8 14 17 23 16 14 14 12 0 5 8 10 16 18 19 15 13
11 17 20 25 18 16 15 14 5 0 10 12 18 21 21 18 15
8 16 17 23 18 17 19 18 8 10 0 4 10 13 15 11 10
8 15 16 22 18 17 20 19 10 12 4 0 8 11 12 10 8
12 17 15 22 20 19 25 23 16 18 10 8 0 6 8 8 8
13 15 12 19 18 18 25 23 18 21 13 11 6 0 3 6 8
13 14 10 17 17 17 24 23 19 21 15 12 8 3 0 5 8
9 11 9 16 15 14 21 19 15 18 11 10 8 6 5 0 4
7 10 9 16 13 13 19 17 13 15 10 8 8 8 8 4 0
