15
26
8 93 98 7 46 53 67 2 80 59 32 47 75 8 83 46 64 63 40 30 97 19 79 100 18 45
72 90 60 23 94 39 26 37 64 44 44 13 24 96 14 99 88 45 8 92 74 19 98 15 31 25
16 28 76 98 12 96 78 55 23 37 32 17 90 46 68 19 36 73 90 12 73 85 7 87 48 76
76 25 39 78 8 8 1 56 69 17 16 95 61 6 98 72 76 88 83 86 40 26 67 93 17 4
46 43 27 3 33 43 5 92 37 17 52 26 68 68 84 73 63 10 66 20 34 32 6 74 82 1
45 69 78 71 52 84 65 50 48 79 47 74 91 73 83 69 55 51 66 42 49 77 77 10 64 26
59 21 61 19 55 97 69 11 40 39 18 22 43 18 50 16 50 16 84 61 11 60 9 79 58 67
44 100 40 54 43 47 8 88 12 67 90 15 13 54 53 25 18 45 63 38 48 24 11 33 59 89
90 55 56 67 26 43 28 94 83 87 24 69 100 58 24 34 59 19 4 8 49 28 22 23 39 95
82 50 14 20 11 71 39 23 6 39 86 46 18 71 79 62 36 45 95 6 32 24 30 47 66 81
6 68 96 58 78 71 97 33 72 23 99 49 66 11 66 41 23 64 46 3 17 7 57 65 75 31
88 47 99 56 17 27 68 62 44 89 36 57 63 25 9 71 85 56 42 80 81 1 63 17 26 61
15 35 53 19 44 44 85 22 97 30 81 64 12 65 45 76 96 65 37 84 12 44 91 9 30 68
63 79 18 67 13 75 43 29 37 47 41 48 94 29 23 13 10 82 88 70 28 7 32 34 79 55
69 22 11 18 6 97 98 33 2 93 61 56 57 99 22 54 10 88 69 7 58 57 75 74 28 92
0 7 11 12 10 12 13 16 18 20 22 22 16 14 8 9 13
7 0 5 8 7 9 9 12 15 18 24 23 17 14 10 12 18
11 5 0 7 7 9 9 11 15 19 25 25 19 16 13 16 22
12 8 7 0 4 4 3 6 9 13 21 20 14 11 11 14 21
10 7 7 4 0 4 4 8 10 13 20 19 13 10 8 12 18
12 9 9 4 4 0 3 6 8 11 18 18 12 9 9 12 19
13 9 9 3 4 3 0 5 7 11 19 19 12 10 10 13 20
16 12 11 6 8 6 5 0 5 10 19 19 13 11 13 16 23
18 15 15 9 10 8 7 5 0 6 16 16 11 10 14 16 23
20 18 19 13 13 11 11 10 6 0 12 12 9 9 15 16 22
22 24 25 21 20 18 19 19 16 12 0 3 8 11 16 15 18
22 23 25 20 19 18 19 19 16 12 3 0 8 11 16 15 17
16 17 19 14 13 12 12 13 11 9 8 8 0 5 10 10 14
14 14 16 11 10 9 10 11 10 9 11 11 5 0 8 9 15
8 10 13 11 8 9 10 13 14 15 16 16 10 8 0 5 11
9 12 16 14 12 12 13 16 16 16 15 15 10 9 5 0 8
13 18 22 21 18 19 20 23 23 22 18 17 14 15 11 8 0
