15
18
88 50 34 31 91 64 3 2 19 82 57 21 80 21 38 71 56 68
67 7 41 81 96 81 51 29 29 16 45 58 7 49 55 86 14 65
75 89 13 40 64 19 2 77 73 86 42 63 20 68 15 46 28 14
79 47 18 27 75 43 59 95 42 74 88 61 54 39 43 59 100 94
68 42 33 65 79 58 69 91 84 8 53 86 58 32 71 63 18 42
56 35 22 29 87 38 34 53 6 55 76 48 77 58 14 65 59 25
95 30 3 18 20 61 30 11 22 88 63 93 86 59 71 34 6 97
77 98 79 92 53 57 47 17 85 85 83 33 58 27 80 73 57 77
30 60 47 26 5 90 15 68 29 32 47 75 39 43 99 84 59 49
40 6 5 16 68 78 30 9 9 24 92 16 87 1 21 68 82 27
69 18 20 10 94 64 42 56 100 14 59 81 87 53 62 1 85 24
87 99 81 18 28 89 62 21 38 46 42 2 11 43 38 14 36 73
17 45 1 8 98 42 52 68 7 80 90 50 91 55 46 58 11 83
1 8 31 76 62 25 71 74 14 17 18 55 89 16 45 43 27 94
12 29 99 24 69 62 13 46 81 76 64 17 27 80 66 51 60 13
0 3 8 11 16 19 18 20 23 21 21 18 19 8 5 4 5
3 0 8 12 18 21 20 21 25 23 23 19 19 9 7 6 7
8 8 0 7 16 20 19 21 24 23 25 23 24 13 10 9 8
11 12 7 0 11 15 15 16 19 20 24 23 25 15 11 11 9
16 18 16 11 0 6 7 7 10 12 18 21 24 17 14 14 13
19 21 20 15 6 0 3 3 5 7 14 19 23 18 16 17 16
18 20 19 15 7 3 0 3 6 6 13 17 21 17 15 16 15
20 21 21 16 7 3 3 0 5 6 13 18 22 18 16 17 16
23 25 24 19 10 5 6 5 0 6 14 20 24 21 19 20 19
21 23 23 20 12 7 6 6 6 0 9 16 20 18 18 19 18
21 23 25 24 18 14 13 13 14 9 0 9 14 16 18 19 19
18 19 23 23 21 19 17 18 20 16 9 0 6 12 15 16 17
19 19 24 25 24 23 21 22 24 20 14 6 0 12 16 17 19
8 9 13 15 17 18 17 18 21 18 16 12 12 0 5 6 8
5 7 10 11 14 16 15 16 19 18 18 15 16 5 0 3 4
4 6 9 11 14 17 16 17 20 19 19 16 17 6 3 0 3
5 7 8 9 13 16 15 16 19 18 19 17 19 8 4 3 0
