15
30
41 45 12 94 24 92 67 34 51 17 33 3 25 78 67 13 74 87 87 77 98 4 78 53 34 22 45 46 49 91
14 8 20 12 32 60 8 27 5 18 53 66 86 71 95 35 95 87 62 23 47 6 47 69 22 69 68 71 85 18
90 90 100 77 68 67 19 60 70 35 43 68 25 7 81 95 44 25 38 52 57 20 5 41 2 6 27 57 20 59
8 93 98 9 32 61 54 15 26 77 63 10 30 65 97 28 52 62 97 15 12 29 75 22 38 56 65 54 70 85
40 99 75 86 69 20 18 23 5 10 16 4 9 66 44 88 9 15 74 32 57 39 15 83 79 36 32 54 91 27
35 77 15 65 51 85 89 51 45 53 73 98 96 75 66 94 41 24 70 90 36 11 17 25 54 10 95 41 28 38
69 92 16 71 8 71 97 70 82 30 34 58 95 33 88 60 22 90 84 5 14 83 77 79 44 20 92 22 26 86
9 23 95 31 42 1 93 39 37 31 11 51 47 71 63 25 12 17 8 83 17 81 86 88 82 21 47 61 63 25
39 73 95 55 51 71 95 63 70 46 91 70 35 76 72 56 86 42 92 85 52 80 84 48 54 94 92 29 50 29
60 44 67 36 94 56 26 43 12 7 78 82 38 27 2 83 55 53 41 74 58 23 23 69 20 11 5 62 33 37
42 33 7 100 60 79 18 14 24 18 53 56 94 28 14 59 75 34 33 32 64 9 14 83 87 51 46 32 80 80
38 43 22 98 55 99 32 44 56 44 45 37 55 63 58 9 81 8 39 18 63 46 45 50 72 51 28 85 9 20
83 48 63 84 97 65 36 36 27 59 26 78 85 83 12 1 44 28 30 6 86 70 21 32 80 64 32 47 90 34
60 7 34 17 33 58 28 17 16 77 3 3 67 97 5 20 72 96 30 68 2 34 84 1 21 79 14 81 62 40
44 81 80 84 94 67 25 71 37 36 95 26 90 29 75 98 11 45 17 6 70 82 83 79 27 51 24 81 59 28
0 5 6 10 14 20 19 18 22 19 16 15 11 14 12 5 5
5 0 5 7 11 16 15 14 19 16 14 13 10 14 12 7 8
6 5 0 6 9 17 16 16 20 18 17 15 13 17 15 9 9
10 7 6 0 6 13 13 13 17 16 16 14 13 18 16 13 13
14 11 9 6 0 14 14 14 19 18 20 18 17 22 20 17 16
20 16 17 13 14 0 2 4 7 8 13 12 14 18 18 21 23
19 15 16 13 14 2 0 3 7 7 13 11 13 17 17 20 22
18 14 16 13 14 4 3 0 6 6 11 9 11 15 16 18 21
22 19 20 17 19 7 7 6 0 5 11 11 14 17 18 22 25
19 16 18 16 18 8 7 6 5 0 7 7 10 13 14 19 22
16 14 17 16 20 13 13 11 11 7 0 3 6 7 9 15 19
15 13 15 14 18 12 11 9 11 7 3 0 5 8 8 14 18
11 10 13 13 17 14 13 11 14 10 6 5 0 7 6 10 15
14 14 17 18 22 18 17 15 17 13 7 8 7 0 4 12 17
12 12 15 16 20 18 17 16 18 14 9 8 6 4 0 9 14
5 7 9 13 17 21 20 18 22 19 15 14 10 12 9 0 6
5 8 9 13 16 23 22 21 25 22 19 18 15 17 14 6 0
