15
24
92 51 18 64 12 33 21 49 54 87 83 26 65 35 70 21 87 11 11 84 20 32 96 86
16 95 60 71 70 100 29 10 50 98 65 36 37 77 48 59 31 77 60 26 54 44 34 27
52 71 98 99 47 8 74 28 93 25 40 95 5 24 12 43 17 4 41 48 61 85 98 76
80 44 22 7 85 75 49 36 42 76 30 63 45 18 2 77 61 96 5 36 44 82 71 89
98 41 24 11 22 28 66 93 56 18 27 54 85 83 98 10 35 33 41 85 48 90 82 83
78 84 83 61 95 76 97 51 6 6 14 87 29 59 84 33 72 89 63 52 29 77 22 78
73 73 85 2 59 62 67 24 80 19 53 52 8 77 92 24 100 41 54 94 13 39 85 23
91 59 80 48 59 45 48 12 9 12 67 11 68 38 46 56 19 11 78 85 83 1 62 37
60 60 99 21 37 25 93 68 84 82 7 98 38 51 65 21 38 55 44 60 100 65 1 85
34 58 80 55 25 91 12 37 75 83 53 87 63 6 34 50 5 97 56 38 97 62 52 77
53 5 72 58 91 55 93 70 81 33 6 85 21 33 47 25 21 80 98 28 92 33 48 89
59 49 37 33 57 82 52 34 10 21 24 49 96 94 59 34 12 44 48 79 96 20 63 88
40 59 7 17 33 23 98 3 87 8 78 79 83 72 71 20 23 1 19 6 64 22 79 58
2 35 95 85 6 98 56 70 9 14 33 35 20 86 74 15 5 96 69 32 54 87 48 50
89 46 55 69 14 73 83 41 42 40 96 53 50 66 18 16 11 9 69 87 25 25 5 91
0 4 9 9 11 13 14 16 18 19 15 18 20 20 9 9 3
4 0 9 7 10 12 14 15 17 18 14 16 17 18 6 10 5
9 9 0 7 10 9 9 10 13 14 11 18 23 23 12 17 10
9 7 7 0 4 6 8 9 11 12 8 12 17 18 7 15 10
11 10 10 4 0 4 8 8 9 10 6 10 16 16 8 17 13
13 12 9 6 4 0 5 5 7 7 4 12 18 19 11 20 14
14 14 9 8 8 5 0 3 6 7 5 15 21 22 14 22 16
16 15 10 9 8 5 3 0 4 5 4 14 21 22 14 23 17
18 17 13 11 9 7 6 4 0 3 5 13 21 22 16 25 19
19 18 14 12 10 7 7 5 3 0 5 13 21 22 16 25 20
15 14 11 8 6 4 5 4 5 5 0 11 18 19 13 22 17
18 16 18 12 10 12 15 14 13 13 11 0 9 10 11 21 19
20 17 23 17 16 18 21 21 21 21 18 9 0 3 13 20 20
20 18 23 18 16 19 22 22 22 22 19 10 3 0 13 20 21
9 6 12 7 8 11 14 14 16 16 13 11 13 13 0 12 10
9 10 17 15 17 20 22 23 25 25 22 21 20 20 12 0 9
3 5 10 10 13 14 16 17 19 20 17 19 20 21 10 9 0
