15
6
79 23 21 31 90 47
46 77 92 28 74 35
82 38 69 96 72 3
78 77 97 91 48 1
32 40 57 11 95 48
58 70 92 50 66 81
5 94 72 73 89 45
26 53 35 74 1 33
44 19 93 100 3 40
7 36 95 7 5 26
27 5 97 58 50 1
89 29 53 24 59 17
74 56 20 80 83 45
59 52 18 16 35 60
15 52 57 95 9 95
0 4 5 7 9 16 20 18 22 17 17 18 13 12 6 4 4
4 0 4 4 6 16 20 19 24 18 18 20 15 14 8 6 7
5 4 0 5 5 14 18 17 22 17 17 19 14 13 7 5 7
7 4 5 0 5 17 21 20 25 20 20 22 17 16 10 8 9
9 6 5 5 0 14 19 18 24 18 19 22 17 15 10 9 11
16 16 14 17 14 0 6 5 12 8 9 15 14 9 12 14 16
20 20 18 21 19 6 0 4 9 8 9 14 15 11 15 18 20
18 19 17 20 18 5 4 0 8 6 7 12 13 9 13 16 18
22 24 22 25 24 12 9 8 0 7 7 10 14 12 17 20 21
17 18 17 20 18 8 8 6 7 0 2 8 9 7 12 15 16
17 18 17 20 19 9 9 7 7 2 0 7 9 6 12 15 16
18 20 19 22 22 15 14 12 10 8 7 0 7 8 14 16 16
13 15 14 17 17 14 15 13 14 9 9 7 0 6 9 11 11
12 14 13 16 15 9 11 9 12 7 6 8 6 0 7 10 11
6 8 7 10 10 12 15 13 17 12 12 14 9 7 0 4 6
4 6 5 8 9 14 18 16 20 15 15 16 11 10 4 0 4
4 7 7 9 11 16 20 18 21 16 16 16 11 11 6 4 0
