15
16
34 33 71 19 6 65 67 35 31 79 8 92 59 81 37 18
84 7 93 26 30 14 58 80 77 50 62 4 97 18 44 45
76 93 8 64 21 5 57 61 29 84 92 23 79 55 6 5
99 51 7 7 76 26 49 88 3 84 77 40 82 19 1 84
92 80 58 3 54 33 39 22 85 60 17 40 9 60 51 87
71 99 61 52 22 70 96 49 49 65 14 58 62 22 54 77
22 6 8 29 64 43 63 83 25 46 19 64 88 75 60 7
26 63 14 40 3 14 40 23 35 36 3 7 11 25 75 67
54 68 62 80 27 97 53 22 84 45 68 85 100 51 83 32
77 65 67 2 4 61 50 24 35 67 37 99 88 78 38 83
73 48 7 77 67 70 17 38 35 4 74 82 10 15 42 100
24 44 45 96 72 98 82 43 23 38 99 30 19 62 18 50
36 48 59 10 93 77 57 35 5 53 93 5 47 24 40 6
75 86 46 21 44 36 92 75 9 17 67 95 53 77 43 70
22 3 90 28 21 71 15 15 52 46 19 1 48 20 97 45
0 2 4 7 12 13 13 13 15 13 16 22 20 14 11 9 5
2 0 4 6 12 13 13 13 15 13 17 22 20 15 12 9 5
4 4 0 6 14 15 15 15 18 15 19 25 22 16 14 11 7
7 6 6 0 11 13 14 14 17 16 20 25 24 19 16 13 10
12 12 14 11 0 4 5 6 9 10 15 19 18 20 15 12 13
13 13 15 13 4 0 3 4 7 9 13 17 16 19 14 11 13
13 13 15 14 5 3 0 2 5 7 11 15 15 18 12 10 13
13 13 15 14 6 4 2 0 5 7 10 15 14 18 12 10 13
15 15 18 17 9 7 5 5 0 6 8 12 11 17 12 11 14
13 13 15 16 10 9 7 7 6 0 6 11 10 13 7 7 11
16 17 19 20 15 13 11 10 8 6 0 7 5 13 8 9 14
22 22 25 25 19 17 15 15 12 11 7 0 4 17 13 15 20
20 20 22 24 18 16 15 14 11 10 5 4 0 14 11 13 18
14 15 16 19 20 19 18 18 17 13 13 17 14 0 7 10 11
11 12 14 16 15 14 12 12 12 7 8 13 11 7 0 5 9
9 9 11 13 12 11 10 10 11 7 9 15 13 10 5 0 6
5 5 7 10 13 13 13 13 14 11 14 20 18 11 9 6 0
