15
14
75 69 12 2 23 93 1 80 37 59 17 60 94 16
1 56 12 5 88 95 3 58 32 18 56 74 84 32
65 30 39 53 23 30 51 70 95 70 38 96 77 6
58 45 8 62 29 57 66 3 14 34 80 31 42 55
44 70 84 11 94 37 32 10 74 67 16 6 34 81
24 89 13 99 10 24 31 24 67 18 3 27 22 3
68 61 27 5 29 31 34 29 50 30 21 25 54 89
54 56 51 56 14 88 84 38 90 47 74 34 59 17
43 42 37 79 35 17 31 36 49 83 29 75 30 32
2 13 86 55 39 31 76 35 62 68 25 97 8 49
42 9 71 7 33 33 24 7 82 45 77 26 51 98
100 48 39 62 84 21 21 49 38 10 42 11 18 3
25 30 48 28 40 62 87 12 22 89 62 26 89 6
22 70 79 76 1 77 22 39 8 42 97 98 84 60
51 73 100 70 4 6 44 67 42 87 63 25 50 20
0 3 6 9 14 21 23 19 11 19 24 22 16 12 13 8 5
3 0 6 9 14 20 23 19 12 20 25 23 17 14 15 10 7
6 6 0 4 10 16 18 14 9 17 21 20 14 13 14 9 5
9 9 4 0 8 13 16 11 7 16 20 19 14 13 15 11 7
14 14 10 8 0 8 12 9 13 20 22 23 19 19 21 17 13
21 20 16 13 8 0 6 6 16 20 21 24 20 23 25 21 19
23 23 18 16 12 6 0 6 16 19 19 22 20 23 25 22 21
19 19 14 11 9 6 6 0 12 16 17 19 16 19 21 18 16
11 12 9 7 13 16 16 12 0 10 14 13 8 8 11 8 7
19 20 17 16 20 20 19 16 10 0 6 5 5 10 12 13 15
24 25 21 20 22 21 19 17 14 6 0 6 10 15 17 18 20
22 23 20 19 23 24 22 19 13 5 6 0 8 12 13 15 18
16 17 14 14 19 20 20 16 8 5 10 8 0 7 9 9 12
12 14 13 13 19 23 23 19 8 10 15 12 7 0 4 5 9
13 15 14 15 21 25 25 21 11 12 17 13 9 4 0 6 10
8 10 9 11 17 21 22 18 8 13 18 15 9 5 6 0 6
5 7 5 7 13 19 21 16 7 15 20 18 12 9 10 6 0
