15
28
4 53 33 56 48 57 76 74 77 34 22 40 61 100 76 80 58 20 21 76 12 24 83 27 25 33 90 9
25 42 36 45 69 12 88 49 99 19 96 39 88 17 15 22 89 64 19 6 45 66 100 52 71 41 67 37
49 92 26 7 68 74 80 66 23 61 44 64 1 51 83 89 61 42 5 78 73 72 19 32 28 75 57 78
65 67 93 58 91 39 59 17 16 32 39 12 65 52 53 64 38 13 16 94 46 39 14 86 35 70 99 87
38 35 48 29 8 51 37 92 63 93 59 45 44 81 19 65 41 77 64 91 87 80 23 78 62 66 79 23
25 17 15 29 6 64 74 75 50 72 10 32 37 59 32 38 92 20 27 16 51 25 70 83 74 32 83 2
98 65 50 33 93 96 92 16 40 23 19 77 81 82 61 87 4 11 66 19 13 6 59 23 72 46 85 56
86 52 56 37 4 39 94 65 90 10 90 73 61 33 18 57 1 96 92 93 22 27 53 30 41 76 52 77
53 56 48 25 7 90 69 21 94 4 8 62 66 76 39 8 57 80 18 77 80 96 73 49 25 48 35 49
50 54 12 65 5 77 24 71 12 94 100 94 9 85 78 31 71 93 29 5 71 31 2 53 39 27 21 89
52 1 74 75 59 51 73 37 100 61 29 3 33 68 32 91 3 13 31 35 40 46 24 33 4 82 70 48
11 30 42 16 25 15 82 76 15 40 33 6 29 13 12 29 24 42 76 49 65 56 58 84 82 93 47 24
37 38 75 31 26 95 100 49 57 54 22 32 30 89 72 95 2 10 17 81 12 29 23 63 32 81 63 77
2 26 99 9 34 50 30 71 54 61 21 72 42 22 86 77 9 87 71 79 19 6 50 96 93 80 63 56
30 85 66 55 10 84 47 51 45 29 55 44 50 63 82 82 39 43 77 39 4 5 12 15 81 91 39 48
0 12 12 12 13 19 17 18 20 25 20 19 15 17 14 13 12
12 0 3 5 5 9 10 11 15 22 16 15 12 16 15 14 19
12 3 0 4 3 8 8 10 13 20 14 13 10 14 13 13 18
12 5 4 0 4 9 7 8 12 18 13 11 8 12 11 11 16
13 5 3 4 0 7 6 8 12 19 13 12 9 13 13 13 19
19 9 8 9 7 0 7 8 11 18 14 12 12 15 17 17 23
17 10 8 7 6 7 0 3 7 14 9 7 6 10 11 11 19
18 11 10 8 8 8 3 0 5 12 7 5 6 9 11 11 19
20 15 13 12 12 11 7 5 0 9 4 3 7 7 11 11 19
25 22 20 18 19 18 14 12 9 0 7 9 12 10 14 15 21
20 16 14 13 13 14 9 7 4 7 0 3 7 6 9 10 18
19 15 13 11 12 12 7 5 3 9 3 0 6 6 9 10 18
15 12 10 8 9 12 6 6 7 12 7 6 0 6 7 7 15
17 16 14 12 13 15 10 9 7 10 6 6 6 0 5 6 13
14 15 13 11 13 17 11 11 11 14 9 9 7 5 0 2 10
13 14 13 11 13 17 11 11 11 15 10 10 7 6 2 0 9
12 19 18 16 19 23 19 19 19 21 18 18 15 13 10 9 0
