15
10
85 72 83 12 38 83 80 87 70 7
60 8 19 48 76 90 96 19 48 89
66 80 93 48 75 11 47 93 58 26
29 70 21 4 39 38 60 8 18 49
84 37 2 72 62 75 63 92 8 59
57 48 97 6 53 31 6 45 10 14
18 78 53 31 31 76 2 82 88 38
62 76 99 89 29 48 85 70 17 74
49 98 36 16 54 75 81 68 24 87
33 80 14 61 12 78 89 48 29 51
22 76 62 48 94 71 92 11 50 84
36 86 16 49 48 83 58 86 99 99
33 100 86 19 84 9 92 72 41 29
58 3 67 11 67 10 95 12 58 46
64 51 5 46 52 67 95 48 73 32
0 13 14 13 13 22 21 17 12 15 19 19 18 15 13 8 7
13 0 4 6 7 18 18 16 14 18 20 23 25 23 20 17 14
14 4 0 4 4 15 15 14 12 17 18 21 24 22 19 17 14
13 6 4 0 2 13 13 12 10 15 16 19 23 20 18 15 13
13 7 4 2 0 13 13 11 10 14 16 19 23 20 18 15 13
22 18 15 13 13 0 3 9 13 15 11 16 23 22 20 21 19
21 18 15 13 13 3 0 7 12 13 9 14 21 20 18 19 18
17 16 14 12 11 9 7 0 7 8 6 10 16 15 13 14 13
12 14 12 10 10 13 12 7 0 6 9 10 14 12 9 9 7
15 18 17 15 14 15 13 8 6 0 7 6 10 9 7 9 9
19 20 18 16 16 11 9 6 9 7 0 6 13 13 11 15 14
19 23 21 19 19 16 14 10 10 6 6 0 9 9 8 13 13
18 25 24 23 23 23 21 16 14 10 13 9 0 5 7 12 13
15 23 22 20 20 22 20 15 12 9 13 9 5 0 4 8 10
13 20 19 18 18 20 18 13 9 7 11 8 7 4 0 7 8
8 17 17 15 15 21 19 14 9 9 15 13 12 8 7 0 4
7 14 14 13 13 19 18 13 7 9 14 13 13 10 8 4 0
