15
16
94 99 41 99 28 42 62 65 75 37 48 4 36 74 59 15
81 60 55 69 49 65 62 89 38 18 78 73 99 4 6 56
1 51 2 2 4 35 99 76 69 78 24 98 98 12 53 75
59 16 9 9 56 52 91 90 81 79 47 82 2 84 42 60
91 73 46 17 51 28 34 49 25 24 25 6 91 11 27 25
18 65 99 58 18 44 98 82 27 26 23 52 64 91 72 35
46 2 90 39 23 74 95 93 95 6 72 91 21 70 66 93
21 34 31 41 81 15 85 70 98 64 40 81 41 32 70 39
27 87 61 13 37 13 62 50 67 91 84 85 11 90 14 29
68 84 43 93 62 13 18 43 9 70 2 58 93 60 7 73
69 85 15 80 57 46 53 23 72 25 18 49 59 46 11 38
87 12 64 75 91 19 43 80 98 54 53 62 41 37 72 62
60 94 19 66 67 41 98 64 28 6 49 58 44 99 80 64
60 38 44 62 61 31 39 82 27 53 54 18 13 11 15 87
79 100 97 55 28 82 92 19 96 47 97 75 91 62 56 3
0 6 7 8 16 10 11 10 6 6 12 13 10 10 13 12 9
6 0 3 4 13 6 9 11 9 10 16 17 13 12 15 14 10
7 3 0 2 11 7 11 13 11 11 17 18 14 11 14 13 9
8 4 2 0 10 6 11 13 12 12 18 19 15 12 14 13 10
16 13 11 10 0 12 18 22 20 21 25 25 22 16 18 16 14
10 6 7 6 12 0 7 12 13 14 21 22 18 16 19 18 14
11 9 11 11 18 7 0 8 12 13 20 22 19 19 22 21 18
10 11 13 13 22 12 8 0 8 8 15 18 15 18 21 21 17
6 9 11 12 20 13 12 8 0 2 10 12 9 12 15 15 13
6 10 11 12 21 14 13 8 2 0 9 11 8 12 15 15 13
12 16 17 18 25 21 20 15 10 9 0 4 5 13 13 15 14
13 17 18 19 25 22 22 18 12 11 4 0 5 12 12 14 14
10 13 14 15 22 18 19 15 9 8 5 5 0 9 10 11 11
10 12 11 12 16 16 19 18 12 12 13 12 9 0 4 5 4
13 15 14 14 18 19 22 21 15 15 13 12 10 4 0 4 6
12 14 13 13 16 18 21 21 15 15 15 14 11 5 4 0 5
9 10 9 10 14 14 18 17 13 13 14 14 11 4 6 5 0
