15
18
67 94 7 34 99 10 94 99 27 44 32 35 15 66 61 35 68 7
92 8 12 51 100 75 55 53 71 14 9 65 17 12 81 33 34 31
2 42 29 41 78 44 35 27 69 92 6 16 46 75 95 97 64 56
52 44 71 81 61 48 70 49 7 11 87 69 57 3 4 30 62 40
3 1 27 37 95 77 50 100 1 47 78 65 26 2 53 90 56 40
6 60 96 72 73 17 4 42 52 18 2 30 12 70 55 66 17 25
40 79 17 40 29 76 80 8 29 16 38 8 46 49 96 27 61 17
67 3 89 86 15 10 65 95 58 75 31 56 59 97 16 51 23 13
31 32 30 85 46 58 24 46 73 81 56 81 71 1 69 23 37 61
61 5 27 24 12 39 61 48 98 55 82 23 77 96 44 56 68 60
30 25 92 10 52 82 73 16 88 16 17 24 10 28 88 14 29 52
94 95 50 76 80 69 70 86 20 26 86 80 29 29 20 88 85 90
94 89 84 15 29 55 2 78 46 37 38 80 37 69 15 100 89 9
83 50 77 82 29 61 74 88 92 23 2 27 93 18 99 43 62 18
46 63 5 33 19 59 6 1 47 64 51 6 3 39 59 7 29 23
0 6 7 10 12 12 19 17 19 22 20 22 19 13 11 8 5
6 0 8 7 9 9 16 16 18 22 20 24 22 17 14 12 9
7 8 0 7 8 8 14 12 13 17 15 18 16 12 10 9 10
10 7 7 0 3 4 10 11 13 17 16 20 21 17 15 14 14
12 9 8 3 0 2 8 10 12 16 15 20 21 18 16 15 16
12 9 8 4 2 0 8 10 12 16 15 20 21 18 16 15 16
19 16 14 10 8 8 0 8 10 13 13 20 24 23 21 21 22
17 16 12 11 10 10 8 0 4 8 7 14 18 17 17 17 20
19 18 13 13 12 12 10 4 0 6 5 12 17 18 17 18 22
22 22 17 17 16 16 13 8 6 0 4 10 17 19 20 21 25
20 20 15 16 15 15 13 7 5 4 0 9 15 17 17 18 23
22 24 18 20 20 20 20 14 12 10 9 0 10 15 16 19 25
19 22 16 21 21 21 24 18 17 17 15 10 0 7 10 13 19
13 17 12 17 18 18 23 17 18 19 17 15 7 0 4 7 14
11 14 10 15 16 16 21 17 17 20 17 16 10 4 0 5 11
8 12 9 14 15 15 21 17 18 21 18 19 13 7 5 0 8
5 9 10 14 16 16 22 20 22 25 23 25 19 14 11 8 0
