15
12
65 32 55 47 40 74 77 42 15 79 85 97
92 51 48 48 87 31 53 43 60 89 48 65
81 4 97 12 6 26 34 27 86 43 58 60
51 50 46 96 3 86 16 2 65 82 85 41
77 8 64 90 48 35 58 100 8 99 6 2
33 44 32 92 19 68 70 66 70 66 11 77
4 74 15 16 82 40 64 37 59 95 95 98
31 90 5 54 51 74 93 90 96 52 47 50
18 50 30 86 19 39 28 15 78 36 13 60
91 81 79 93 73 41 19 81 73 93 91 31
13 21 27 6 13 64 60 96 75 67 51 100
9 55 49 28 11 11 66 65 26 81 63 81
68 68 21 86 86 31 74 84 74 17 61 79
100 98 56 89 99 20 23 28 71 97 88 87
58 15 6 97 24 43 10 16 44 100 90 32
0 8 11 12 15 19 22 19 16 11 16 11 10 10 8 8 6
8 0 5 11 13 19 22 21 19 16 22 17 17 17 14 14 12
11 5 0 11 11 18 22 20 19 18 25 20 20 20 18 18 15
12 11 11 0 4 9 13 11 10 12 19 16 17 18 17 17 13
15 13 11 4 0 8 12 11 11 15 22 18 20 21 20 20 16
19 19 18 9 8 0 5 5 8 15 21 19 21 22 23 23 18
22 22 22 13 12 5 0 4 9 16 21 21 23 24 25 25 21
19 21 20 11 11 5 4 0 6 13 18 18 20 22 23 23 18
16 19 19 10 11 8 9 6 0 9 14 14 16 17 19 19 14
11 16 18 12 15 15 16 13 9 0 8 6 8 10 12 12 8
16 22 25 19 22 21 21 18 14 8 0 7 8 10 14 14 12
11 17 20 16 18 19 21 18 14 6 7 0 4 5 8 8 6
10 17 20 17 20 21 23 20 16 8 8 4 0 3 7 7 6
10 17 20 18 21 22 24 22 17 10 10 5 3 0 5 5 7
8 14 18 17 20 23 25 23 19 12 14 8 7 5 0 2 6
8 14 18 17 20 23 25 23 19 12 14 8 7 5 2 0 6
6 12 15 13 16 18 21 18 14 8 12 6 6 7 6 6 0
