15
8
39 64 73 93 91 95 20 77
70 78 42 49 67 64 14 47
85 49 73 87 96 94 6 87
25 64 28 7 4 80 58 21
54 100 21 6 67 66 80 100
33 11 63 17 11 76 45 72
22 92 17 4 39 37 54 100
17 60 30 42 88 24 60 21
56 25 2 37 74 15 49 28
39 99 5 22 3 99 10 6
91 77 27 58 76 56 64 81
59 100 76 86 87 4 89 66
3 81 98 19 39 73 81 74
71 55 50 15 17 14 57 35
30 67 70 42 95 21 60 49
0 9 14 16 18 12 14 18 16 17 18 18 19 18 9 3 3
9 0 13 16 18 15 17 22 21 22 23 24 25 25 15 10 10
14 13 0 5 7 8 9 13 14 15 17 20 22 23 22 15 13
16 16 5 0 4 7 7 10 12 13 15 19 21 22 23 17 15
18 18 7 4 0 8 6 9 11 11 13 18 20 22 25 19 17
12 15 8 7 8 0 4 8 8 9 10 14 15 16 18 13 11
14 17 9 7 6 4 0 6 7 8 9 14 15 17 21 15 13
18 22 13 10 9 8 6 0 5 5 7 12 14 16 24 19 17
16 21 14 12 11 8 7 5 0 3 4 9 11 13 21 17 15
17 22 15 13 11 9 8 5 3 0 4 9 11 13 22 18 16
18 23 17 15 13 10 9 7 4 4 0 7 8 11 21 18 16
18 24 20 19 18 14 14 12 9 9 7 0 3 6 19 18 16
19 25 22 21 20 15 15 14 11 11 8 3 0 4 19 18 17
18 25 23 22 22 16 17 16 13 13 11 6 4 0 17 17 16
9 15 22 23 25 18 21 24 21 22 21 19 19 17 0 8 10
3 10 15 17 19 13 15 19 17 18 18 18 18 17 8 0 4
3 10 13 15 17 11 13 17 15 16 16 16 17 16 10 4 0
