15
20
45 51 54 6 77 45 83 92 26 45 90 65 55 21 5 2 45 24 11 37
52 78 6 61 51 88 41 61 61 46 92 69 98 7 89 66 68 26 58 68
51 6 53 37 13 9 18 63 88 66 63 21 86 73 18 12 64 79 63 13
10 84 27 42 50 21 50 57 87 91 16 53 38 60 47 46 37 86 81 60
24 35 21 13 1 30 40 12 64 95 65 63 81 1 43 42 83 65 37 67
84 90 40 4 20 31 79 54 50 31 19 52 93 49 57 13 55 23 10 19
3 55 8 71 87 3 45 22 68 77 86 52 65 68 75 42 81 4 36 14
30 98 63 22 100 90 85 81 74 65 88 65 42 93 13 15 23 65 82 1
88 86 34 36 57 65 22 66 71 39 5 97 43 2 56 34 28 89 37 1
76 24 85 67 56 34 93 91 79 42 48 14 4 41 73 5 88 86 20 44
4 19 73 62 23 17 11 55 67 66 90 85 87 69 6 32 44 100 14 19
35 17 37 56 45 56 63 90 9 97 9 52 58 23 13 23 45 48 23 39
66 31 70 5 66 64 87 86 28 15 76 32 24 83 1 86 29 9 11 58
58 24 48 81 80 34 19 98 70 83 13 33 2 62 21 14 83 56 67 20
90 76 66 56 41 55 28 2 18 76 2 80 99 15 42 33 60 58 7 52
0 2 12 9 8 8 13 15 16 15 12 12 9 7 8 14 8
2 0 12 9 8 8 12 15 15 15 12 11 8 7 8 15 9
12 12 0 6 11 15 17 22 25 25 22 21 18 17 16 23 15
9 9 6 0 6 10 12 17 21 21 17 17 13 14 15 21 14
8 8 11 6 0 5 8 13 17 17 13 13 9 13 14 21 15
8 8 15 10 5 0 7 9 13 13 9 9 6 11 13 19 15
13 12 17 12 8 7 0 8 15 15 11 12 10 16 19 25 20
15 15 22 17 13 9 8 0 10 10 7 8 8 16 19 23 21
16 15 25 21 17 13 15 10 0 2 6 6 9 13 16 18 19
15 15 25 21 17 13 15 10 2 0 6 6 9 12 15 18 18
12 12 22 17 13 9 11 7 6 6 0 2 5 11 14 18 17
12 11 21 17 13 9 12 8 6 6 2 0 5 10 13 17 16
9 8 18 13 9 6 10 8 9 9 5 5 0 9 12 17 14
7 7 17 14 13 11 16 16 13 12 11 10 9 0 5 10 7
8 8 16 15 14 13 19 19 16 15 14 13 12 5 0 8 5
14 15 23 21 21 19 25 23 18 18 18 17 17 10 8 0 9
8 9 15 14 15 15 20 21 19 18 17 16 14 7 5 9 0
