15
14
85 27 46 21 77 17 15 57 65 51 62 32 87 66
4 83 6 93 66 99 12 6 92 52 9 24 33 48
76 77 36 83 15 56 79 92 33 10 42 75 19 30
75 12 46 68 9 94 26 65 12 89 59 37 27 32
93 29 65 56 47 67 4 31 18 60 37 18 68 63
71 78 66 96 80 40 27 83 16 47 18 52 29 35
61 45 87 62 85 61 90 67 83 22 14 9 94 63
11 93 77 76 2 61 11 10 96 40 70 35 39 99
28 75 70 92 10 68 24 83 60 28 46 98 21 55
83 65 18 79 98 90 75 3 33 48 27 11 37 75
28 53 55 40 73 7 39 42 76 62 30 24 95 36
56 65 82 95 23 52 74 23 56 75 45 83 13 25
60 39 14 42 45 22 92 99 54 86 68 31 85 28
45 28 15 74 89 99 60 87 1 50 40 75 89 78
56 46 78 94 45 97 53 96 26 35 24 19 18 24
0 11 13 17 20 22 23 22 25 22 22 20 20 18 16 11 8
11 0 7 7 10 13 14 13 16 14 14 12 11 10 11 7 9
13 7 0 9 10 12 13 14 17 18 18 15 15 14 16 13 14
17 7 9 0 5 7 8 7 11 11 10 8 7 7 11 10 13
20 10 10 5 0 4 5 5 8 11 11 9 8 9 13 13 17
22 13 12 7 4 0 4 6 8 13 13 11 10 11 16 16 19
23 14 13 8 5 4 0 5 6 12 12 10 9 10 15 16 20
22 13 14 7 5 6 5 0 5 8 8 6 6 7 12 14 18
25 16 17 11 8 8 6 5 0 10 10 9 9 10 15 18 21
22 14 18 11 11 13 12 8 10 0 2 5 5 6 8 13 16
22 14 18 10 11 13 12 8 10 2 0 4 5 5 8 12 16
20 12 15 8 9 11 10 6 9 5 4 0 2 3 8 11 15
20 11 15 7 8 10 9 6 9 5 5 2 0 3 8 11 15
18 10 14 7 9 11 10 7 10 6 5 3 3 0 7 9 13
16 11 16 11 13 16 15 12 15 8 8 8 8 7 0 7 10
11 7 13 10 13 16 16 14 18 13 12 11 11 9 7 0 5
8 9 14 13 17 19 20 18 21 16 16 15 15 13 10 5 0
