15
18
52 82 75 11 43 13 44 95 50 97 3 58 55 6 32 4 64 44
90 60 26 15 87 12 67 33 67 64 14 86 20 97 82 95 53 68
85 1 85 82 46 40 78 47 21 41 15 36 49 58 77 50 48 11
51 7 56 50 8 82 41 89 36 86 40 56 59 20 77 53 7 2
62 42 45 81 73 56 68 73 71 35 66 91 70 61 81 63 6 90
93 52 44 38 4 52 97 77 4 33 68 15 9 17 60 91 18 28
16 28 23 39 32 52 28 24 86 26 3 19 55 96 12 14 51 88
77 18 51 79 37 35 43 18 98 23 32 22 62 25 70 81 65 75
99 26 97 65 84 3 65 31 60 61 36 46 88 29 28 43 72 39
69 56 2 64 2 26 23 58 78 40 8 40 88 25 43 55 46 61
98 48 94 2 80 70 27 28 9 96 98 99 35 69 47 71 83 40
84 20 41 40 62 29 90 18 20 1 10 24 24 76 81 59 50 67
79 57 31 19 69 31 72 5 62 53 1 35 23 53 79 99 70 72
13 62 43 34 89 39 34 49 88 33 36 22 33 70 74 31 8 61
30 10 16 10 80 82 97 41 2 28 75 29 2 64 64 12 91 94
0 12 11 12 12 14 17 19 20 18 21 21 22 23 16 13 9
12 0 7 8 12 15 15 14 16 18 23 22 24 25 20 21 16
11 7 0 3 7 10 11 11 12 13 18 17 19 20 15 16 12
12 8 3 0 6 9 9 9 10 12 16 16 18 19 14 16 11
12 12 7 6 0 4 6 9 9 8 12 12 14 15 9 12 8
14 15 10 9 4 0 5 10 9 6 9 9 11 12 7 10 8
17 15 11 9 6 5 0 6 5 4 9 9 12 13 9 14 12
19 14 11 9 9 10 6 0 4 9 13 13 16 17 14 19 16
20 16 12 10 9 9 5 4 0 7 11 11 14 14 12 18 15
18 18 13 12 8 6 4 9 7 0 6 6 9 10 8 13 12
21 23 18 16 12 9 9 13 11 6 0 2 4 5 7 13 14
21 22 17 16 12 9 9 13 11 6 2 0 4 5 6 12 13
22 24 19 18 14 11 12 16 14 9 4 4 0 3 7 12 14
23 25 20 19 15 12 13 17 14 10 5 5 3 0 8 13 15
16 20 15 14 9 7 9 14 12 8 7 6 7 8 0 8 9
13 21 16 16 12 10 14 19 18 13 13 12 12 13 8 0 6
9 16 12 11 8 8 12 16 15 12 14 13 14 15 9 6 0
