12
10
4 17 11 13 6 19 12 17 16 18
7 14 16 1 9 4 11 2 8 2
14 14 17 12 15 10 10 10 7 1
20 10 6 15 3 7 5 5 14 15
10 1 13 19 10 12 1 18 1 19
7 2 20 15 18 13 6 17 18 10
20 4 20 4 13 1 18 10 10 5
4 2 17 6 6 8 16 4 1 1
4 15 1 18 7 17 2 3 6 15
4 6 19 20 6 10 17 14 13 14
11 10 5 10 16 2 10 18 20 17
7 16 14 12 15 8 3 9 6 18
0 5 6 6 8 7 10 8 6 8 6 6 4 4
5 0 4 5 5 4 7 5 4 6 7 6 4 6
6 4 0 4 4 3 8 5 5 8 9 8 6 7
6 5 4 0 5 6 10 8 8 10 10 10 7 8
8 5 4 5 0 2 6 5 6 9 10 9 7 9
7 4 3 6 2 0 6 4 5 8 9 8 7 8
10 7 8 10 6 6 0 4 6 7 9 9 9 10
8 5 5 8 5 4 4 0 4 6 7 7 6 8
6 4 5 8 6 5 6 4 0 4 5 5 4 6
8 6 8 10 9 8 7 6 4 0 4 4 5 6
6 7 9 10 10 9 9 7 5 4 0 2 4 5
6 6 8 10 9 8 9 7 5 4 2 0 4 4
4 4 6 7 7 7 9 6 4 5 4 4 0 3
4 6 7 8 9 8 10 8 6 6 5 4 3 0
