12
10
20 3 19 5 12 13 9 14 15 18
14 14 12 5 4 6 14 4 19 7
18 4 18 5 12 15 9 3 7 7
13 15 6 15 8 16 7 3 11 14
18 18 13 9 14 16 18 6 14 17
16 10 20 12 14 20 18 9 5 11
11 14 16 9 18 4 11 16 6 13
11 3 3 7 11 4 3 13 4 19
4 14 6 19 12 12 3 6 11 18
2 17 18 1 5 12 4 7 14 3
13 15 18 5 13 14 13 17 16 14
6 1 12 3 12 18 19 7 7 3
0 4 4 4 5 6 8 10 10 9 7 6 7 4
4 0 2 2 3 4 6 8 9 8 6 5 7 5
4 2 0 2 3 4 6 8 9 8 6 5 7 5
4 2 2 0 3 4 6 8 9 7 6 5 6 4
5 3 3 3 0 4 5 6 7 6 4 3 5 5
6 4 4 4 4 0 5 7 9 8 6 6 8 7
8 6 6 6 5 5 0 4 6 6 4 5 7 8
10 8 8 8 6 7 4 0 4 5 4 5 7 9
10 9 9 9 7 9 6 4 0 4 5 6 6 9
9 8 8 7 6 8 6 5 4 0 3 4 4 7
7 6 6 6 4 6 4 4 5 3 0 2 4 6
6 5 5 5 3 6 5 5 6 4 2 0 4 5
7 7 7 6 5 8 7 7 6 4 4 4 0 4
4 5 5 4 5 7 8 9 9 7 6 5 4 0
