12
10
6 20 14 14 1 11 2 16 19 12
10 7 6 1 16 4 7 13 4 1
6 9 19 7 16 20 17 6 11 15
9 7 17 6 8 15 18 2 9 15
9 6 10 20 1 19 4 16 3 8
19 1 14 12 11 16 17 13 11 9
14 7 20 17 10 15 12 4 18 1
20 11 13 12 11 5 20 13 17 10
7 9 2 1 7 15 13 7 3 6
3 15 11 5 15 18 4 16 4 6
13 12 4 15 7 6 1 18 5 20
16 19 11 2 17 14 8 13 8 2
0 2 4 6 8 6 10 8 7 7 7 5 4 2
2 0 4 6 7 6 10 8 7 7 7 6 4 3
4 4 0 4 5 3 8 7 6 6 7 7 5 5
6 6 4 0 3 3 8 8 7 7 9 9 7 7
8 7 5 3 0 5 9 10 9 9 10 10 8 9
6 6 3 3 5 0 7 7 6 6 7 8 6 7
10 10 8 8 9 7 0 4 5 5 7 9 8 10
8 8 7 8 10 7 4 0 3 3 4 6 6 8
7 7 6 7 9 6 5 3 0 2 4 5 4 7
7 7 6 7 9 6 5 3 2 0 3 5 4 7
7 7 7 9 10 7 7 4 4 3 0 4 4 6
5 6 7 9 10 8 9 6 5 5 4 0 4 5
4 4 5 7 8 6 8 6 4 4 4 4 0 4
2 3 5 7 9 7 10 8 7 7 6 5 4 0
