12
20
13 20 2 19 2 10 18 5 5 2 10 6 17 11 5 3 14 10 13 3
10 2 6 2 15 10 2 9 7 11 11 19 17 15 10 1 18 17 20 19
6 9 18 2 4 7 19 19 18 2 2 3 9 8 20 16 7 19 12 7
10 8 9 8 20 4 18 9 20 9 5 8 1 2 7 12 19 9 6 1
5 10 20 16 19 15 13 3 18 14 2 4 6 13 8 12 3 17 4 10
11 13 7 9 3 12 16 16 17 1 2 1 19 1 1 13 11 4 11 10
6 19 7 18 7 7 6 20 5 3 13 7 2 8 16 20 16 2 11 8
20 19 17 17 9 13 20 18 15 16 9 2 17 13 19 11 15 16 10 20
11 3 17 2 18 5 4 14 14 19 19 12 20 3 3 3 8 4 8 6
11 7 5 9 3 14 9 11 17 11 9 15 14 11 8 15 2 16 4 10
17 15 6 7 7 6 4 8 3 13 6 9 18 11 3 13 18 9 13 14
12 20 18 2 3 7 9 3 15 2 5 7 1 5 18 1 5 6 8 13
0 3 6 7 7 9 9 9 9 10 9 8 5 2
3 0 6 7 7 8 8 9 10 10 10 9 6 4
6 6 0 3 3 4 5 5 7 8 7 8 8 7
7 7 3 0 2 4 5 4 5 6 6 7 7 7
7 7 3 2 0 3 4 3 6 6 6 8 8 8
9 8 4 4 3 0 2 3 7 7 8 10 10 9
9 8 5 5 4 2 0 4 7 8 8 10 10 10
9 9 5 4 3 3 4 0 5 6 6 9 9 9
9 10 7 5 6 7 7 5 0 2 2 6 8 10
10 10 8 6 6 7 8 6 2 0 3 6 9 10
9 10 7 6 6 8 8 6 2 3 0 5 8 10
8 9 8 7 8 10 10 9 6 6 5 0 5 8
5 6 8 7 8 10 10 9 8 9 8 5 0 5
2 4 7 7 8 9 10 9 10 10 10 8 5 0
