12
10
17 7 18 6 8 19 16 2 16 16
2 15 2 16 20 3 20 16 1 1
9 17 9 13 16 7 12 15 18 9
14 5 15 2 16 6 8 13 9 18
14 2 1 9 18 16 20 8 15 19
2 9 17 3 17 12 8 17 11 7
5 13 18 7 2 20 16 18 18 1
6 8 12 18 3 18 2 16 7 9
8 15 14 12 18 8 16 5 8 1
4 7 13 15 8 9 13 2 12 20
20 20 12 5 19 5 11 6 3 1
16 1 14 3 13 16 2 14 19 12
0 2 4 5 5 5 7 8 7 7 7 7 7 5
2 0 3 5 5 5 6 8 7 7 8 7 8 5
4 3 0 3 3 3 5 7 7 7 7 7 8 5
5 5 3 0 2 2 3 7 6 7 7 8 9 6
5 5 3 2 0 2 3 6 6 6 7 7 9 6
5 5 3 2 2 0 3 6 6 6 7 7 9 6
7 6 5 3 3 3 0 6 7 7 8 9 10 7
8 8 7 7 6 6 6 0 3 4 4 6 8 6
7 7 7 6 6 6 7 3 0 2 2 4 7 5
7 7 7 7 6 6 7 4 2 0 2 4 6 4
7 8 7 7 7 7 8 4 2 2 0 3 6 4
7 7 7 8 7 7 9 6 4 4 3 0 4 4
7 8 8 9 9 9 10 8 7 6 6 4 0 5
5 5 5 6 6 6 7 6 5 4 4 4 5 0
