12
30
20 1 10 18 5 7 11 9 15 16 9 1 4 20 9 16 3 10 2 9 8 9 19 1 5 12 17 9 3 17
8 10 4 3 14 7 2 2 18 5 1 10 15 9 8 18 17 6 4 18 6 4 5 17 13 12 6 17 10 5
16 6 1 4 19 16 3 5 1 13 3 11 7 1 9 19 14 8 16 2 5 14 6 9 10 1 12 10 9 14
20 18 19 12 8 5 18 3 2 13 13 12 7 20 6 14 5 17 6 20 2 2 19 11 3 4 6 8 15 9
18 4 1 3 3 4 5 18 8 13 19 2 20 10 18 3 2 15 14 18 5 20 14 20 13 8 12 12 17 17
1 7 13 12 5 10 15 15 12 5 8 2 20 4 16 8 19 5 12 14 2 9 20 3 10 7 16 7 11 11
15 13 8 2 4 17 4 17 18 16 4 20 3 10 1 19 8 16 4 20 11 9 11 1 10 12 17 10 2 10
16 18 13 12 8 16 19 6 20 4 7 2 10 15 4 15 6 1 17 19 5 18 11 14 9 17 8 11 2 6
15 1 15 13 16 20 8 6 15 16 4 20 12 6 14 19 15 8 9 19 3 11 12 8 3 17 6 6 19 18
5 1 13 5 12 14 1 20 14 13 1 9 17 14 4 4 4 18 2 3 6 9 5 6 14 15 9 11 15 5
7 14 16 9 7 9 18 17 12 3 17 17 10 13 18 14 6 17 17 8 13 2 4 14 6 10 1 13 15 11
5 10 15 9 19 6 3 7 10 1 19 10 7 13 7 7 2 1 8 8 7 2 8 5 7 16 13 19 8 12
0 5 4 5 9 7 5 4 3 4 6 8 5 5
5 0 3 4 7 7 5 5 5 6 8 10 8 8
4 3 0 3 6 6 3 4 4 5 6 8 7 7
5 4 3 0 5 4 3 4 5 5 5 7 7 8
9 7 6 5 0 4 5 6 7 7 6 8 9 10
7 7 6 4 4 0 4 4 5 5 4 6 7 8
5 5 3 3 5 4 0 2 3 4 4 6 6 7
4 5 4 4 6 4 2 0 3 3 4 6 5 6
3 5 4 5 7 5 3 3 0 3 4 6 4 5
4 6 5 5 7 5 4 3 3 0 3 5 4 5
6 8 6 5 6 4 4 4 4 3 0 4 4 6
8 10 8 7 8 6 6 6 6 5 4 0 5 7
5 8 7 7 9 7 6 5 4 4 4 5 0 4
5 8 7 8 10 8 7 6 5 5 6 7 4 0
