12
10
4 17 12 13 6 8 18 7 7 18
17 16 20 7 20 13 4 4 14 17
12 12 11 19 6 13 18 9 15 1
1 7 11 7 5 14 15 20 1 14
11 10 14 5 14 14 3 18 1 18
8 2 1 8 15 14 15 3 5 13
12 18 4 2 5 6 18 18 2 5
19 1 7 7 7 16 18 8 3 7
2 17 18 10 12 19 5 5 13 2
8 10 18 2 13 10 2 13 2 17
9 8 13 3 11 17 1 16 20 16
16 9 12 11 1 9 3 8 5 9
0 4 6 7 7 4 3 4 6 6 5 5 5 2
4 0 5 7 7 6 5 6 9 9 7 6 6 5
6 5 0 3 3 4 5 6 8 9 9 9 9 6
7 7 3 0 2 5 6 7 9 9 10 10 10 8
7 7 3 2 0 4 6 7 8 9 10 10 10 7
4 6 4 5 4 0 3 4 5 6 7 8 8 5
3 5 5 6 6 3 0 2 5 5 6 6 7 3
4 6 6 7 7 4 2 0 4 4 6 7 7 4
6 9 8 9 8 5 5 4 0 3 6 8 8 6
6 9 9 9 9 6 5 4 3 0 5 7 8 5
5 7 9 10 10 7 6 6 6 5 0 4 4 5
5 6 9 10 10 8 6 7 8 7 4 0 2 5
5 6 9 10 10 8 7 7 8 8 4 2 0 5
2 5 6 8 7 5 3 4 6 5 5 5 5 0
