12
10
1 2 8 4 13 11 19 16 4 1
1 10 20 12 11 16 10 9 11 18
14 16 1 6 15 8 14 1 2 10
13 15 11 9 18 11 14 12 2 13
9 4 15 13 3 15 4 14 2 6
18 12 11 17 10 12 17 5 19 1
15 11 2 7 5 9 3 19 10 15
5 17 16 14 1 9 18 16 9 20
15 6 6 8 10 7 3 3 6 1
11 7 13 15 8 1 19 9 14 3
9 1 7 4 9 18 17 7 6 18
13 10 2 1 13 9 17 17 1 12
0 2 3 5 7 8 7 7 5 9 10 7 2 2
2 0 2 4 6 8 6 6 4 8 9 7 3 2
3 2 0 3 5 7 5 5 4 8 9 7 4 3
5 4 3 0 3 5 4 4 4 8 9 9 5 5
7 6 5 3 0 5 4 4 5 9 10 10 7 7
8 8 7 5 5 0 3 4 5 7 8 10 9 9
7 6 5 4 4 3 0 2 3 6 7 9 7 7
7 6 5 4 4 4 2 0 3 6 7 9 7 7
5 4 4 4 5 5 3 3 0 6 7 7 6 5
9 8 8 8 9 7 6 6 6 0 2 7 9 9
10 9 9 9 10 8 7 7 7 2 0 7 10 10
7 7 7 9 10 10 9 9 7 7 7 0 7 7
2 3 4 5 7 9 7 7 6 9 10 7 0 2
2 2 3 5 7 9 7 7 5 9 10 7 2 0
