12
20
1 5 13 11 19 8 7 19 10 14 15 11 19 10 14 4 19 4 1 6
12 9 9 12 1 1 20 13 2 15 2 2 17 4 6 12 12 2 8 13
4 11 17 12 1 17 18 11 11 13 3 6 14 16 8 12 17 11 9 4
11 10 4 16 1 1 14 12 1 2 13 14 11 4 5 15 2 8 12 14
14 11 7 18 19 16 2 10 19 20 6 18 10 2 4 6 1 19 8 17
16 18 11 18 10 13 6 11 2 8 19 3 17 18 3 16 14 15 11 13
10 14 1 10 20 3 4 5 5 13 7 7 1 7 18 2 19 3 19 12
3 11 6 7 10 19 19 15 14 14 14 6 3 3 20 11 19 9 13 17
12 16 16 6 18 6 12 3 18 11 19 14 3 20 3 15 8 17 9 19
6 15 20 16 19 1 20 16 12 3 17 7 3 14 8 6 7 12 10 5
18 15 20 16 11 2 1 19 1 14 5 18 4 2 4 9 17 4 17 3
12 4 18 4 3 7 4 4 11 13 11 3 15 11 11 11 4 15 5 9
0 4 4 3 7 7 7 8 8 5 5 5 4 2
4 0 2 4 8 8 9 10 10 8 7 7 6 5
4 2 0 3 7 7 8 9 10 7 7 7 6 5
3 4 3 0 6 6 6 7 8 6 5 6 5 4
7 8 7 6 0 2 5 7 8 7 7 9 8 7
7 8 7 6 2 0 4 6 7 6 6 9 8 7
7 9 8 6 5 4 0 4 4 5 4 7 7 6
8 10 9 7 7 6 4 0 2 4 4 7 7 7
8 10 10 8 8 7 4 2 0 5 5 7 7 7
5 8 7 6 7 6 5 4 5 0 2 4 4 4
5 7 7 5 7 6 4 4 5 2 0 5 4 4
5 7 7 6 9 9 7 7 7 4 5 0 3 4
4 6 6 5 8 8 7 7 7 4 4 3 0 3
2 5 5 4 7 7 6 7 7 4 4 4 3 0
