12
20
12 3 14 3 3 5 6 4 18 18 19 19 2 3 6 10 10 14 1 14
10 9 5 8 14 4 8 14 1 6 18 19 19 3 7 12 4 4 12 16
20 19 9 13 11 15 9 9 6 13 5 5 16 18 2 19 14 10 9 4
1 6 11 6 13 17 9 20 11 13 10 19 1 10 8 13 11 14 7 18
6 9 7 14 19 2 5 18 9 12 2 8 5 4 18 12 20 5 9 2
13 16 18 6 2 16 16 2 14 19 7 13 8 14 17 13 8 18 10 5
11 18 6 8 13 11 4 8 11 20 3 16 3 4 2 15 3 2 14 20
1 17 3 12 20 2 14 1 13 12 14 2 3 6 7 11 13 6 3 4
15 2 11 17 17 6 19 4 4 14 3 7 3 2 20 17 11 3 10 17
10 8 13 20 16 2 16 9 12 12 17 18 1 4 20 16 15 9 17 18
19 19 20 2 9 20 9 3 13 1 9 15 10 16 12 17 13 17 2 5
7 19 17 13 19 10 16 2 15 1 18 1 9 3 10 1 7 13 5 10
0 3 3 7 8 9 9 9 8 8 8 6 6 5
3 0 3 7 9 10 10 10 9 9 9 8 7 7
3 3 0 5 7 9 9 8 7 7 8 8 7 6
7 7 5 0 6 8 8 7 7 7 8 10 9 9
8 9 7 6 0 4 4 3 3 3 4 8 7 7
9 10 9 8 4 0 2 2 3 3 3 8 8 7
9 10 9 8 4 2 0 2 3 3 3 8 8 7
9 10 8 7 3 2 2 0 2 3 3 7 7 7
8 9 7 7 3 3 3 2 0 2 2 7 7 6
8 9 7 7 3 3 3 3 2 0 2 7 6 6
8 9 8 8 4 3 3 3 2 2 0 6 6 6
6 8 8 10 8 8 8 7 7 7 6 0 3 3
6 7 7 9 7 8 8 7 7 6 6 3 0 2
5 7 6 9 7 7 7 7 6 6 6 3 2 0
