12
30
5 10 5 11 7 18 19 11 10 7 14 1 4 2 19 18 16 6 8 15 18 4 20 8 2 12 5 3 19 9
8 6 17 9 18 9 13 1 3 14 1 15 3 15 20 10 17 5 12 2 20 1 15 19 7 16 3 16 16 17
1 17 14 10 9 10 6 13 5 13 19 16 16 8 15 13 10 12 17 16 12 8 18 15 1 14 1 5 11 7
5 13 20 11 14 15 3 16 7 18 6 14 12 11 8 14 9 5 6 11 1 5 18 17 20 20 19 10 8 7
20 5 11 14 12 9 2 15 19 9 16 1 20 5 4 11 12 8 7 9 1 10 15 7 5 11 18 5 11 20
20 13 6 15 19 14 2 20 20 11 7 2 8 17 19 12 20 16 10 8 10 12 9 10 16 1 15 12 5 10
10 15 4 1 19 15 5 5 16 20 12 7 15 5 11 4 3 12 11 2 19 10 12 4 15 13 2 14 12 11
10 20 4 12 19 6 13 12 9 16 11 3 10 4 6 18 4 11 4 19 4 1 4 13 10 8 6 16 4 10
3 8 19 9 19 14 11 17 10 14 1 17 3 18 17 16 12 5 18 18 5 19 12 8 19 10 1 10 6 19
10 1 11 4 20 17 17 6 13 17 5 18 3 3 16 18 18 8 20 4 3 7 10 19 7 18 18 12 9 18
10 16 16 20 1 3 7 19 13 2 20 17 19 8 5 8 5 1 4 17 11 17 12 4 16 9 14 10 10 19
7 12 6 12 12 7 18 1 15 9 4 7 7 7 18 1 3 11 20 14 4 14 16 17 15 9 17 19 16 17
0 2 4 4 4 7 7 6 8 5 5 6 6 4
2 0 4 4 4 7 6 5 7 5 5 6 6 4
4 4 0 4 4 5 5 5 8 7 7 9 9 5
4 4 4 0 2 5 4 3 6 5 5 7 8 6
4 4 4 2 0 5 4 3 5 4 5 7 7 6
7 7 5 5 5 0 2 4 6 8 8 10 10 9
7 6 5 4 4 2 0 3 5 7 7 9 10 9
6 5 5 3 3 4 3 0 4 5 6 8 8 8
8 7 8 6 5 6 5 4 0 6 6 8 9 10
5 5 7 5 4 8 7 5 6 0 2 4 4 7
5 5 7 5 5 8 7 6 6 2 0 3 4 7
6 6 9 7 7 10 9 8 8 4 3 0 2 7
6 6 9 8 7 10 10 8 9 4 4 2 0 7
4 4 5 6 6 9 9 8 10 7 7 7 7 0
