12
30
18 1 11 9 4 6 14 20 19 17 8 1 5 11 10 6 13 4 2 20 18 11 16 7 6 18 13 5 17 15
9 17 16 4 6 4 11 18 17 13 2 12 10 17 20 11 4 13 10 19 14 15 9 12 17 19 8 15 12 4
5 3 11 10 3 8 4 18 16 8 10 20 5 18 18 13 11 5 18 17 16 10 5 6 17 11 17 5 1 13
18 10 5 13 17 10 5 12 2 19 17 4 4 18 19 20 12 15 4 3 10 17 8 15 5 6 10 3 18 15
1 14 18 18 15 19 18 10 20 18 15 15 14 8 8 2 19 17 20 5 17 15 4 6 13 8 5 12 15 19
5 17 10 1 16 17 12 9 7 20 7 15 19 4 6 13 19 20 1 9 7 10 9 15 17 4 4 7 19 17
16 1 20 2 9 16 18 8 11 12 5 12 15 2 9 9 9 13 15 8 12 1 19 5 9 13 14 4 9 19
14 15 20 17 18 12 17 4 12 15 19 9 11 6 16 1 5 2 6 18 16 5 2 3 13 2 14 8 6 18
9 18 18 14 13 3 20 14 5 9 18 20 5 1 5 5 5 4 17 6 9 2 4 11 10 6 13 14 17 15
10 15 5 11 4 1 1 15 7 7 7 12 4 19 11 8 10 4 18 1 20 10 14 12 5 14 7 4 20 9
6 11 8 3 3 9 11 16 12 11 5 3 3 19 10 17 9 10 1 2 19 3 7 1 12 16 8 18 18 15
11 15 1 3 7 16 16 6 1 13 7 5 14 10 8 19 13 18 13 14 8 17 17 20 19 14 19 1 4 1
0 2 4 6 6 8 6 9 6 6 6 6 3 2
2 0 4 5 6 7 6 9 6 6 6 6 4 2
4 4 0 5 5 7 5 6 4 5 5 5 4 4
6 5 5 0 2 4 2 7 8 8 8 8 7 6
6 6 5 2 0 3 2 7 8 8 8 9 7 6
8 7 7 4 3 0 3 8 10 10 10 10 9 8
6 6 5 2 2 3 0 7 8 8 9 9 7 7
9 9 6 7 7 8 7 0 6 6 7 8 8 9
6 6 4 8 8 10 8 6 0 2 2 3 4 6
6 6 5 8 8 10 8 6 2 0 2 3 4 6
6 6 5 8 8 10 9 7 2 2 0 3 4 6
6 6 5 8 9 10 9 8 3 3 3 0 4 5
3 4 4 7 7 9 7 8 4 4 4 4 0 3
2 2 4 6 6 8 7 9 6 6 6 5 3 0
