12
20
4 8 10 10 2 1 16 8 15 15 15 3 1 4 14 3 16 17 7 12
8 17 11 15 15 7 8 3 9 13 1 7 17 13 17 3 10 11 5 6
6 20 17 6 12 20 7 6 20 17 7 12 18 20 18 17 3 3 7 11
12 9 1 9 1 17 6 12 13 10 15 14 16 2 10 10 10 13 17 6
16 14 17 12 11 4 5 4 17 19 1 15 8 7 8 7 6 13 16 8
3 4 1 4 9 3 6 1 10 16 14 12 18 6 20 17 6 16 7 13
4 11 13 16 11 18 15 11 18 2 18 17 13 16 2 18 8 17 18 18
1 19 3 15 19 20 2 6 2 17 8 20 1 17 20 9 2 17 14 8
3 4 18 1 9 2 14 5 8 12 15 16 9 4 20 5 13 10 2 10
11 14 7 3 19 18 18 15 9 12 17 7 1 12 11 11 15 7 1 12
2 12 19 5 4 20 8 13 7 20 20 8 13 15 7 11 13 11 15 14
8 10 13 14 14 17 6 17 16 20 14 17 4 16 11 11 16 18 10 9
0 2 3 3 5 4 7 6 5 7 7 6 5 4
2 0 3 2 4 4 7 6 6 7 8 7 6 5
3 3 0 3 5 6 9 8 7 8 9 7 7 5
3 2 3 0 4 4 7 6 6 8 9 7 7 6
5 4 5 4 0 4 6 6 7 9 10 9 8 8
4 4 6 4 4 0 4 3 4 6 8 6 6 7
7 7 9 7 6 4 0 3 5 7 9 7 7 9
6 6 8 6 6 3 3 0 3 6 8 6 6 8
5 6 7 6 7 4 5 3 0 4 6 4 4 6
7 7 8 8 9 6 7 6 4 0 3 2 3 6
7 8 9 9 10 8 9 8 6 3 0 3 4 6
6 7 7 7 9 6 7 6 4 2 3 0 2 5
5 6 7 7 8 6 7 6 4 3 4 2 0 5
4 5 5 6 8 7 9 8 6 6 6 5 5 0
