12
20
11 17 2 11 4 10 14 11 10 16 2 5 2 15 12 20 5 5 5 2
9 11 13 11 18 3 17 4 16 11 12 12 11 1 2 1 4 10 18 14
1 18 4 2 12 12 14 3 2 3 15 12 20 12 6 11 4 13 13 15
1 1 8 18 4 10 1 17 15 6 6 6 3 9 20 19 14 13 20 11
18 8 14 8 8 14 18 6 7 5 1 12 5 3 8 2 16 4 14 20
18 2 3 3 14 20 18 14 12 7 15 9 20 10 3 20 19 12 3 2
2 8 13 19 7 11 17 6 13 15 10 12 19 7 8 10 7 9 18 8
11 10 7 8 5 2 17 1 13 16 12 6 15 4 20 1 18 19 12 12
15 1 10 3 19 10 10 11 19 2 13 16 7 11 9 7 3 18 8 16
11 11 20 12 8 13 3 20 3 9 12 15 4 13 12 11 11 9 6 9
16 15 11 8 5 3 9 3 7 6 7 9 7 15 10 1 7 20 10 4
10 15 18 10 4 12 13 11 8 6 15 10 15 19 3 14 11 4 1 7
0 3 4 5 7 8 7 10 10 9 8 4 3 2
3 0 3 4 6 6 6 9 9 8 8 5 3 3
4 3 0 3 5 5 5 8 9 8 8 6 4 5
5 4 3 0 4 5 5 7 8 8 8 7 5 6
7 6 5 4 0 2 3 5 6 6 7 8 6 8
8 6 5 5 2 0 2 4 5 5 7 9 7 8
7 6 5 5 3 2 0 4 5 4 6 8 6 8
10 9 8 7 5 4 4 0 3 3 7 10 9 10
10 9 9 8 6 5 5 3 0 3 6 10 9 10
9 8 8 8 6 5 4 3 3 0 5 9 8 9
8 8 8 8 7 7 6 7 6 5 0 6 7 8
4 5 6 7 8 9 8 10 10 9 6 0 3 3
3 3 4 5 6 7 6 9 9 8 7 3 0 3
2 3 5 6 8 8 8 10 10 9 8 3 3 0
