12
10
4 18 15 8 11 16 10 6 3 15
8 18 8 9 16 8 6 17 17 13
15 4 4 6 4 9 9 13 3 1
19 18 14 17 9 19 12 4 1 6
7 4 20 15 18 20 12 17 5 7
12 20 19 18 2 10 6 13 6 18
14 9 8 13 9 14 2 12 20 20
19 10 17 13 16 19 9 14 4 16
9 15 14 18 9 5 18 13 1 20
5 11 4 16 12 8 3 10 2 2
6 8 14 4 11 2 13 8 20 6
2 7 1 20 3 1 9 13 8 16
0 4 3 4 4 5 7 9 9 8 7 4 5 5
4 0 2 4 4 4 7 8 8 8 9 6 7 7
3 2 0 3 3 3 6 7 7 7 8 5 6 7
4 4 3 0 2 3 5 6 6 6 6 4 6 6
4 4 3 2 0 2 4 6 6 6 7 5 7 7
5 4 3 3 2 0 4 6 6 6 7 5 7 8
7 7 6 5 4 4 0 4 3 3 6 6 7 8
9 8 7 6 6 6 4 0 2 4 7 8 9 10
9 8 7 6 6 6 3 2 0 4 7 7 9 10
8 8 7 6 6 6 3 4 4 0 5 6 7 8
7 9 8 6 7 7 6 7 7 5 0 5 5 6
4 6 5 4 5 5 6 8 7 6 5 0 3 4
5 7 6 6 7 7 7 9 9 7 5 3 0 3
5 7 7 6 7 8 8 10 10 8 6 4 3 0
