12
10
17 18 17 17 5 13 16 2 20 4
2 13 16 12 14 12 2 3 8 10
1 17 18 12 1 10 9 12 8 1
12 20 8 6 17 11 16 20 8 15
13 15 14 17 16 12 2 5 3 8
16 7 13 10 12 6 1 6 10 3
1 9 3 13 12 19 1 18 2 5
18 4 19 2 13 18 16 4 7 14
11 7 12 9 8 5 19 3 14 20
15 9 9 13 12 19 20 12 17 4
11 15 3 9 7 19 7 20 16 12
3 1 3 9 18 2 18 6 1 12
0 2 5 5 7 8 8 6 6 5 6 6 5 3
2 0 4 5 7 8 8 7 7 5 6 6 5 4
5 4 0 4 8 10 10 9 9 8 9 8 8 6
5 5 4 0 6 9 9 7 8 8 9 9 9 7
7 7 8 6 0 5 5 4 6 9 9 9 10 9
8 8 10 9 5 0 2 3 4 8 8 8 9 9
8 8 10 9 5 2 0 3 4 8 8 8 9 9
6 7 9 7 4 3 3 0 3 7 7 7 8 7
6 7 9 8 6 4 4 3 0 5 6 6 7 6
5 5 8 8 9 8 8 7 5 0 2 2 3 3
6 6 9 9 9 8 8 7 6 2 0 2 3 4
6 6 8 9 9 8 8 7 6 2 2 0 3 4
5 5 8 9 10 9 9 8 7 3 3 3 0 3
3 4 6 7 9 9 9 7 6 3 4 4 3 0
