12
30
14 11 20 13 9 5 15 15 1 1 17 9 18 20 11 18 5 14 19 11 5 4 10 8 5 7 11 6 7 6
10 20 2 15 7 13 5 3 8 14 15 13 2 19 2 8 7 11 7 18 14 13 7 2 19 2 7 13 11 11
9 18 19 7 11 14 2 8 10 12 11 8 6 13 15 4 14 4 8 14 20 5 4 11 14 12 19 18 18 18
14 9 17 8 9 10 6 6 9 7 6 13 15 17 17 9 10 18 5 5 15 14 4 5 1 1 17 18 19 5
12 20 4 6 8 9 6 7 1 14 16 6 2 20 3 19 9 9 4 19 5 12 15 16 7 6 19 9 4 2
4 18 14 15 14 16 20 17 7 10 19 6 4 10 14 2 4 14 1 17 7 14 5 1 3 6 1 9 17 18
13 11 6 16 8 7 1 10 18 6 2 2 9 9 4 7 8 3 5 2 5 3 11 4 5 2 5 13 3 14
15 9 10 9 17 6 8 19 2 11 7 2 16 19 1 17 1 8 12 13 5 12 13 14 16 1 9 6 20 3
4 14 8 3 10 11 20 7 4 18 12 20 19 20 20 8 2 18 20 16 13 13 12 7 7 3 12 16 5 19
13 12 16 10 19 6 10 12 13 12 10 4 12 13 9 16 6 6 20 13 20 8 11 13 3 18 10 19 9 12
6 3 12 17 9 4 20 10 11 17 3 10 9 8 18 16 8 15 1 12 2 18 3 10 5 12 17 17 19 11
19 7 5 20 17 4 7 1 14 16 11 8 14 13 5 9 17 7 14 5 10 11 5 4 6 9 18 1 13 12
0 2 3 6 8 8 6 7 6 5 4 3 2 3
2 0 2 5 8 8 7 7 6 6 4 4 3 4
3 2 0 5 9 9 8 8 7 6 4 4 4 5
6 5 5 0 8 9 10 10 10 9 8 7 7 7
8 8 9 8 0 3 8 9 9 9 10 9 8 6
8 8 9 9 3 0 7 7 8 8 9 9 8 6
6 7 8 10 8 7 0 2 3 4 6 6 6 5
7 7 8 10 9 7 2 0 3 4 6 6 6 5
6 6 7 10 9 8 3 3 0 2 5 5 5 5
5 6 6 9 9 8 4 4 2 0 4 4 4 4
4 4 4 8 10 9 6 6 5 4 0 2 3 5
3 4 4 7 9 9 6 6 5 4 2 0 3 4
2 3 4 7 8 8 6 6 5 4 3 3 0 3
3 4 5 7 6 6 5 5 5 4 5 4 3 0
