12
10
5 3 1 20 9 4 19 17 15 8
20 2 5 4 1 1 5 7 4 6
14 17 16 4 9 11 1 8 2 1
13 20 9 17 18 19 13 14 10 20
3 1 12 8 8 12 2 14 8 6
2 8 14 14 13 7 13 10 13 11
11 16 18 1 18 15 10 10 9 3
4 14 16 6 9 12 10 16 7 3
2 15 12 20 20 10 3 14 3 18
17 8 3 20 16 14 10 18 14 3
7 2 9 8 17 4 13 4 11 1
19 7 14 5 8 11 4 2 8 10
0 3 4 3 7 6 8 8 9 9 8 7 7 3
3 0 3 3 6 6 7 7 8 8 7 6 6 3
4 3 0 3 5 4 6 6 7 7 7 6 7 4
3 3 3 0 5 5 8 8 9 9 8 8 8 5
7 6 5 5 0 3 6 7 8 8 8 10 10 8
6 6 4 5 3 0 5 5 6 7 7 8 9 7
8 7 6 8 6 5 0 2 3 4 4 7 9 8
8 7 6 8 7 5 2 0 3 3 3 6 8 7
9 8 7 9 8 6 3 3 0 3 3 7 9 8
9 8 7 9 8 7 4 3 3 0 2 6 8 8
8 7 7 8 8 7 4 3 3 2 0 5 7 7
7 6 6 8 10 8 7 6 7 6 5 0 3 5
7 6 7 8 10 9 9 8 9 8 7 3 0 5
3 3 4 5 8 7 8 7 8 8 7 5 5 0
