12
10
3 6 11 12 7 8 16 13 3 5
3 17 2 19 18 3 17 12 10 13
2 11 7 13 3 15 16 19 10 19
18 4 17 5 11 7 1 13 19 7
13 18 16 13 19 16 11 8 9 6
9 6 7 12 3 15 4 2 20 8
7 18 11 9 18 11 13 7 13 15
10 9 17 5 15 13 11 9 6 8
2 14 19 9 17 14 18 12 10 15
17 4 20 8 13 10 20 16 5 6
13 16 15 15 1 11 14 19 1 20
10 10 8 17 17 1 16 2 14 6
0 6 5 7 8 5 4 2 2 3 5 5 4 3
6 0 6 8 9 7 6 6 7 7 9 9 8 7
5 6 0 4 5 2 3 5 5 5 6 6 8 6
7 8 4 0 3 4 5 7 7 7 8 8 10 9
8 9 5 3 0 5 6 8 8 8 8 8 10 9
5 7 2 4 5 0 3 4 5 5 6 6 7 6
4 6 3 5 6 3 0 3 4 4 5 5 6 5
2 6 5 7 8 4 3 0 2 2 4 4 4 3
2 7 5 7 8 5 4 2 0 2 4 4 4 3
3 7 5 7 8 5 4 2 2 0 4 4 4 3
5 9 6 8 8 6 5 4 4 4 0 2 5 4
5 9 6 8 8 6 5 4 4 4 2 0 5 4
4 8 8 10 10 7 6 4 4 4 5 5 0 3
3 7 6 9 9 6 5 3 3 3 4 4 3 0
