12
30
3 18 4 15 7 18 13 14 19 2 4 3 5 17 1 19 11 7 5 3 2 9 6 9 20 16 5 18 10 10
13 18 14 1 2 20 13 14 5 16 17 2 8 11 8 12 15 17 14 6 1 11 3 4 15 8 16 1 3 9
3 17 4 15 8 20 8 7 8 1 14 16 16 20 19 5 10 10 19 16 1 9 8 3 8 8 4 18 11 17
9 5 5 15 15 3 15 9 18 9 5 13 3 16 20 1 3 14 14 9 13 16 10 14 2 16 17 5 13 18
3 4 10 1 10 13 14 15 8 9 14 20 18 2 2 5 6 10 6 13 13 15 3 17 16 8 11 20 4 1
9 15 4 16 4 11 1 20 16 14 18 3 3 5 18 4 5 18 1 12 7 19 14 7 9 16 8 10 18 17
15 16 13 15 3 10 16 7 20 11 12 9 13 9 10 1 15 6 11 3 10 15 1 4 5 15 19 19 14 11
6 3 11 10 8 10 3 18 6 7 14 15 20 18 13 13 15 19 17 4 12 3 4 10 11 13 8 5 3 7
9 9 20 15 16 2 13 7 4 14 17 8 12 18 6 6 3 20 7 17 19 19 20 8 14 20 15 16 6 17
9 17 12 1 10 20 13 6 10 4 4 2 7 5 5 17 8 3 20 12 15 10 18 2 17 17 16 1 7 4
4 15 13 16 14 3 19 9 12 8 1 15 16 7 8 11 15 13 5 8 18 7 12 18 10 11 9 13 3 12
16 6 17 17 15 4 20 13 13 9 13 12 1 6 10 17 10 15 13 1 8 14 11 10 1 9 2 8 13 13
0 4 6 7 8 8 9 10 9 10 8 7 5 5
4 0 3 4 5 6 7 9 8 8 8 6 3 5
6 3 0 2 4 5 5 8 7 7 7 6 3 5
7 4 2 0 3 4 5 7 7 7 7 5 4 6
8 5 4 3 0 5 6 8 7 8 8 7 5 7
8 6 5 4 5 0 2 5 4 5 5 4 5 6
9 7 5 5 6 2 0 4 3 4 5 4 5 6
10 9 8 7 8 5 4 0 3 3 4 5 7 7
9 8 7 7 7 4 3 3 0 3 3 4 6 6
10 8 7 7 8 5 4 3 3 0 3 4 6 6
8 8 7 7 8 5 5 4 3 3 0 3 6 5
7 6 6 5 7 4 4 5 4 4 3 0 4 4
5 3 3 4 5 5 5 7 6 6 6 4 0 3
5 5 5 6 7 6 6 7 6 6 5 4 3 0
