12
30
10 16 16 16 2 17 14 1 15 20 15 6 16 6 16 11 19 4 12 11 5 13 20 12 6 16 16 14 5 7
17 7 16 4 18 10 2 1 5 18 8 15 2 4 7 12 15 20 19 17 16 12 16 9 1 16 11 4 7 20
7 14 12 1 13 9 16 1 4 2 13 16 14 9 20 3 3 9 15 1 15 5 7 12 4 11 11 13 14 15
3 7 18 5 5 8 10 15 10 19 17 17 16 5 20 2 11 11 12 16 7 19 9 3 13 19 9 12 2 11
7 10 1 15 17 16 2 1 20 1 11 3 7 17 13 2 9 19 5 3 18 7 16 17 20 7 6 6 20 4
20 18 15 18 17 7 3 3 15 4 1 15 2 10 4 4 11 9 6 12 19 5 20 15 15 14 4 14 14 1
16 14 4 1 10 2 2 16 9 13 14 20 11 20 16 15 1 13 7 17 12 3 9 5 4 6 14 8 17 14
2 12 16 8 20 9 16 14 5 4 12 2 5 17 20 8 19 19 8 14 17 7 5 19 13 10 4 10 18 6
9 4 10 16 4 3 9 11 14 16 9 15 16 20 6 5 17 2 14 16 10 6 9 12 13 4 6 6 14 13
17 6 13 9 10 16 5 15 10 11 16 2 15 16 5 2 16 14 6 5 10 13 7 16 19 2 15 18 20 16
7 4 10 17 8 14 11 10 1 7 11 6 1 1 12 3 15 1 6 11 4 16 19 5 4 10 13 17 5 15
5 4 15 14 9 20 5 9 16 12 15 13 19 18 19 18 16 2 6 12 10 3 8 4 1 15 5 8 1 12
0 3 4 5 7 6 7 8 8 5 4 5 3 2
3 0 3 3 5 5 7 8 9 5 6 7 4 3
4 3 0 4 5 6 9 10 10 7 7 8 6 5
5 3 4 0 3 4 7 9 9 7 7 9 6 5
7 5 5 3 0 4 8 9 10 8 9 10 8 7
6 5 6 4 4 0 5 7 7 6 7 9 6 5
7 7 9 7 8 5 0 3 4 4 6 9 6 6
8 8 10 9 9 7 3 0 3 5 7 9 7 7
8 9 10 9 10 7 4 3 0 5 7 9 7 7
5 5 7 7 8 6 4 5 5 0 4 6 3 4
4 6 7 7 9 7 6 7 7 4 0 4 3 4
5 7 8 9 10 9 9 9 9 6 4 0 5 6
3 4 6 6 8 6 6 7 7 3 3 5 0 2
2 3 5 5 7 5 6 7 7 4 4 6 2 0
