12
20
11 1 16 17 20 16 17 6 1 7 9 18 7 7 20 13 2 20 11 14
11 8 2 1 18 13 15 16 11 11 3 5 18 8 3 3 20 5 5 12
18 20 19 8 11 9 17 7 5 6 2 4 7 6 4 11 11 9 17 8
20 20 15 5 20 13 9 18 19 1 18 6 20 18 11 10 19 2 10 6
11 6 14 2 1 4 17 19 20 19 12 8 6 1 13 18 17 14 7 16
6 13 12 13 7 14 12 1 12 1 12 20 18 15 5 7 14 1 1 1
6 18 16 18 18 7 18 11 1 11 19 1 19 9 4 4 2 7 15 5
11 13 16 19 3 6 19 4 16 10 11 9 7 9 16 9 12 2 15 1
8 7 3 6 8 5 20 20 10 13 7 6 17 18 11 8 9 6 2 13
5 5 13 3 19 6 2 7 13 19 15 5 14 19 4 14 8 2 5 5
2 5 1 19 8 1 20 2 1 2 18 18 2 12 1 15 16 19 3 13
20 14 3 2 8 3 4 4 13 14 18 1 6 20 15 6 18 3 9 14
0 5 6 8 10 10 10 10 7 6 5 4 3 3
5 0 2 4 6 7 7 6 7 6 5 5 6 5
6 2 0 4 7 7 7 7 8 7 6 6 6 6
8 4 4 0 6 6 6 6 9 9 8 8 8 8
10 6 7 6 0 2 3 2 8 9 8 8 9 9
10 7 7 6 2 0 2 2 8 9 8 9 10 10
10 7 7 6 3 2 0 2 7 8 8 8 9 9
10 6 7 6 2 2 2 0 7 8 8 8 9 9
7 7 8 9 8 8 7 7 0 3 4 4 5 6
6 6 7 9 9 9 8 8 3 0 3 3 4 4
5 5 6 8 8 8 8 8 4 3 0 2 3 4
4 5 6 8 8 9 8 8 4 3 2 0 3 3
3 6 6 8 9 10 9 9 5 4 3 3 0 2
3 5 6 8 9 10 9 9 6 4 4 3 2 0
