12
30
2 9 12 4 15 10 17 5 16 5 6 3 11 11 5 2 20 7 8 11 17 10 5 6 13 11 15 1 12 12
8 11 17 20 4 1 4 16 7 19 11 10 16 7 8 17 13 1 18 11 8 3 4 5 8 17 15 13 9 20
7 11 17 10 16 10 15 9 10 6 2 4 5 15 9 1 8 1 11 12 1 12 11 8 16 2 18 5 16 12
5 5 18 2 6 8 18 18 4 8 9 17 15 11 17 7 7 13 5 19 15 8 6 5 20 6 12 13 14 4
13 20 16 1 13 15 7 3 6 4 18 12 12 12 10 7 3 7 6 7 8 6 14 4 18 4 9 3 20 17
6 20 19 20 7 18 5 18 7 14 10 15 6 19 14 8 7 20 15 11 8 15 3 9 6 15 16 12 18 2
9 9 13 18 20 7 3 4 7 4 1 7 18 14 16 12 9 9 6 2 1 10 20 13 12 7 18 3 18 20
7 7 1 6 18 2 10 5 6 20 14 9 13 8 8 9 20 18 5 3 19 16 19 8 3 8 12 12 2 12
20 9 17 9 2 4 8 9 11 12 2 20 4 16 15 8 8 18 15 6 1 12 15 1 8 6 14 3 13 14
18 20 12 14 1 16 17 6 18 7 18 18 20 2 10 15 2 16 9 6 16 20 18 14 6 7 5 12 20 10
18 11 14 7 12 3 5 1 10 6 20 5 11 2 19 9 15 5 5 7 13 10 14 11 18 8 12 3 19 13
14 9 5 4 1 7 9 10 14 18 3 16 2 4 2 13 15 9 7 1 16 13 4 15 15 1 16 9 3 11
0 5 5 4 7 8 10 10 8 9 9 8 7 7
5 0 3 4 5 6 9 8 8 9 8 8 8 9
5 3 0 2 4 5 8 7 6 7 7 7 6 7
4 4 2 0 4 6 8 7 6 7 6 6 5 6
7 5 4 4 0 3 6 5 4 5 5 5 5 7
8 6 5 6 3 0 5 4 4 5 5 6 7 8
10 9 8 8 6 5 0 2 4 4 4 6 7 9
10 8 7 7 5 4 2 0 3 3 4 5 6 8
8 8 6 6 4 4 4 3 0 2 2 4 4 6
9 9 7 7 5 5 4 3 2 0 2 3 5 6
9 8 7 6 5 5 4 4 2 2 0 3 4 6
8 8 7 6 5 6 6 5 4 3 3 0 3 4
7 8 6 5 5 7 7 6 4 5 4 3 0 3
7 9 7 6 7 8 9 8 6 6 6 4 3 0
