12
10
13 5 13 7 3 20 1 4 4 1
12 16 20 6 15 8 8 3 10 18
20 2 20 10 20 11 15 11 9 7
17 14 2 4 3 4 4 3 6 13
14 1 12 13 7 17 3 8 7 11
15 1 4 11 11 19 11 19 8 12
17 2 9 12 8 15 19 14 10 10
10 4 20 14 3 8 14 8 16 7
20 14 6 4 5 15 6 8 19 15
3 7 18 11 19 13 1 20 15 13
13 1 16 16 8 9 13 3 1 12
1 3 13 9 18 8 10 6 1 2
0 5 7 7 6 8 10 10 10 9 6 7 6 4
5 0 3 5 5 7 9 9 9 9 7 9 8 6
7 3 0 4 4 6 8 8 8 8 7 10 9 6
7 5 4 0 3 4 6 6 5 5 5 8 7 6
6 5 4 3 0 3 6 6 6 5 4 7 6 4
8 7 6 4 3 0 4 4 4 3 4 7 6 5
10 9 8 6 6 4 0 3 3 3 7 9 8 8
10 9 8 6 6 4 3 0 2 2 6 8 7 8
10 9 8 5 6 4 3 2 0 2 6 8 7 7
9 9 8 5 5 3 3 2 2 0 5 7 7 7
6 7 7 5 4 4 7 6 6 5 0 5 4 3
7 9 10 8 7 7 9 8 8 7 5 0 3 5
6 8 9 7 6 6 8 7 7 7 4 3 0 4
4 6 6 6 4 5 8 8 7 7 3 5 4 0
