12
30
15 13 19 19 15 8 14 16 3 9 7 15 13 8 17 20 6 10 20 4 15 12 5 18 1 8 16 20 7 3
20 7 14 6 3 7 6 4 15 1 3 18 7 20 17 20 2 7 10 12 1 14 9 17 3 1 15 10 15 17
4 19 15 7 15 6 12 16 1 8 6 12 3 4 4 19 11 2 4 18 14 11 20 7 15 10 16 5 16 8
7 5 4 5 19 15 6 14 11 1 4 11 16 6 17 10 16 20 8 10 18 4 5 20 10 15 10 10 6 19
15 11 19 5 7 14 20 20 18 10 20 5 3 10 8 16 2 14 17 12 3 4 6 2 1 15 8 4 8 1
10 5 19 16 5 17 17 12 11 11 7 3 12 1 7 13 19 7 9 5 13 20 3 13 11 9 1 6 10 19
20 8 11 15 15 4 16 3 3 3 12 11 14 11 18 20 20 19 12 3 14 10 20 2 15 8 9 15 8 2
6 7 5 14 20 4 17 1 10 17 20 12 7 19 16 11 14 19 10 4 7 16 2 6 18 7 7 9 16 20
7 5 7 17 19 20 9 16 5 8 17 4 8 20 17 12 3 8 11 19 6 17 9 19 7 17 4 13 8 2
3 14 17 15 6 6 1 13 2 2 7 14 14 8 11 18 3 4 7 6 16 6 14 8 5 16 16 9 5 19
18 2 18 3 9 20 18 6 14 4 10 3 19 18 5 8 1 7 5 8 7 4 1 18 17 5 6 15 6 5
8 14 20 8 1 13 7 19 14 9 2 2 20 18 7 8 8 3 2 1 20 5 2 2 8 2 3 6 14 8
0 4 6 6 8 7 7 8 7 5 4 4 4 3
4 0 3 4 6 7 7 9 9 7 6 5 4 4
6 3 0 5 7 7 8 10 10 9 8 7 6 6
6 4 5 0 4 4 5 8 8 7 7 4 4 4
8 6 7 4 0 3 4 8 8 8 8 6 6 6
7 7 7 4 3 0 2 6 7 7 7 5 5 5
7 7 8 5 4 2 0 6 6 6 7 5 5 5
8 9 10 8 8 6 6 0 2 4 6 5 6 6
7 9 10 8 8 7 6 2 0 4 5 5 6 6
5 7 9 7 8 7 6 4 4 0 3 4 4 4
4 6 8 7 8 7 7 6 5 3 0 4 4 4
4 5 7 4 6 5 5 5 5 4 4 0 2 2
4 4 6 4 6 5 5 6 6 4 4 2 0 2
3 4 6 4 6 5 5 6 6 4 4 2 2 0
