12
20
3 11 14 1 10 11 16 20 9 15 16 18 20 16 5 19 16 2 18 8
7 7 1 10 4 8 18 9 6 16 1 19 3 14 17 18 18 10 16 4
19 10 18 12 18 13 7 1 14 15 2 14 9 1 7 14 5 8 17 1
9 19 11 4 9 11 7 10 19 2 6 16 14 19 10 19 17 1 3 12
17 17 6 3 7 2 18 12 16 15 1 2 8 16 15 19 17 12 12 14
6 2 6 15 1 4 7 11 1 12 14 1 1 11 7 10 17 2 14 20
5 6 13 15 8 14 5 20 8 8 6 20 2 17 18 3 20 5 18 20
13 6 10 12 17 10 5 2 17 1 19 3 7 10 18 9 5 17 18 12
16 6 14 1 1 14 13 4 5 6 17 3 9 4 16 16 4 8 10 9
1 16 8 18 1 10 11 19 8 14 2 1 17 7 9 19 10 6 4 13
14 18 11 19 17 12 10 12 20 2 19 20 8 13 2 2 15 11 1 3
4 17 18 18 14 2 5 19 20 5 8 1 15 19 12 4 15 7 8 3
0 5 6 7 9 9 10 8 7 8 6 4 3 3
5 0 3 4 6 7 9 7 6 9 7 5 5 6
6 3 0 2 6 6 8 7 6 9 7 6 6 7
7 4 2 0 5 5 8 7 6 9 8 6 7 8
9 6 6 5 0 2 5 4 4 8 7 7 8 10
9 7 6 5 2 0 4 4 5 8 7 7 8 10
10 9 8 8 5 4 0 3 4 6 7 7 9 10
8 7 7 7 4 4 3 0 3 5 5 6 7 9
7 6 6 6 4 5 4 3 0 5 4 4 6 8
8 9 9 9 8 8 6 5 5 0 4 5 7 8
6 7 7 8 7 7 7 5 4 4 0 3 4 6
4 5 6 6 7 7 7 6 4 5 3 0 3 5
3 5 6 7 8 8 9 7 6 7 4 3 0 3
3 6 7 8 10 10 10 9 8 8 6 5 3 0
