12
20
18 1 6 19 10 3 6 3 12 6 8 14 11 6 7 10 3 14 16 11
3 1 5 8 19 15 11 4 10 5 20 20 17 20 18 2 10 4 5 13
8 12 19 5 13 1 14 18 4 9 15 9 11 10 7 10 18 19 5 8
2 19 15 11 13 9 18 1 7 14 13 3 12 2 16 16 7 2 9 19
9 6 20 10 3 10 9 15 2 19 7 14 5 4 17 7 9 6 12 15
17 8 8 2 17 8 20 18 17 11 10 17 13 3 11 7 4 10 10 8
9 15 3 2 3 1 11 18 20 14 19 4 8 3 3 13 5 17 18 3
1 8 4 8 1 15 5 18 4 4 15 5 19 19 5 19 19 7 2 3
11 9 19 2 7 18 2 4 18 4 7 14 16 17 18 3 10 14 2 9
8 18 8 8 17 7 6 13 20 5 12 9 8 7 6 5 12 14 2 9
2 5 16 13 8 11 5 9 12 3 9 19 4 5 12 5 1 14 7 14
15 15 3 14 4 7 15 8 3 10 17 2 13 9 11 12 3 2 10 6
0 2 4 7 7 9 9 8 7 7 8 5 4 2
2 0 3 6 6 8 9 8 7 7 8 6 5 2
4 3 0 6 6 9 10 9 8 9 10 8 6 4
7 6 6 0 2 7 8 8 8 8 10 10 9 7
7 6 6 2 0 7 8 8 7 7 9 10 8 7
9 8 9 7 7 0 3 4 4 4 5 9 8 9
9 9 10 8 8 3 0 3 4 4 5 9 8 9
8 8 9 8 8 4 3 0 2 2 3 7 6 8
7 7 8 8 7 4 4 2 0 2 4 7 6 7
7 7 9 8 7 4 4 2 2 0 3 7 6 7
8 8 10 10 9 5 5 3 4 3 0 7 6 8
5 6 8 10 10 9 9 7 7 7 7 0 3 5
4 5 6 9 8 8 8 6 6 6 6 3 0 4
2 2 4 7 7 9 9 8 7 7 8 5 4 0
