12
20
10 6 4 20 12 11 7 2 17 12 16 7 12 11 19 8 8 19 15 15
7 8 16 16 5 5 5 5 15 3 19 15 9 9 4 17 15 6 10 2
5 9 2 5 7 7 19 18 20 14 16 2 13 6 20 2 4 5 4 12
7 2 13 6 19 6 2 16 3 15 12 9 12 10 15 1 3 10 6 10
16 13 16 6 10 5 17 18 1 10 14 3 9 7 8 12 13 6 10 8
3 20 2 16 1 2 4 2 13 4 18 6 17 11 1 17 16 19 3 17
20 15 9 16 20 9 8 7 6 15 17 20 7 7 1 11 18 1 10 7
20 16 7 18 15 16 18 14 4 9 13 6 9 12 18 10 16 8 8 14
14 6 20 3 8 8 19 14 13 15 13 8 17 9 18 6 7 14 4 11
16 19 6 19 8 19 11 2 5 14 5 2 16 5 5 6 14 14 19 13
4 11 12 9 10 18 5 3 15 7 11 19 9 13 16 17 9 8 6 11
15 3 9 15 13 16 7 12 14 3 9 7 13 12 6 13 20 10 17 4
0 2 4 7 6 7 7 9 8 6 6 5 4 4
2 0 3 7 6 7 8 10 8 6 7 6 5 5
4 3 0 7 7 8 8 10 10 8 8 8 6 6
7 7 7 0 5 5 5 7 8 7 9 9 6 6
6 6 7 5 0 2 3 5 5 4 6 7 4 4
7 7 8 5 2 0 2 4 4 5 6 7 4 4
7 8 8 5 3 2 0 4 4 5 6 7 5 5
9 10 10 7 5 4 4 0 4 6 7 9 7 7
8 8 10 8 5 4 4 4 0 4 5 6 5 5
6 6 8 7 4 5 5 6 4 0 3 4 3 3
6 7 8 9 6 6 6 7 5 3 0 3 4 4
5 6 8 9 7 7 7 9 6 4 3 0 4 5
4 5 6 6 4 4 5 7 5 3 4 4 0 2
4 5 6 6 4 4 5 7 5 3 4 5 2 0
