12
30
10 20 16 16 3 23 14 7 2 21 10 15 23 9 18 7 22 23 1 5 12 15 1 13 2 12 8 16 17 20
10 8 24 1 3 7 7 25 3 15 24 21 1 14 7 13 14 12 21 12 11 1 12 14 18 14 23 17 12 10
8 10 9 25 16 14 24 19 9 2 6 5 1 7 16 4 1 8 23 25 11 20 24 14 9 21 6 21 1 25
25 1 12 16 13 16 15 12 22 11 6 24 5 14 25 7 12 17 14 20 25 15 22 2 21 16 22 8 9 17
20 8 15 19 22 7 1 4 16 14 12 7 15 4 13 8 20 13 11 23 8 4 15 16 14 11 1 1 19 9
14 1 11 1 15 19 5 18 1 5 15 4 10 18 22 19 14 14 13 16 12 6 20 24 24 15 12 19 4 9
20 11 20 6 12 2 18 16 14 5 7 3 22 25 22 17 12 8 4 17 19 16 9 14 11 22 17 22 25 24
4 23 9 16 16 14 16 20 9 22 25 10 1 8 17 6 9 9 22 16 17 14 24 19 24 20 6 16 20 23
7 10 23 22 13 1 25 11 6 15 25 4 21 3 14 24 24 20 21 6 16 23 12 24 17 21 11 12 21 6
10 8 16 16 3 18 13 4 20 7 20 9 19 1 14 20 9 13 17 7 12 7 10 14 8 1 3 10 6 22
6 16 24 6 1 3 3 8 22 24 8 18 6 21 17 5 18 6 8 9 14 19 12 9 16 15 20 3 2 5
2 20 15 12 5 13 8 25 24 11 13 16 12 1 3 8 4 5 13 2 3 6 14 4 4 11 2 16 10 19
0 8 9 12 15 14 15 12 21 20 17 12 10 7
8 0 6 9 10 8 9 6 15 14 13 8 12 13
9 6 0 5 8 9 10 10 17 17 18 13 15 14
12 9 5 0 5 9 10 11 16 18 20 15 19 18
15 10 8 5 0 6 7 10 13 15 18 15 20 20
14 8 9 9 6 0 2 6 9 10 14 11 18 19
15 9 10 10 7 2 0 6 9 10 13 10 18 20
12 6 10 11 10 6 6 0 11 9 10 6 13 16
21 15 17 16 13 9 9 11 0 6 13 13 22 25
20 14 17 18 15 10 10 9 6 0 8 10 18 23
17 13 18 20 18 14 13 10 13 8 0 7 13 19
12 8 13 15 15 11 10 6 13 10 7 0 10 15
10 12 15 19 20 18 18 13 22 18 13 10 0 8
7 13 14 18 20 19 20 16 25 23 19 15 8 0
