12
10
12 12 25 25 19 15 9 15 23 3
5 20 8 19 20 8 5 9 12 14
2 20 22 25 10 6 1 11 7 9
16 4 15 6 19 16 13 19 7 18
11 24 19 7 25 16 24 17 9 17
6 8 20 6 22 11 16 21 4 3
11 24 10 9 8 11 5 16 18 7
23 15 6 4 5 24 23 3 8 3
24 3 9 14 22 11 10 16 3 20
15 15 15 2 19 8 9 1 12 9
1 14 3 9 18 13 8 12 11 11
1 11 18 16 19 22 1 14 22 21
0 8 10 12 12 14 18 21 22 12 11 13 5 5
8 0 4 6 6 8 11 15 17 7 7 14 9 11
10 4 0 5 6 8 10 13 15 5 5 13 10 13
12 6 5 0 3 5 7 12 15 7 8 17 14 15
12 6 6 3 0 4 8 14 17 9 10 18 14 14
14 8 8 5 4 0 7 15 18 11 12 20 16 15
18 11 10 7 8 7 0 11 14 11 12 21 19 20
21 15 13 12 14 15 11 0 4 10 11 17 20 24
22 17 15 15 17 18 14 4 0 12 13 17 21 25
12 7 5 7 9 11 11 10 12 0 3 12 12 15
11 7 5 8 10 12 12 11 13 3 0 10 10 14
13 14 13 17 18 20 21 17 17 12 10 0 10 16
5 9 10 14 14 16 19 20 21 12 10 10 0 8
5 11 13 15 14 15 20 24 25 15 14 16 8 0
