12
10
15 22 6 15 4 11 23 6 23 3
2 6 24 11 6 10 9 4 5 24
24 10 21 8 13 12 5 2 23 16
15 15 14 3 17 25 24 20 5 5
22 8 16 16 12 6 7 20 11 15
11 5 4 15 24 24 12 12 25 25
7 5 7 24 4 22 12 25 3 24
10 17 8 2 25 24 17 1 3 14
23 22 15 15 21 12 7 2 6 21
12 1 18 6 20 4 22 23 18 18
24 9 15 25 14 1 22 23 12 18
23 20 11 18 10 2 11 3 22 2
0 15 14 18 20 23 24 23 21 19 20 16 16 12
15 0 4 9 13 16 18 20 24 23 25 23 21 15
14 4 0 7 11 14 16 18 21 20 23 20 19 12
18 9 7 0 6 9 11 14 19 19 22 20 18 12
20 13 11 6 0 5 6 9 15 16 19 18 16 12
23 16 14 9 5 0 5 9 17 18 21 21 18 15
24 18 16 11 6 5 0 6 14 15 19 19 16 14
23 20 18 14 9 9 6 0 10 11 14 15 13 12
21 24 21 19 15 17 14 10 0 4 6 9 7 11
19 23 20 19 16 18 15 11 4 0 5 6 4 10
20 25 23 22 19 21 19 14 6 5 0 6 6 12
16 23 20 20 18 21 19 15 9 6 6 0 4 9
16 21 19 18 16 18 16 13 7 4 6 4 0 8
12 15 12 12 12 15 14 12 11 10 12 9 8 0
