12
30
24 5 1 24 7 25 15 15 3 16 2 20 15 25 20 14 10 10 10 12 10 15 8 12 10 16 24 15 17 9
15 1 6 6 21 15 15 8 25 18 19 5 11 13 22 10 23 8 14 17 10 10 24 2 3 25 7 4 7 10
16 20 22 14 12 25 20 19 18 21 5 20 24 4 16 5 4 15 2 10 12 9 4 24 14 17 2 14 8 10
10 15 9 8 3 10 3 7 10 5 7 2 3 9 24 12 19 19 5 23 21 5 7 11 2 2 24 8 23 6
4 3 9 6 13 11 14 13 12 2 7 1 1 16 12 3 7 23 17 4 4 21 17 25 20 12 16 19 4 8
17 25 11 4 1 4 16 21 3 11 18 25 12 4 9 14 3 18 22 8 10 20 21 15 4 5 15 21 4 13
17 9 24 12 16 21 17 5 23 6 15 19 18 2 10 2 5 6 21 15 19 5 1 24 10 23 23 1 5 7
17 14 23 1 7 3 14 24 11 17 13 17 4 19 24 23 19 23 25 17 10 24 13 6 11 23 23 10 17 21
7 18 3 11 23 25 5 2 5 14 3 11 9 24 10 6 1 17 18 16 9 21 13 4 10 13 8 10 20 21
20 25 16 8 9 20 24 24 10 5 23 2 20 17 24 21 13 9 3 18 5 11 4 12 19 14 5 3 2 1
23 2 13 18 11 7 12 4 7 16 11 14 6 7 21 25 14 16 15 13 15 15 17 16 11 25 3 1 7 20
20 15 25 5 17 18 9 23 8 4 11 18 1 8 11 7 4 1 6 16 8 6 5 7 16 4 10 1 17 2
0 6 6 7 12 12 15 17 10 16 16 16 14 13
6 0 2 4 8 8 12 15 12 18 19 20 18 16
6 2 0 4 7 8 12 15 12 18 20 20 19 17
7 4 4 0 7 6 10 13 11 17 19 20 19 16
12 8 7 7 0 6 11 14 16 22 25 25 24 22
12 8 8 6 6 0 6 9 13 19 23 24 23 20
15 12 12 10 11 6 0 5 13 17 23 24 24 20
17 15 15 13 14 9 5 0 13 16 23 24 24 20
10 12 12 11 16 13 13 13 0 8 11 12 12 9
16 18 18 17 22 19 17 16 8 0 9 11 12 9
16 19 20 19 25 23 23 23 11 9 0 3 5 5
16 20 20 20 25 24 24 24 12 11 3 0 4 5
14 18 19 19 24 23 24 24 12 12 5 4 0 5
13 16 17 16 22 20 20 20 9 9 5 5 5 0
