12
20
19 5 13 23 15 13 11 1 15 1 4 1 9 18 13 15 21 15 9 6
8 24 16 19 16 4 21 11 1 12 24 18 15 10 17 15 11 23 22 6
2 18 22 2 15 17 8 17 3 21 18 14 10 13 23 16 10 5 2 20
14 6 9 22 25 14 6 9 21 13 1 9 2 18 21 20 10 2 20 14
15 5 6 12 8 10 11 22 7 17 8 21 9 15 6 2 12 14 7 7
14 11 23 7 1 22 6 13 14 4 23 1 9 1 15 8 11 5 14 22
1 22 20 10 10 21 7 11 14 9 1 6 18 4 20 25 23 4 24 9
15 19 10 20 3 11 14 15 14 9 18 16 16 22 16 1 3 9 14 14
13 1 23 20 13 2 24 8 3 14 22 4 1 3 22 7 17 21 12 24
25 15 12 16 18 6 6 14 18 7 8 13 10 16 23 8 1 4 21 1
19 12 1 18 25 6 5 2 4 24 24 6 9 2 13 20 17 20 13 4
21 12 25 5 6 16 18 5 3 19 11 6 3 21 5 17 23 25 18 23
0 9 7 7 9 15 18 16 20 16 16 10 6 4
9 0 6 10 13 14 23 21 25 23 22 17 11 12
7 6 0 5 8 10 18 16 21 19 18 15 11 10
7 10 5 0 5 9 15 13 17 15 15 14 11 9
9 13 8 5 0 8 11 10 15 13 13 16 13 10
15 14 10 9 8 0 13 13 18 19 18 22 19 16
18 23 18 15 11 13 0 4 7 10 10 21 21 18
16 21 16 13 10 13 4 0 6 8 7 18 19 15
20 25 21 17 15 18 7 6 0 7 7 20 22 19
16 23 19 15 13 19 10 8 7 0 2 15 18 15
16 22 18 15 13 18 10 7 7 2 0 15 17 14
10 17 15 14 16 22 21 18 20 15 15 0 8 7
6 11 11 11 13 19 21 19 22 18 17 8 0 5
4 12 10 9 10 16 18 15 19 15 14 7 5 0
