12
20
10 3 8 1 10 20 1 5 6 20 10 17 23 21 5 1 20 9 3 15
20 6 25 16 2 22 11 4 9 7 24 5 25 17 8 6 23 22 19 24
15 6 15 14 10 21 4 7 8 8 8 4 11 18 8 16 11 17 13 15
16 13 22 25 1 6 1 8 3 6 17 20 12 18 5 22 18 21 12 24
18 15 13 11 18 22 10 15 6 20 1 13 24 3 25 9 21 13 14 13
20 19 10 10 7 9 1 25 22 19 14 6 22 9 16 11 2 8 9 11
12 13 1 22 22 17 5 3 5 14 5 7 11 18 3 13 3 23 7 17
5 2 11 1 21 9 2 24 23 21 11 6 24 17 10 19 4 6 1 1
8 17 17 21 14 16 8 15 17 11 1 10 6 9 3 25 11 23 4 23
2 24 1 20 3 3 19 6 2 20 10 6 17 16 9 14 17 18 4 9
5 13 10 1 24 20 7 18 22 21 5 3 25 1 2 4 1 14 23 1
8 5 10 18 4 13 1 23 19 16 21 17 5 1 18 20 5 4 1 3
0 2 5 13 15 12 9 6 13 14 16 15 11 10
2 0 5 14 16 12 9 7 14 15 17 15 11 9
5 5 0 12 14 11 11 9 17 17 19 18 13 11
13 14 12 0 5 4 13 14 19 21 22 25 23 21
15 16 14 5 0 5 13 15 19 21 23 25 25 24
12 12 11 4 5 0 11 12 17 19 20 23 22 20
9 9 11 13 13 11 0 4 8 9 11 14 16 16
6 7 9 14 15 12 4 0 9 9 12 12 13 13
13 14 17 19 19 17 8 9 0 4 5 10 17 18
14 15 17 21 21 19 9 9 4 0 4 8 16 17
16 17 19 22 23 20 11 12 5 4 0 8 17 19
15 15 18 25 25 23 14 12 10 8 8 0 12 14
11 11 13 23 25 22 16 13 17 16 17 12 0 4
10 9 11 21 24 20 16 13 18 17 19 14 4 0
