12
30
24 10 25 2 23 4 22 10 7 14 11 4 7 22 19 14 9 12 13 10 19 18 11 15 12 16 1 14 8 3
21 7 19 16 5 15 23 2 11 18 19 15 5 4 3 13 13 17 5 2 10 24 1 14 12 10 6 23 3 7
9 6 22 18 10 18 2 7 23 10 4 16 8 22 21 12 23 20 8 4 2 9 20 24 24 9 5 9 20 15
3 15 11 21 16 14 15 25 9 20 13 23 5 7 16 9 21 23 6 3 23 1 7 23 24 24 5 2 8 8
6 7 5 15 16 23 9 8 20 20 20 24 7 10 21 22 2 19 10 17 14 3 18 14 4 7 5 15 13 22
18 1 9 18 10 7 10 7 7 16 16 18 16 18 5 6 4 5 8 14 13 16 8 15 25 14 21 18 11 12
7 12 1 7 23 6 15 14 2 20 2 15 9 5 25 22 8 6 24 3 13 18 2 20 17 13 10 19 12 9
11 2 22 19 15 24 5 14 18 9 21 15 20 12 1 17 8 13 15 21 24 4 6 24 13 16 24 10 3 4
24 17 3 23 7 20 13 13 21 22 5 11 15 17 19 10 15 1 7 23 6 11 9 13 17 24 17 12 19 2
3 8 24 13 17 5 15 3 1 3 9 14 17 4 16 16 4 9 19 12 25 24 5 25 23 13 5 3 8 22
7 17 15 16 18 19 11 16 24 25 16 12 11 20 20 1 15 23 12 9 14 1 22 23 8 7 19 21 2 25
9 6 4 6 9 13 19 17 16 14 2 13 3 7 5 4 6 16 14 21 10 5 5 25 5 14 5 6 21 17
0 8 11 13 13 12 15 20 24 19 19 17 13 9
8 0 10 16 16 17 19 22 25 22 24 24 19 15
11 10 0 10 10 12 14 15 18 17 19 22 19 14
13 16 10 0 2 5 6 8 12 8 11 16 15 11
13 16 10 2 0 4 5 9 13 8 11 15 14 10
12 17 12 5 4 0 4 11 14 8 9 13 12 8
15 19 14 6 5 4 0 10 13 5 7 12 13 10
20 22 15 8 9 11 10 0 5 8 12 20 21 17
24 25 18 12 13 14 13 5 0 10 14 23 24 21
19 22 17 8 8 8 5 8 10 0 5 14 15 13
19 24 19 11 11 9 7 12 14 5 0 10 13 13
17 24 22 16 15 13 12 20 23 14 10 0 7 10
13 19 19 15 14 12 13 21 24 15 13 7 0 6
9 15 14 11 10 8 10 17 21 13 13 10 6 0
