12
20
5 18 2 9 25 22 3 11 15 9 22 6 3 12 17 18 1 15 8 24
1 9 11 7 1 13 23 6 10 14 4 22 8 6 24 9 22 21 15 21
13 11 11 2 18 8 21 4 12 5 18 13 7 22 4 11 11 13 13 6
11 16 22 5 15 14 25 19 16 24 11 4 15 7 7 25 18 19 18 2
15 9 4 14 25 15 12 4 5 15 13 21 16 9 13 13 11 7 7 18
4 16 22 22 7 16 10 24 5 13 7 15 1 15 14 16 25 20 10 20
12 13 24 18 10 20 8 3 19 9 3 5 16 9 4 3 11 25 24 6
13 16 11 4 22 5 14 23 15 17 19 20 14 25 22 11 23 13 25 10
4 17 3 2 7 4 9 3 16 10 13 19 11 1 21 15 17 11 22 23
5 4 2 13 20 15 22 1 12 23 1 1 18 14 17 12 1 5 9 24
17 5 17 15 2 16 3 25 17 18 16 19 25 11 9 13 14 16 20 22
16 14 11 21 18 14 8 4 7 20 3 14 18 16 25 21 13 20 14 24
0 6 9 4 8 18 18 16 18 14 14 11 10 12
6 0 5 5 9 17 19 17 20 16 17 15 13 16
9 5 0 7 10 15 20 18 21 17 18 17 16 19
4 5 7 0 6 15 16 14 16 13 13 12 10 14
8 9 10 6 0 12 12 10 13 9 11 10 9 16
18 17 15 15 12 0 10 11 14 12 15 18 17 25
18 19 20 16 12 10 0 4 5 6 9 12 13 22
16 17 18 14 10 11 4 0 5 4 7 11 11 20
18 20 21 16 13 14 5 5 0 5 6 10 11 20
14 16 17 13 9 12 6 4 5 0 5 8 9 17
14 17 18 13 11 15 9 7 6 5 0 6 7 15
11 15 17 12 10 18 12 11 10 8 6 0 3 11
10 13 16 10 9 17 13 11 11 9 7 3 0 10
12 16 19 14 16 25 22 20 20 17 15 11 10 0
