12
30
19 25 2 10 8 6 3 23 4 25 8 8 10 6 18 24 12 24 7 6 17 5 22 10 23 10 22 18 18 17
1 4 8 3 5 15 23 16 24 15 13 17 1 10 2 11 12 18 1 12 4 9 25 13 12 22 20 20 23 5
25 8 23 10 16 23 1 13 24 24 17 5 17 23 3 13 19 2 14 8 13 11 11 2 16 2 12 21 11 4
14 24 10 10 5 25 10 25 17 16 17 22 14 5 24 8 10 1 12 11 9 8 17 21 13 9 2 2 8 18
19 23 20 9 16 8 20 10 16 5 15 21 10 16 5 9 3 15 4 5 8 6 9 12 3 17 21 17 20 8
14 20 21 21 20 23 10 12 4 11 3 6 9 12 16 5 23 23 20 14 6 25 22 21 24 17 17 2 21 25
11 19 18 25 7 5 16 10 16 8 20 19 25 8 4 6 13 12 16 13 3 21 19 25 19 11 21 7 1 23
1 24 16 9 6 22 4 5 3 11 13 23 9 17 23 25 12 7 23 12 15 8 9 22 12 23 4 7 8 2
9 21 1 8 2 7 5 11 17 5 5 3 21 24 20 14 25 15 6 14 22 21 17 9 22 17 20 20 25 3
23 18 24 20 10 23 17 2 4 9 12 20 10 24 5 13 2 11 21 9 13 10 22 12 2 2 18 11 9 9
7 7 25 9 22 2 15 14 4 18 16 20 19 22 25 9 15 20 4 8 12 2 12 2 23 8 7 3 4 17
4 17 18 21 10 7 5 21 10 2 15 22 14 18 14 7 23 2 24 5 4 16 10 12 25 25 3 23 15 22
0 4 12 5 6 7 17 9 14 13 10 10 7 4
4 0 10 6 8 9 19 12 16 15 11 10 6 4
12 10 0 10 15 15 23 20 25 23 19 17 12 12
5 6 10 0 6 6 16 11 17 16 14 14 10 8
6 8 15 6 0 2 13 7 15 14 13 15 12 9
7 9 15 6 2 0 12 8 15 14 14 15 12 10
17 19 23 16 13 12 0 14 21 21 23 25 23 20
9 12 20 11 7 8 14 0 9 9 11 14 13 11
14 16 25 17 15 15 21 9 0 3 9 13 15 14
13 15 23 16 14 14 21 9 3 0 8 12 14 12
10 11 19 14 13 14 23 11 9 8 0 6 8 8
10 10 17 14 15 15 25 14 13 12 6 0 6 8
7 6 12 10 12 12 23 13 15 14 8 6 0 4
4 4 12 8 9 10 20 11 14 12 8 8 4 0
