12
10
13 6 11 17 24 10 15 24 20 16
13 4 18 19 2 12 15 20 15 7
24 21 11 8 17 5 5 5 17 2
16 8 21 6 13 23 3 2 25 5
5 18 12 13 4 7 25 2 23 24
21 22 3 13 6 3 16 22 21 12
8 25 12 14 14 7 3 19 24 10
8 1 25 15 24 21 23 5 4 24
11 16 17 23 24 4 11 16 14 20
21 21 1 22 12 15 1 8 19 17
13 8 21 11 16 22 20 11 12 4
13 23 2 15 22 10 8 2 21 2
0 6 9 14 18 20 18 15 14 17 16 9 8 6
6 0 5 9 14 15 15 12 11 15 16 13 12 10
9 5 0 7 12 12 12 9 8 12 15 15 14 12
14 9 7 0 7 8 13 11 11 16 20 20 19 17
18 14 12 7 0 6 17 16 16 20 25 25 24 22
20 15 12 8 6 0 14 14 14 18 24 25 25 23
18 15 12 13 17 14 0 5 6 7 14 20 21 20
15 12 9 11 16 14 5 0 3 6 12 17 17 16
14 11 8 11 16 14 6 3 0 6 11 16 16 15
17 15 12 16 20 18 7 6 6 0 9 17 17 17
16 16 15 20 25 24 14 12 11 9 0 12 13 14
9 13 15 20 25 25 20 17 16 17 12 0 2 5
8 12 14 19 24 25 21 17 16 17 13 2 0 4
6 10 12 17 22 23 20 16 15 17 14 5 4 0
