12
10
22 9 14 17 19 16 25 24 3 11
14 10 18 19 12 5 14 17 14 2
18 21 14 4 23 3 7 15 15 3
14 20 17 5 2 9 15 4 5 15
16 14 1 6 21 6 23 7 21 13
8 6 12 1 3 10 14 8 6 8
24 20 20 8 19 23 11 15 8 21
1 19 17 1 18 2 15 25 12 5
25 2 18 22 19 21 22 23 5 25
7 20 16 2 23 25 12 20 11 10
2 4 4 15 25 3 23 4 2 1
4 10 9 11 10 8 15 10 16 25
0 4 15 13 14 11 11 15 16 13 11 10 7 4
4 0 13 10 11 9 9 14 14 14 13 12 9 7
15 13 0 7 13 15 17 19 21 25 24 23 20 18
13 10 7 0 8 9 12 14 16 22 21 20 18 15
14 11 13 8 0 5 8 8 10 19 19 19 18 15
11 9 15 9 5 0 4 7 8 16 15 16 15 12
11 9 17 12 8 4 0 6 7 13 13 13 13 10
15 14 19 14 8 7 6 0 3 16 16 17 17 15
16 14 21 16 10 8 7 3 0 15 15 16 17 15
13 14 25 22 19 16 13 16 15 0 3 5 9 10
11 13 24 21 19 15 13 16 15 3 0 3 7 9
10 12 23 20 19 16 13 17 16 5 3 0 5 7
7 9 20 18 18 15 13 17 17 9 7 5 0 4
4 7 18 15 15 12 10 15 15 10 9 7 4 0
