12
20
21 3 21 3 22 5 16 19 15 4 16 20 25 7 25 3 13 17 10 22
14 2 3 11 23 14 20 8 20 17 13 17 21 16 2 19 11 14 15 12
5 4 8 14 16 20 11 13 12 10 16 3 19 18 23 8 22 10 24 21
18 7 8 14 24 19 16 23 13 4 16 25 8 6 5 1 11 21 18 8
19 15 15 8 21 8 14 4 16 4 15 4 6 13 18 20 20 14 10 3
1 10 23 24 11 18 14 4 11 15 15 14 7 24 25 3 3 13 1 4
6 5 19 13 17 8 25 5 14 12 9 10 16 19 9 24 18 15 17 11
7 24 3 25 22 14 23 14 4 11 17 23 9 8 10 12 25 6 7 14
15 22 17 24 12 12 21 23 25 20 17 8 5 22 23 21 24 14 25 5
17 22 3 18 9 2 3 15 4 8 24 16 23 23 17 22 1 7 10 4
17 14 7 22 11 20 25 23 10 20 11 9 21 13 2 15 6 11 18 24
16 8 4 22 8 23 10 21 18 15 18 22 12 8 11 8 10 14 25 17
0 5 4 10 14 15 20 19 22 19 18 10 12 5
5 0 6 13 18 18 24 23 25 23 21 14 14 9
4 6 0 8 13 14 19 19 22 19 18 11 14 6
10 13 8 0 9 11 15 16 19 18 17 13 17 9
14 18 13 9 0 3 8 8 11 10 10 10 15 10
15 18 14 11 3 0 7 7 10 9 8 10 15 11
20 24 19 15 8 7 0 6 8 9 10 15 20 16
19 23 19 16 8 7 6 0 5 5 6 12 16 15
22 25 22 19 11 10 8 5 0 5 6 14 18 18
19 23 19 18 10 9 9 5 5 0 3 11 14 15
18 21 18 17 10 8 10 6 6 3 0 9 13 14
10 14 11 13 10 10 15 12 14 11 9 0 7 7
12 14 14 17 15 15 20 16 18 14 13 7 0 10
5 9 6 9 10 11 16 15 18 15 14 7 10 0
