12
20
17 12 15 13 6 1 12 12 13 23 8 5 6 20 5 24 17 23 10 17
14 7 4 5 25 14 21 16 19 23 10 2 14 1 5 2 17 24 7 7
3 1 17 5 4 4 9 17 6 8 18 21 8 16 1 23 20 11 21 3
20 21 1 20 8 3 1 24 1 11 25 25 2 22 2 8 20 14 14 18
18 11 22 17 9 13 9 3 15 8 20 9 13 8 3 2 5 12 12 21
24 14 16 16 22 21 12 14 9 10 6 9 11 10 11 11 5 13 3 11
24 25 4 1 17 6 6 4 24 17 9 20 18 7 1 19 9 16 19 3
4 13 22 10 19 7 2 25 4 21 18 9 9 20 6 6 16 20 12 3
21 24 15 10 14 22 10 2 17 4 21 1 1 3 17 14 19 2 4 10
19 8 18 11 14 23 4 6 15 16 13 5 7 7 2 18 23 14 17 16
20 21 22 2 3 6 23 2 22 4 12 20 14 20 13 12 2 14 20 21
11 20 22 1 11 5 8 16 20 10 20 10 9 4 21 7 13 13 21 19
0 8 14 13 15 17 22 22 23 17 13 9 6 4
8 0 10 6 8 11 16 16 18 15 10 7 7 11
14 10 0 11 9 12 17 18 23 23 19 15 15 16
13 6 11 0 5 6 11 11 14 14 11 9 11 15
15 8 9 5 0 4 10 10 15 18 14 12 14 18
17 11 12 6 4 0 7 7 12 17 14 13 15 20
22 16 17 11 10 7 0 3 10 19 17 17 20 25
22 16 18 11 10 7 3 0 8 17 16 17 20 25
23 18 23 14 15 12 10 8 0 13 13 16 20 25
17 15 23 14 18 17 19 17 13 0 6 11 13 19
13 10 19 11 14 14 17 16 13 6 0 6 9 15
9 7 15 9 12 13 17 17 16 11 6 0 5 11
6 7 15 11 14 15 20 20 20 13 9 5 0 7
4 11 16 15 18 20 25 25 25 19 15 11 7 0
