12
10
8 7 25 18 20 19 19 25 8 4
12 10 23 6 1 3 14 16 3 13
16 25 3 3 8 18 19 7 15 17
18 18 9 22 21 16 21 17 18 4
12 3 22 7 21 21 12 24 8 1
12 10 20 24 23 11 11 9 13 14
14 18 9 12 14 5 4 20 10 2
16 16 12 21 4 23 9 8 3 3
7 3 5 20 23 3 23 4 18 5
21 23 8 19 13 4 6 2 4 5
6 22 19 3 16 21 12 23 10 3
16 9 3 20 10 20 5 5 2 24
0 5 9 12 14 18 16 16 19 20 12 11 7 7
5 0 5 10 14 17 17 18 22 23 14 13 11 10
9 5 0 8 15 17 18 20 25 25 17 16 14 14
12 10 8 0 10 11 12 16 22 23 15 13 17 17
14 14 15 10 0 6 5 8 14 16 9 7 17 17
18 17 17 11 6 0 6 11 17 19 13 12 22 22
16 17 18 12 5 6 0 7 13 15 9 8 19 20
16 18 20 16 8 11 7 0 8 10 6 6 17 18
19 22 25 22 14 17 13 8 0 4 9 10 18 19
20 23 25 23 16 19 15 10 4 0 10 12 18 19
12 14 17 15 9 13 9 6 9 10 0 3 13 13
11 13 16 13 7 12 8 6 10 12 3 0 13 13
7 11 14 17 17 22 19 17 18 18 13 13 0 2
7 10 14 17 17 22 20 18 19 19 13 13 2 0
