12
20
13 5 20 25 16 21 1 25 4 17 8 1 14 16 13 24 4 16 3 5
9 23 12 12 11 11 4 13 24 20 14 24 6 20 23 17 22 6 7 25
22 25 5 23 3 23 3 25 1 4 20 9 21 22 13 14 25 21 20 22
15 14 5 9 10 11 14 12 3 22 8 6 12 9 4 12 10 14 20 24
2 13 20 14 13 18 25 1 19 18 21 2 6 12 11 19 21 21 10 3
16 14 16 7 6 7 21 3 8 14 17 18 8 3 20 5 21 20 20 22
10 4 10 1 16 1 10 5 18 4 14 11 4 24 5 15 16 24 16 3
13 11 8 17 7 7 3 2 3 7 24 20 15 18 11 24 6 12 13 24
3 22 2 12 24 17 6 19 1 3 8 16 21 12 13 17 11 10 25 25
6 16 18 7 6 3 4 5 1 23 11 22 12 24 11 8 10 7 5 21
9 8 22 5 5 10 15 25 10 17 10 23 8 9 4 12 4 6 4 1
6 20 2 25 7 20 5 16 8 9 15 22 13 10 20 23 3 14 19 9
0 5 10 16 20 19 22 25 19 18 16 13 12 5
5 0 7 14 18 18 21 25 19 18 17 14 13 6
10 7 0 9 12 14 16 21 16 16 18 14 12 8
16 14 9 0 7 7 8 14 12 12 17 14 12 13
20 18 12 7 0 10 10 15 16 16 22 19 17 17
19 18 14 7 10 0 4 8 7 9 16 13 12 16
22 21 16 8 10 4 0 7 9 11 18 16 14 18
25 25 21 14 15 8 7 0 9 11 18 17 16 22
19 19 16 12 16 7 9 9 0 3 11 10 9 15
18 18 16 12 16 9 11 11 3 0 9 8 7 14
16 17 18 17 22 16 18 18 11 9 0 5 7 13
13 14 14 14 19 13 16 17 10 8 5 0 4 10
12 13 12 12 17 12 14 16 9 7 7 4 0 9
5 6 8 13 17 16 18 22 15 14 13 10 9 0
