12
30
9 25 21 8 16 14 5 13 23 14 22 18 10 16 25 24 21 18 12 22 21 20 15 24 22 24 17 14 1 8
1 12 20 4 12 22 8 21 2 1 14 2 21 7 16 4 25 4 6 19 24 15 25 14 8 23 12 14 21 9
21 21 20 1 13 19 9 18 20 16 18 25 2 13 14 22 24 2 1 14 21 16 14 6 11 11 20 9 1 20
6 5 2 21 17 16 24 15 21 5 14 3 6 8 17 22 10 18 3 23 20 22 19 17 16 16 15 3 1 1
2 13 5 22 13 12 25 10 9 4 11 1 6 10 25 6 10 16 18 25 21 6 17 1 23 16 19 9 13 18
11 22 22 2 23 14 13 13 14 9 12 22 4 4 8 21 18 10 1 7 19 16 6 8 21 14 1 9 11 3
21 2 5 18 21 4 18 5 20 1 8 5 5 18 7 4 14 19 13 19 1 4 15 12 10 10 18 1 17 2
10 15 17 20 8 2 8 5 5 19 3 21 8 7 4 21 1 11 16 6 14 14 17 20 18 25 14 25 24 22
9 19 9 3 13 20 13 23 10 12 9 24 14 22 18 8 5 24 2 21 7 4 1 22 1 4 23 17 2 15
7 18 25 15 10 19 25 6 22 3 16 21 22 13 20 7 24 5 19 4 3 4 13 21 24 15 17 24 23 19
19 17 20 5 2 2 10 20 3 22 12 5 8 8 19 22 24 6 6 20 9 24 12 13 23 11 3 22 9 23
20 5 10 5 8 1 15 11 3 14 25 7 2 4 3 17 9 22 1 21 23 14 2 5 20 12 16 17 18 2
0 5 9 9 13 15 20 23 23 13 17 8 7 4
5 0 6 7 11 13 17 19 19 10 15 6 6 8
9 6 0 4 7 9 13 15 16 6 16 9 10 12
9 7 4 0 5 8 12 17 17 8 19 11 12 11
13 11 7 5 0 4 8 15 15 7 21 14 15 15
15 13 9 8 4 0 6 13 14 8 21 16 17 18
20 17 13 12 8 6 0 11 12 10 24 20 21 22
23 19 15 17 15 13 11 0 2 11 19 20 22 25
23 19 16 17 15 14 12 2 0 11 18 19 21 25
13 10 6 8 7 8 10 11 11 0 15 11 13 16
17 15 16 19 21 21 24 19 18 15 0 11 12 19
8 6 9 11 14 16 20 20 19 11 11 0 4 10
7 6 10 12 15 17 21 22 21 13 12 4 0 9
4 8 12 11 15 18 22 25 25 16 19 10 9 0
