12
20
20 6 11 1 16 19 18 11 23 7 3 6 14 16 4 19 13 25 3 18
13 15 9 2 10 9 1 21 21 13 19 1 15 13 7 18 3 13 8 16
6 15 22 6 11 13 21 2 10 11 3 20 2 23 20 25 4 24 25 10
14 20 3 13 9 18 13 8 15 3 25 6 16 9 2 14 24 19 21 20
2 18 22 6 11 4 23 19 16 4 6 25 11 25 12 25 20 21 24 19
1 21 23 9 20 19 24 4 2 3 9 20 10 9 17 24 24 1 20 21
7 8 3 7 6 13 18 9 17 9 2 20 20 4 22 2 25 13 7 23
5 3 12 15 13 10 18 4 14 21 20 20 21 13 22 17 20 8 15 2
3 21 21 19 23 11 17 17 2 11 10 1 25 15 1 9 4 25 11 8
18 14 25 22 19 16 19 24 11 18 24 8 18 11 14 15 23 14 19 19
24 6 11 23 1 22 20 13 21 19 5 14 13 14 20 21 2 22 8 23
14 10 21 9 18 13 17 18 21 11 11 24 12 16 8 23 15 17 24 10
0 6 8 4 7 7 8 7 15 19 19 11 7 5
6 0 5 7 11 11 12 11 19 23 22 12 9 8
8 5 0 8 11 12 13 13 20 25 25 15 12 11
4 7 8 0 5 6 7 7 14 20 19 13 9 8
7 11 11 5 0 3 5 5 12 18 18 15 10 9
7 11 12 6 3 0 3 4 11 16 16 14 9 9
8 12 13 7 5 3 0 3 9 15 15 14 9 9
7 11 13 7 5 4 3 0 9 15 14 12 8 8
15 19 20 14 12 11 9 9 0 8 8 16 13 14
19 23 25 20 18 16 15 15 8 0 4 18 16 18
19 22 25 19 18 16 15 14 8 4 0 16 15 17
11 12 15 13 15 14 14 12 16 18 16 0 6 7
7 9 12 9 10 9 9 8 13 16 15 6 0 3
5 8 11 8 9 9 9 8 14 18 17 7 3 0
