12
30
14 21 15 5 25 18 5 21 24 15 4 24 8 10 7 25 7 13 25 25 24 24 18 24 15 20 8 9 23 8
1 18 24 3 9 4 8 8 1 15 19 13 10 21 8 13 13 24 17 15 21 6 25 22 16 3 22 8 19 12
22 11 22 16 20 10 8 24 21 3 22 10 16 2 21 13 17 11 21 4 15 8 9 25 10 13 6 18 13 1
22 1 11 17 5 3 9 7 12 15 17 3 14 8 24 23 21 18 15 6 2 22 13 7 6 7 16 6 1 12
12 12 18 25 18 10 9 10 8 19 5 11 4 6 20 2 9 14 20 14 10 5 2 22 25 17 22 1 25 7
3 8 22 9 5 22 3 23 3 22 14 3 24 11 1 14 20 16 15 25 12 6 1 6 23 8 4 18 4 7
12 17 15 3 15 12 2 9 21 3 23 11 25 10 6 23 24 11 20 14 20 8 6 19 2 6 24 25 19 4
10 9 7 20 11 17 15 4 8 8 17 16 6 21 24 21 23 24 13 24 2 5 21 21 14 2 23 25 6 8
14 24 25 20 21 23 22 17 1 18 6 3 13 21 5 22 20 4 22 17 24 12 5 2 7 17 17 10 17 22
18 12 4 7 9 25 17 19 2 3 2 5 20 2 12 19 3 14 17 24 5 5 5 20 4 7 17 11 11 10
16 15 4 13 3 10 3 14 9 21 17 14 20 3 14 9 3 25 13 4 10 7 23 15 15 15 4 21 17 3
4 14 25 15 1 6 6 21 25 3 4 6 23 19 10 5 17 17 19 15 22 24 3 13 8 18 19 25 15 22
0 6 20 22 25 25 24 18 21 18 16 12 9 8
6 0 16 18 21 21 19 14 17 16 14 8 6 6
20 16 0 4 11 12 10 11 19 22 21 15 17 18
22 18 4 0 10 12 10 13 21 24 23 17 19 21
25 21 11 10 0 4 3 10 16 21 21 17 20 22
25 21 12 12 4 0 4 9 14 19 19 16 19 21
24 19 10 10 3 4 0 8 14 19 19 15 18 20
18 14 11 13 10 9 8 0 10 13 13 9 11 14
21 17 19 21 16 14 14 10 0 7 8 11 13 14
18 16 22 24 21 19 19 13 7 0 4 10 11 12
16 14 21 23 21 19 19 13 8 4 0 8 9 9
12 8 15 17 17 16 15 9 11 10 8 0 4 6
9 6 17 19 20 19 18 11 13 11 9 4 0 4
8 6 18 21 22 21 20 14 14 12 9 6 4 0
