12
30
18 6 7 9 7 24 9 9 25 19 5 15 2 22 23 23 16 14 18 1 15 7 5 12 6 19 22 8 23 23
23 9 12 9 1 15 4 4 24 10 24 12 24 13 21 14 2 24 23 8 7 13 1 21 21 12 20 24 24 23
3 1 17 18 5 2 16 24 6 5 17 1 21 4 2 6 10 22 12 16 20 20 1 18 25 8 18 24 19 19
5 2 9 19 11 3 7 4 24 14 23 25 24 16 2 2 5 24 20 21 23 23 14 6 18 1 20 21 10 6
3 7 16 21 24 6 2 13 2 21 9 12 2 7 12 1 19 12 2 3 20 6 12 19 21 1 23 12 3 14
15 14 22 10 10 5 1 10 5 6 9 5 5 3 23 3 4 1 14 2 15 25 18 21 3 2 21 6 18 5
15 8 25 21 13 18 16 22 13 4 25 17 15 17 7 19 15 8 21 23 25 1 3 18 14 17 5 16 20 3
10 1 15 11 22 15 4 23 16 20 22 13 3 12 18 3 7 19 25 18 9 19 9 13 7 5 14 20 1 22
6 12 12 12 8 5 9 5 21 23 2 10 14 15 4 24 14 22 11 18 15 1 1 19 10 1 21 11 11 3
12 23 16 3 11 22 15 22 7 14 4 18 20 2 9 24 14 21 15 2 6 13 1 12 14 23 10 23 9 9
16 7 23 23 17 17 8 8 1 6 25 3 8 13 7 24 21 21 18 12 9 13 24 16 24 1 7 24 18 23
17 20 4 18 10 8 2 13 23 11 4 18 4 21 21 23 17 5 19 8 21 8 16 13 16 22 6 2 25 18
0 14 13 15 17 17 21 19 16 17 14 13 8 7
14 0 8 8 7 7 10 13 17 22 21 21 19 19
13 8 0 4 6 6 10 8 11 16 16 16 16 17
15 8 4 0 4 4 8 6 12 18 18 18 18 19
17 7 6 4 0 2 6 8 15 21 21 21 20 21
17 7 6 4 2 0 6 8 15 21 21 21 21 21
21 10 10 8 6 6 0 9 17 23 24 24 24 25
19 13 8 6 8 8 9 0 11 17 18 18 20 22
16 17 11 12 15 15 17 11 0 8 10 10 14 17
17 22 16 18 21 21 23 17 8 0 6 6 12 15
14 21 16 18 21 21 24 18 10 6 0 2 8 12
13 21 16 18 21 21 24 18 10 6 2 0 8 11
8 19 16 18 20 21 24 20 14 12 8 8 0 5
7 19 17 19 21 21 25 22 17 15 12 11 5 0
