12
10
18 12 21 5 21 11 18 2 20 15
7 16 18 18 21 20 6 8 19 5
3 8 23 3 20 2 1 24 22 13
16 12 22 21 25 6 1 8 24 22
25 7 1 8 9 24 23 3 6 12
12 19 14 5 17 1 8 4 10 17
24 14 9 18 7 7 1 23 3 8
12 6 22 2 24 24 14 18 7 13
12 25 4 19 13 11 24 22 16 5
3 4 3 16 9 18 14 8 21 12
10 12 21 25 20 10 12 11 1 4
24 16 19 5 15 4 12 5 16 5
0 9 18 21 22 15 11 16 21 12 15 12 10 7
9 0 13 16 19 12 11 16 22 15 19 18 16 12
18 13 0 5 8 7 12 14 19 17 21 23 23 17
21 16 5 0 7 9 14 15 19 19 23 25 25 19
22 19 8 7 0 9 14 13 15 17 21 24 25 19
15 12 7 9 9 0 6 9 14 11 16 18 18 12
11 11 12 14 14 6 0 7 12 7 11 13 13 7
16 16 14 15 13 9 7 0 7 6 9 13 15 10
21 22 19 19 15 14 12 7 0 10 11 16 18 15
12 15 17 19 17 11 7 6 10 0 6 9 10 6
15 19 21 23 21 16 11 9 11 6 0 7 9 9
12 18 23 25 24 18 13 13 16 9 7 0 5 8
10 16 23 25 25 18 13 15 18 10 9 5 0 7
7 12 17 19 19 12 7 10 15 6 9 8 7 0
