12
10
8 13 3 22 22 6 5 10 25 11
13 1 3 18 12 7 10 15 6 10
14 8 18 10 12 22 7 16 13 2
25 16 2 6 8 16 2 6 13 24
9 21 3 13 17 6 9 19 6 17
15 10 20 13 2 9 21 17 10 10
2 17 5 7 22 13 14 23 12 21
1 5 23 25 20 7 6 21 14 5
18 20 10 24 2 24 4 7 12 22
8 25 15 21 3 12 18 1 25 22
9 15 25 15 23 20 12 11 14 19
12 6 3 11 12 9 16 8 16 8
0 7 9 12 17 20 21 25 23 20 18 17 16 13
7 0 3 7 11 14 15 21 19 17 15 15 14 12
9 3 0 7 9 14 15 21 19 17 16 16 15 13
12 7 7 0 9 10 11 16 13 12 10 11 10 9
17 11 9 9 0 8 10 16 15 16 16 18 17 17
20 14 14 10 8 0 4 10 10 12 13 15 14 16
21 15 15 11 10 4 0 8 7 10 11 14 13 16
25 21 21 16 16 10 8 0 4 9 12 14 14 18
23 19 19 13 15 10 7 4 0 6 9 11 11 15
20 17 17 12 16 12 10 9 6 0 4 6 7 11
18 15 16 10 16 13 11 12 9 4 0 4 4 8
17 15 16 11 18 15 14 14 11 6 4 0 3 6
16 14 15 10 17 14 13 14 11 7 4 3 0 5
13 12 13 9 17 16 16 18 15 11 8 6 5 0
