12
30
13 21 10 12 16 22 13 22 3 9 20 15 12 22 3 22 17 8 2 8 25 22 6 21 1 22 7 3 17 4
18 15 2 22 11 22 13 19 4 3 17 22 2 15 25 3 12 7 12 15 12 24 18 5 21 2 2 3 5 19
14 19 2 17 13 6 22 16 6 11 7 5 23 17 20 9 7 17 8 11 3 13 23 23 25 13 22 14 25 14
2 23 6 8 22 13 5 15 13 17 3 3 1 5 18 18 6 21 4 4 20 9 14 13 19 7 10 20 1 6
19 21 5 4 21 7 10 23 11 23 18 6 15 19 14 9 11 8 7 15 16 17 21 12 2 7 25 18 8 24
4 14 5 14 18 12 17 4 2 16 16 24 14 1 12 13 9 6 16 21 19 17 12 10 12 4 10 1 21 18
15 3 10 3 11 15 2 14 4 24 13 4 9 15 22 24 4 15 19 7 13 18 5 10 22 24 12 15 11 20
2 12 5 16 22 8 2 8 14 23 8 11 18 1 19 9 11 16 12 23 11 16 11 14 24 22 22 4 22 9
15 18 14 17 9 4 20 24 8 10 3 7 7 4 1 5 18 2 13 18 22 16 15 18 25 14 8 10 19 11
11 4 22 24 6 15 7 20 1 18 21 25 21 5 6 8 23 22 24 13 3 19 6 18 13 13 11 5 22 15
2 1 25 15 5 8 20 17 13 22 1 9 15 2 12 5 15 20 21 9 15 2 1 8 11 14 4 20 8 17
20 25 7 22 1 22 16 8 4 14 5 17 2 1 10 18 18 2 23 8 18 14 17 12 21 10 5 17 21 23
0 8 12 15 16 25 22 17 16 15 11 10 6 5
8 0 6 10 11 19 16 14 12 10 6 6 7 7
12 6 0 6 6 16 14 15 13 10 6 8 11 11
15 10 6 0 3 16 16 19 17 13 10 12 15 16
16 11 6 3 0 15 15 19 17 13 10 12 16 16
25 19 16 16 15 0 7 18 16 13 16 17 23 23
22 16 14 16 15 7 0 12 11 8 12 13 19 19
17 14 15 19 19 18 12 0 3 8 11 10 13 13
16 12 13 17 17 16 11 3 0 6 9 8 12 12
15 10 10 13 13 13 8 8 6 0 6 7 12 12
11 6 6 10 10 16 12 11 9 6 0 4 9 9
10 6 8 12 12 17 13 10 8 7 4 0 7 7
6 7 11 15 16 23 19 13 12 12 9 7 0 2
5 7 11 16 16 23 19 13 12 12 9 7 2 0
