12
30
6 15 24 8 5 4 22 16 6 20 15 19 24 21 17 15 3 19 1 13 20 13 25 14 5 16 13 10 15 22
22 8 13 24 8 21 25 20 5 24 7 18 13 11 6 18 3 22 12 16 11 10 8 1 25 20 13 17 9 5
1 16 10 17 8 10 3 3 12 21 10 2 2 1 20 17 14 8 18 24 18 10 11 13 16 8 7 25 7 6
4 19 6 17 5 6 20 13 13 5 12 22 12 13 5 1 21 4 6 9 19 11 10 3 23 1 4 21 20 1
3 3 13 16 10 22 23 2 1 23 4 16 23 4 7 21 13 5 15 11 13 23 10 4 23 2 4 9 15 21
1 15 1 2 1 5 17 1 1 23 18 7 21 12 7 9 1 1 9 20 18 6 24 21 6 23 8 14 19 12
18 2 1 4 16 25 9 13 7 9 17 12 6 15 18 17 22 24 17 8 11 9 5 7 19 19 16 15 25 16
4 20 15 7 17 25 5 6 5 2 24 22 16 17 15 6 22 6 16 6 2 25 23 21 1 3 1 4 16 18
23 12 17 7 21 21 8 15 23 1 23 3 15 15 7 2 12 14 12 18 9 3 6 8 13 19 10 3 19 18
4 10 13 9 24 5 11 9 12 17 4 25 9 25 17 11 1 16 14 9 25 12 15 22 24 24 21 25 8 14
15 21 23 24 7 25 16 6 2 21 5 14 23 1 5 19 15 9 21 17 22 2 23 19 7 6 22 5 1 4
11 19 6 15 11 24 5 24 9 15 10 6 4 23 16 2 8 11 6 7 19 15 2 1 5 23 3 3 23 18
0 4 12 11 15 18 18 17 12 9 8 15 13 5
4 0 9 10 13 15 15 14 9 7 8 15 13 7
12 9 0 5 8 8 11 11 8 9 13 20 19 14
11 10 5 0 5 9 14 14 11 12 15 22 21 15
15 13 8 5 0 8 16 16 14 15 19 25 25 19
18 15 8 9 8 0 11 12 12 15 19 25 24 21
18 15 11 14 16 11 0 3 8 11 16 19 19 19
17 14 11 14 16 12 3 0 7 10 14 17 17 18
12 9 8 11 14 12 8 7 0 4 9 14 14 13
9 7 9 12 15 15 11 10 4 0 6 12 11 10
8 8 13 15 19 19 16 14 9 6 0 8 7 6
15 15 20 22 25 25 19 17 14 12 8 0 3 12
13 13 19 21 25 24 19 17 14 11 7 3 0 10
5 7 14 15 19 21 19 18 13 10 6 12 10 0
