12
20
7 12 13 25 10 24 21 16 10 15 13 2 20 23 3 8 2 15 13 22
5 22 14 17 22 9 20 2 21 12 15 10 6 14 12 23 16 18 8 21
24 6 14 24 19 9 14 11 1 22 12 4 11 15 19 15 25 21 10 13
1 24 18 15 6 23 25 20 14 2 14 17 22 16 18 14 14 19 3 11
7 22 21 17 24 9 7 2 5 10 1 23 12 1 5 20 2 14 1 10
2 1 23 14 22 14 6 19 6 1 21 7 17 13 8 11 5 21 25 12
1 13 13 25 10 19 7 7 24 22 1 8 4 6 21 23 24 16 9 2
23 3 4 14 9 9 25 13 12 19 7 15 23 24 15 9 3 23 5 5
19 23 15 16 17 19 13 7 2 2 24 15 3 9 14 11 23 10 9 6
5 2 9 17 21 2 24 25 17 9 6 20 3 13 22 22 8 21 18 11
13 16 7 15 17 11 6 15 18 25 22 8 17 23 17 10 1 5 5 6
11 1 11 16 3 18 15 2 3 5 14 20 15 25 15 20 8 24 9 18
0 3 8 7 12 12 9 10 14 13 8 6 13 13
3 0 6 6 12 11 9 10 15 14 9 8 14 14
8 6 0 8 11 12 11 13 17 17 13 12 17 17
7 6 8 0 7 7 5 7 11 11 8 7 18 19
12 12 11 7 0 3 6 8 9 12 12 12 24 24
12 11 12 7 3 0 4 6 7 10 10 10 23 23
9 9 11 5 6 4 0 4 7 9 7 8 21 21
10 10 13 7 8 6 4 0 6 6 6 7 21 21
14 15 17 11 9 7 7 6 0 6 10 11 25 25
13 14 17 11 12 10 9 6 6 0 7 9 23 23
8 9 13 8 12 10 7 6 10 7 0 3 17 18
6 8 12 7 12 10 8 7 11 9 3 0 16 16
13 14 17 18 24 23 21 21 25 23 17 16 0 2
13 14 17 19 24 23 21 21 25 23 18 16 2 0
