12
30
10 18 11 17 4 1 12 11 11 9 10 6 10 9 5 5 11 4 18 11 10 22 25 15 13 17 12 7 16 15
4 6 5 4 22 13 16 2 17 9 14 16 7 13 13 19 7 16 6 14 9 16 7 6 23 8 11 3 13 18
2 10 5 21 15 15 19 2 1 14 25 22 22 7 14 24 11 6 18 1 3 2 25 5 18 15 7 21 18 22
15 2 14 20 12 16 19 20 9 11 1 4 5 11 23 3 1 11 11 6 10 22 25 21 13 8 4 15 4 21
10 21 23 17 17 1 2 1 16 4 4 12 15 23 13 7 23 6 10 21 12 5 22 6 24 22 2 16 15 13
24 1 19 20 3 15 15 23 23 3 23 10 21 24 24 12 25 14 1 8 14 5 5 19 19 8 18 18 6 3
14 5 16 12 22 13 17 17 3 25 6 2 20 2 11 4 21 22 12 12 6 3 15 14 13 8 25 12 3 24
16 14 5 12 19 8 24 6 9 6 7 8 25 25 24 16 4 17 24 11 17 25 25 4 12 25 19 5 18 19
20 10 17 17 14 3 7 14 1 19 4 19 5 25 20 20 9 20 18 15 4 13 1 6 25 4 19 18 25 6
5 24 21 6 14 4 25 5 21 9 17 7 13 17 11 24 23 1 9 14 19 9 13 10 20 14 11 17 19 1
18 9 10 2 18 21 17 2 10 20 14 22 15 19 16 25 13 19 9 7 4 25 1 18 17 17 13 3 5 15
22 15 16 23 7 6 11 17 7 9 16 6 17 11 6 4 3 5 10 19 20 23 20 7 14 25 11 10 18 6
0 6 7 11 17 19 22 25 24 20 20 17 15 6
6 0 4 7 13 15 18 21 20 17 18 14 13 4
7 4 0 5 12 16 19 22 21 19 19 15 14 6
11 7 5 0 9 15 18 20 20 20 20 17 16 10
17 13 12 9 0 10 13 14 15 18 18 16 16 14
19 15 16 15 10 0 5 8 7 10 11 10 10 15
22 18 19 18 13 5 0 6 4 9 10 10 11 18
25 21 22 20 14 8 6 0 5 12 14 14 15 21
24 20 21 20 15 7 4 5 0 9 10 11 12 19
20 17 19 20 18 10 9 12 9 0 3 5 7 16
20 18 19 20 18 11 10 14 10 3 0 5 6 16
17 14 15 17 16 10 10 14 11 5 5 0 3 12
15 13 14 16 16 10 11 15 12 7 6 3 0 11
6 4 6 10 14 15 18 21 19 16 16 12 11 0
