12
10
21 6 19 11 18 25 8 4 14 23
11 16 19 16 25 19 4 3 12 4
5 1 12 19 14 12 1 5 17 11
9 1 13 13 21 1 9 21 9 4
10 4 6 12 9 25 7 20 19 10
4 21 16 13 2 22 1 3 25 9
3 3 7 17 9 18 11 10 16 12
20 9 25 9 8 4 3 12 6 7
18 25 15 19 10 2 21 24 19 5
17 3 8 23 12 11 7 22 19 7
4 18 16 24 2 10 21 4 12 8
24 10 22 23 11 16 21 4 25 12
0 6 18 20 25 21 15 12 12 11 9 7 5 6
6 0 14 16 21 17 12 9 12 10 8 5 4 6
18 14 0 4 10 8 11 12 19 17 15 14 15 16
20 16 4 0 8 7 12 13 20 19 17 16 16 18
25 21 10 8 0 7 14 17 23 22 21 21 22 23
21 17 8 7 7 0 9 12 18 17 16 16 17 18
15 12 11 12 14 9 0 5 10 9 9 10 11 12
12 9 12 13 17 12 5 0 9 7 6 6 8 8
12 12 19 20 23 18 10 9 0 3 6 9 10 8
11 10 17 19 22 17 9 7 3 0 4 7 8 7
9 8 15 17 21 16 9 6 6 4 0 5 6 5
7 5 14 16 21 16 10 6 9 7 5 0 3 4
5 4 15 16 22 17 11 8 10 8 6 3 0 3
6 6 16 18 23 18 12 8 8 7 5 4 3 0
