12
20
6 8 15 21 20 16 8 10 15 6 14 11 22 11 17 1 4 3 22 14
7 2 12 25 4 13 2 20 25 7 4 9 14 24 10 20 12 9 6 15
14 19 12 10 17 11 20 17 20 1 21 1 25 13 16 25 16 24 24 6
14 12 24 14 9 4 24 1 12 24 1 21 10 22 1 5 18 6 3 11
15 13 8 5 7 22 8 2 1 9 12 5 4 12 11 9 6 23 23 7
11 12 24 19 23 13 11 5 1 5 19 24 1 19 19 14 14 13 3 15
14 21 22 5 10 5 22 3 14 18 5 2 8 11 22 18 11 1 16 3
10 16 4 19 23 25 21 4 13 25 21 24 11 22 2 15 12 24 10 16
6 18 21 11 24 10 24 4 11 23 8 21 14 17 4 19 4 23 15 23
12 8 10 25 8 9 11 3 13 2 6 20 15 2 20 18 15 11 22 12
7 22 16 16 12 23 15 10 18 24 1 6 23 16 20 19 24 20 8 18
13 21 7 17 3 13 23 16 3 7 22 4 1 20 17 8 20 12 6 18
0 5 10 9 19 18 18 14 11 7 7 11 7 2
5 0 9 11 21 21 21 17 14 10 10 12 7 5
10 9 0 11 20 24 25 21 18 15 15 19 14 10
9 11 11 0 12 15 17 13 10 9 11 16 14 9
19 21 20 12 0 14 18 15 15 17 19 23 23 19
18 21 24 15 14 0 5 6 9 13 14 16 19 18
18 21 25 17 18 5 0 6 9 13 13 14 18 18
14 17 21 13 15 6 6 0 5 9 10 12 15 14
11 14 18 10 15 9 9 5 0 6 6 10 11 11
7 10 15 9 17 13 13 9 6 0 3 8 8 7
7 10 15 11 19 14 13 10 6 3 0 6 7 7
11 12 19 16 23 16 14 12 10 8 6 0 7 11
7 7 14 14 23 19 18 15 11 8 7 7 0 7
2 5 10 9 19 18 18 14 11 7 7 11 7 0
