12
20
22 19 13 21 11 24 21 21 4 20 15 16 9 22 6 15 10 23 10 3
22 7 9 5 23 22 20 9 1 17 11 15 15 9 24 3 14 9 13 3
11 13 10 6 5 5 15 13 7 17 20 4 19 12 7 23 16 3 7 25
9 1 19 16 25 24 14 1 16 11 8 9 23 4 13 22 8 1 16 9
14 2 12 6 11 12 21 10 9 5 10 20 4 7 5 18 2 24 16 13
20 18 8 4 5 7 8 24 20 20 17 25 13 9 3 16 3 7 12 10
5 5 9 17 20 4 3 11 13 11 12 2 10 21 14 23 7 19 12 24
2 4 4 1 22 10 25 19 15 9 21 5 10 5 17 22 1 8 20 17
19 25 22 15 3 21 7 3 20 14 2 16 4 17 23 13 11 12 15 24
16 15 7 17 22 16 24 20 18 16 13 24 16 12 23 14 17 7 9 11
22 8 20 11 14 19 13 9 21 5 5 22 16 2 16 6 25 10 12 5
2 9 1 22 16 18 13 22 19 2 11 13 2 21 25 15 7 20 12 8
0 11 14 15 16 7 9 9 11 10 10 7 6 5
11 0 18 21 25 16 18 18 19 17 13 9 10 11
14 18 0 5 21 18 20 20 23 23 22 19 18 18
15 21 5 0 19 18 20 20 22 23 23 21 19 19
16 25 21 19 0 11 11 10 11 14 18 19 18 17
7 16 18 18 11 0 3 3 6 6 9 10 8 7
9 18 20 20 11 3 0 2 4 5 9 11 9 8
9 18 20 20 10 3 2 0 4 6 10 11 9 9
11 19 23 22 11 6 4 4 0 5 9 12 11 10
10 17 23 23 14 6 5 6 5 0 6 10 9 8
10 13 22 23 18 9 9 10 9 6 0 6 6 6
7 9 19 21 19 10 11 11 12 10 6 0 3 4
6 10 18 19 18 8 9 9 11 9 6 3 0 2
5 11 18 19 17 7 8 9 10 8 6 4 2 0
