12
30
7 24 23 12 16 23 6 22 5 2 3 13 13 7 6 24 14 25 21 18 20 11 11 10 19 4 22 23 22 25
19 22 19 1 11 13 12 14 2 11 18 23 1 14 8 12 23 11 6 22 19 22 24 5 11 9 14 19 5 16
24 22 23 8 20 22 9 23 17 10 3 8 3 21 19 4 23 8 5 3 16 1 16 20 9 4 8 11 18 2
20 21 4 2 11 19 14 22 25 19 13 1 18 18 11 20 10 23 9 22 22 1 6 13 14 1 22 10 2 5
2 17 11 8 20 21 10 6 6 20 21 20 23 14 3 23 13 17 8 5 5 18 24 24 25 3 20 6 5 19
12 8 13 10 21 4 12 6 20 11 2 2 22 6 16 1 21 17 8 3 19 9 8 10 14 8 13 1 17 2
21 10 12 23 3 18 23 1 19 10 24 9 6 16 17 25 3 16 22 21 17 25 10 24 4 6 15 11 5 3
2 11 10 15 5 25 15 4 14 7 2 13 16 15 13 21 2 2 12 18 15 3 23 19 8 15 9 16 16 5
18 20 13 18 5 2 24 6 3 1 10 22 11 5 4 3 12 9 9 11 20 11 23 21 20 23 12 9 13 20
12 1 25 14 17 12 12 23 4 18 17 4 11 22 2 7 21 19 22 7 4 21 12 5 22 20 8 25 13 24
7 24 7 8 19 5 21 2 25 11 9 9 22 11 12 14 19 24 5 4 14 3 21 17 8 4 17 7 2 21
24 11 8 2 9 1 5 16 21 13 14 24 21 22 15 14 9 24 12 4 18 20 18 4 23 13 18 1 8 1
0 7 10 12 20 22 20 23 23 16 18 15 11 8
7 0 5 7 15 17 15 20 21 14 18 14 10 4
10 5 0 4 12 14 13 19 20 14 19 15 11 6
12 7 4 0 10 12 13 20 21 15 21 17 13 8
20 15 12 10 0 4 10 17 20 17 24 20 18 14
22 17 14 12 4 0 10 18 21 18 25 22 20 17
20 15 13 13 10 10 0 9 12 10 17 14 14 13
23 20 19 20 17 18 9 0 5 9 14 13 15 18
23 21 20 21 20 21 12 5 0 8 11 11 14 18
16 14 14 15 17 18 10 9 8 0 9 6 7 11
18 18 19 21 24 25 17 14 11 9 0 5 9 15
15 14 15 17 20 22 14 13 11 6 5 0 6 12
11 10 11 13 18 20 14 15 14 7 9 6 0 8
8 4 6 8 14 17 13 18 18 11 15 12 8 0
