12
20
11 22 22 6 13 15 15 22 16 7 5 9 18 6 16 12 3 8 19 25
18 1 12 1 8 19 7 5 9 3 24 13 6 5 1 6 15 15 19 7
17 15 15 13 23 17 11 2 8 3 24 11 5 1 7 10 20 9 6 24
9 9 13 3 23 7 21 2 11 7 17 25 25 22 15 24 18 8 7 20
20 22 7 10 8 1 11 23 12 9 17 18 3 11 13 6 20 9 3 19
16 12 8 19 6 2 14 3 12 12 3 12 21 7 8 10 22 2 9 18
23 1 16 11 10 1 14 14 21 18 17 7 3 24 9 10 25 1 17 13
2 6 7 23 14 3 7 1 25 25 20 15 8 1 20 7 14 18 20 10
12 20 22 15 2 7 3 1 14 13 21 13 2 11 22 16 21 25 8 8
1 16 7 11 25 15 25 2 2 2 1 10 15 9 14 22 22 15 7 14
25 11 17 21 21 7 15 6 9 19 5 5 4 10 2 1 12 2 22 1
17 10 15 7 10 23 8 9 21 10 13 5 17 19 19 24 23 18 20 16
0 9 9 16 10 11 18 22 19 18 16 19 13 9
9 0 2 9 5 5 13 17 17 16 16 19 15 12
9 2 0 9 5 5 13 17 17 16 16 19 15 12
16 9 9 0 11 11 15 19 22 21 22 25 23 20
10 5 5 11 0 2 10 14 13 13 13 16 13 11
11 5 5 11 2 0 9 14 13 12 13 16 13 11
18 13 13 15 10 9 0 6 9 9 12 15 15 15
22 17 17 19 14 14 6 0 9 10 13 16 18 19
19 17 17 22 13 13 9 9 0 3 6 8 11 14
18 16 16 21 13 12 9 10 3 0 5 7 10 12
16 16 16 22 13 13 12 13 6 5 0 5 7 9
19 19 19 25 16 16 15 16 8 7 5 0 8 12
13 15 15 23 13 13 15 18 11 10 7 8 0 6
9 12 12 20 11 11 15 19 14 12 9 12 6 0
