12
10
8 14 17 16 20 19 22 3 25 24
25 16 7 10 2 5 8 2 4 13
8 12 2 22 3 9 22 1 17 6
19 16 4 21 17 3 11 23 15 3
16 4 5 14 12 13 3 1 17 16
21 25 1 9 1 8 20 9 22 2
14 17 21 1 22 9 15 24 5 22
21 21 9 7 5 10 25 10 19 23
15 24 17 13 21 23 23 12 8 7
20 25 13 25 16 16 12 7 7 16
13 3 10 8 6 10 13 6 7 8
15 18 7 19 14 16 7 5 11 21
0 3 11 15 16 22 19 21 21 23 23 16 15 4
3 0 9 13 15 20 18 19 19 21 22 15 13 6
11 9 0 8 10 15 14 16 19 21 24 19 16 13
15 13 8 0 4 9 8 10 14 16 20 17 14 18
16 15 10 4 0 7 6 8 12 14 18 16 13 19
22 20 15 9 7 0 7 7 14 16 21 21 17 25
19 18 14 8 6 7 0 3 9 11 15 15 12 22
21 19 16 10 8 7 3 0 8 10 15 16 13 24
21 19 19 14 12 14 9 8 0 4 8 11 9 24
23 21 21 16 14 16 11 10 4 0 7 12 10 25
23 22 24 20 18 21 15 15 8 7 0 10 10 25
16 15 19 17 16 21 15 16 11 12 10 0 5 18
15 13 16 14 13 17 12 13 9 10 10 5 0 17
4 6 13 18 19 25 22 24 24 25 25 18 17 0
