12
20
22 6 4 21 20 8 22 19 15 19 16 16 12 21 25 8 17 21 21 2
3 9 6 19 21 17 22 12 13 23 7 22 12 10 15 10 19 11 15 10
16 4 13 13 25 2 13 10 25 4 15 19 22 3 25 6 23 20 10 2
16 16 22 14 23 14 14 8 13 12 16 16 22 24 16 19 25 13 13 24
17 14 8 8 8 7 15 24 10 18 13 22 16 3 1 25 14 23 24 15
23 23 5 11 2 23 8 6 11 12 12 24 10 8 16 24 22 3 3 19
21 17 20 17 21 24 1 9 17 9 3 3 2 18 14 10 20 22 3 4
1 10 16 20 15 20 23 14 23 21 5 16 18 4 12 7 4 23 12 21
13 5 7 20 24 3 8 3 15 24 12 2 1 13 15 6 13 9 8 21
18 4 5 19 5 17 1 16 11 15 8 2 1 21 15 4 18 17 9 10
13 20 2 4 15 9 8 7 4 17 3 22 23 17 8 2 20 14 3 3
20 13 25 19 22 25 23 22 20 4 9 23 8 13 14 18 1 22 9 24
0 4 15 18 37 41 43 38 32 17 23 16 15 14
4 0 13 16 35 39 41 36 30 16 22 17 16 15
15 13 0 5 24 27 30 26 19 11 19 25 25 24
18 16 5 0 22 25 27 23 16 10 18 26 28 26
37 35 24 22 0 8 20 22 15 30 35 47 48 47
41 39 27 25 8 0 14 18 13 31 34 48 50 49
43 41 30 27 20 14 0 9 13 30 30 47 50 49
38 36 26 23 22 18 9 0 10 24 23 41 44 43
32 30 19 16 15 13 13 10 0 20 23 38 41 39
17 16 11 10 30 31 30 24 20 0 10 20 22 21
23 22 19 18 35 34 30 23 23 10 0 20 24 23
16 17 25 26 47 48 47 41 38 20 20 0 6 6
15 16 25 28 48 50 50 44 41 22 24 6 0 3
14 15 24 26 47 49 49 43 39 21 23 6 3 0
