12
10
20 17 19 14 12 14 6 6 12 12
10 2 8 23 12 19 17 10 4 10
23 15 11 16 5 20 13 20 16 15
18 6 25 20 8 14 13 20 18 24
11 13 4 11 4 5 6 10 16 16
13 22 20 5 19 15 9 13 6 4
4 1 15 17 8 10 11 12 1 3
16 6 11 21 8 6 19 6 8 16
13 5 8 18 6 16 7 15 17 2
3 2 3 17 20 19 13 25 12 18
5 21 25 20 16 3 2 1 1 25
2 11 6 12 11 2 5 12 17 5
0 22 25 32 35 37 40 33 26 28 18 18 23 13
22 0 8 23 26 39 46 42 35 42 31 38 43 34
25 8 0 17 19 34 42 39 31 40 30 40 46 36
32 23 17 0 5 22 31 30 24 35 28 41 48 41
35 26 19 5 0 21 30 30 25 35 30 43 50 43
37 39 34 22 21 0 11 14 14 23 23 37 45 40
40 46 42 31 30 11 0 9 15 18 24 36 43 40
33 42 39 30 30 14 9 0 9 11 17 28 35 33
26 35 31 24 25 14 15 9 0 12 11 25 32 28
28 42 40 35 35 23 18 11 12 0 12 20 26 25
18 31 30 28 30 23 24 17 11 12 0 16 24 19
18 38 40 41 43 37 36 28 25 20 16 0 9 8
23 43 46 48 50 45 43 35 32 26 24 9 0 11
13 34 36 41 43 40 40 33 28 25 19 8 11 0
