12
30
6 10 23 25 25 16 9 8 9 3 24 23 14 19 18 4 7 25 3 12 1 17 10 2 3 18 3 25 23 8
10 12 4 10 8 17 24 17 13 24 17 15 15 2 14 15 4 6 4 25 24 20 1 20 18 19 15 17 25 3
1 1 18 2 6 11 17 8 7 18 8 24 10 9 15 20 1 6 17 5 3 12 6 6 1 13 15 6 6 23
16 13 7 3 6 21 18 24 14 3 13 4 4 9 17 22 21 13 17 14 5 6 16 13 5 5 13 7 22 16
16 3 6 6 2 24 3 9 10 22 13 5 21 16 21 11 3 1 14 10 9 17 15 14 5 11 17 22 20 20
14 8 14 5 6 9 24 10 23 15 16 22 8 8 6 4 22 20 7 20 22 2 19 3 22 14 24 21 9 4
6 21 1 17 21 24 10 6 24 19 4 24 23 23 9 12 10 12 21 16 4 14 13 24 9 11 3 20 17 1
4 16 18 21 22 13 18 24 23 1 22 4 22 14 18 7 8 10 24 5 6 14 24 25 1 8 6 5 9 15
4 16 15 9 4 10 13 25 20 12 3 21 9 10 19 20 6 16 9 17 10 20 11 4 23 1 21 8 15 5
16 2 11 10 15 10 12 11 24 18 4 21 14 24 20 2 25 3 20 20 3 16 21 13 24 14 4 7 6 21
4 11 6 2 10 12 19 19 10 23 20 16 9 12 13 14 24 18 17 1 3 10 8 6 2 22 23 16 24 1
22 18 21 19 8 13 11 3 2 21 2 5 10 23 10 1 13 24 22 9 4 13 21 25 21 9 2 12 24 21
0 6 15 16 27 45 31 44 37 29 25 27 10 8
6 0 13 13 24 41 27 41 34 27 23 27 12 12
15 13 0 2 13 36 31 44 40 33 30 36 23 21
16 13 2 0 13 36 32 45 41 34 31 37 23 22
27 24 13 13 0 30 35 46 46 40 37 46 34 33
45 41 36 36 30 0 28 30 37 36 37 47 48 50
31 27 31 32 35 28 0 15 13 10 12 22 29 34
44 41 44 45 46 30 15 0 14 19 23 30 42 47
37 34 40 41 46 37 13 14 0 9 13 17 32 38
29 27 33 34 40 36 10 19 9 0 6 13 25 30
25 23 30 31 37 37 12 23 13 6 0 12 21 26
27 27 36 37 46 47 22 30 17 13 12 0 21 26
10 12 23 23 34 48 29 42 32 25 21 21 0 7
8 12 21 22 33 50 34 47 38 30 26 26 7 0
