12
30
17 17 7 21 12 2 18 1 20 9 11 8 18 14 14 5 10 3 5 6 13 10 9 10 17 6 1 16 19 10
9 5 2 8 17 19 24 6 11 7 21 12 16 21 19 3 14 14 13 1 20 21 3 23 7 10 9 15 21 5
13 16 1 9 25 11 16 9 19 5 10 24 5 7 5 2 21 13 6 4 10 1 15 20 2 24 24 14 25 20
25 8 21 18 10 13 3 21 22 18 17 2 15 10 24 23 7 1 22 19 16 21 23 12 7 24 9 22 22 18
3 17 7 18 21 8 6 6 11 6 11 6 3 16 15 8 3 12 20 21 14 25 23 10 19 4 7 17 9 9
19 9 20 6 4 4 10 20 6 7 10 19 25 8 7 25 24 20 16 13 19 16 18 12 7 6 14 23 25 17
18 12 13 20 20 1 15 11 1 7 11 25 4 13 4 4 18 5 17 22 11 21 16 13 10 17 9 14 1 8
4 13 3 20 16 7 21 10 25 20 18 21 25 22 10 1 13 25 13 15 25 8 1 23 25 11 25 8 2 22
13 25 3 15 12 8 22 21 24 1 17 16 19 20 11 4 10 22 19 17 11 5 7 22 21 2 8 21 17 21
12 2 13 3 21 21 2 2 11 12 22 3 7 24 10 7 6 18 17 6 23 18 23 22 8 9 5 18 18 12
14 15 8 21 15 22 16 9 20 20 19 13 10 7 3 13 21 6 12 11 12 22 21 4 13 22 18 23 14 10
23 8 17 18 10 17 8 24 6 21 6 3 10 2 2 7 16 17 18 25 21 5 19 11 2 5 16 13 8 2
0 9 16 24 24 46 49 50 43 31 33 31 26 14
9 0 8 20 20 39 42 44 37 29 32 31 27 10
16 8 0 18 17 34 37 39 33 29 33 33 30 11
24 20 18 0 2 46 48 50 46 44 49 49 45 27
24 20 17 2 0 45 47 50 45 44 48 49 45 27
46 39 34 46 45 0 5 6 6 26 32 39 40 33
49 42 37 48 47 5 0 5 9 29 35 42 43 37
50 44 39 50 50 6 5 0 8 28 34 40 42 37
43 37 33 46 45 6 9 8 0 22 28 34 36 31
31 29 29 44 44 26 29 28 22 0 8 14 16 21
33 32 33 49 48 32 35 34 28 8 0 8 12 24
31 31 33 49 49 39 42 40 34 14 8 0 7 24
26 27 30 45 45 40 43 42 36 16 12 7 0 21
14 10 11 27 27 33 37 37 31 21 24 24 21 0
