12
30
25 25 5 13 16 21 10 22 2 2 18 21 6 1 3 16 10 25 20 17 16 22 2 1 15 20 9 21 17 23
20 18 6 21 6 14 5 16 9 22 5 1 4 14 17 25 19 24 20 19 8 22 13 14 5 4 18 23 21 13
16 17 4 21 15 11 16 16 23 18 19 13 24 11 15 2 24 4 6 16 3 7 21 24 21 18 22 6 16 20
5 2 14 5 2 1 9 18 20 12 17 6 10 25 6 14 17 20 18 5 2 18 16 11 2 3 23 21 17 6
2 16 22 2 22 13 22 12 15 24 23 25 4 2 18 18 5 20 11 11 7 17 18 19 4 3 15 21 6 25
5 18 14 19 11 25 21 7 25 8 13 6 13 19 6 17 17 2 18 5 18 11 16 16 5 16 9 24 18 11
6 23 1 24 15 23 14 24 25 18 14 11 18 7 15 1 6 9 15 24 4 9 17 10 10 4 14 18 18 23
2 6 10 1 2 14 12 7 17 8 2 8 18 3 6 15 7 13 23 11 17 9 20 4 13 16 21 16 1 3
16 7 21 25 22 22 11 24 11 15 17 9 19 10 22 7 18 1 6 8 10 16 8 15 12 3 14 17 13 15
17 7 1 2 14 15 12 9 4 23 22 19 2 3 9 9 7 3 4 24 5 22 4 19 3 16 12 24 25 8
25 21 22 6 19 20 5 8 21 1 4 20 2 3 22 11 18 22 14 23 1 12 20 13 9 18 1 25 8 17
22 14 4 8 24 21 9 12 22 13 18 25 22 12 22 10 6 1 8 15 4 13 19 7 12 11 24 16 7 23
0 13 15 20 23 25 41 48 49 38 24 25 20 20
13 0 3 15 15 14 30 37 41 34 19 25 20 24
15 3 0 15 13 12 29 35 40 34 19 25 21 25
20 15 15 0 9 18 38 43 50 48 32 38 33 36
23 15 13 9 0 12 32 36 45 44 29 37 33 37
25 14 12 18 12 0 22 27 34 36 21 31 28 33
41 30 29 38 32 22 0 10 15 27 22 33 33 39
48 37 35 43 36 27 10 0 17 34 31 41 41 47
49 41 40 50 45 34 15 17 0 23 27 35 37 42
38 34 34 48 44 36 27 34 23 0 17 17 21 24
24 19 19 32 29 21 22 31 27 17 0 12 12 18
25 25 25 38 37 31 33 41 35 17 12 0 6 9
20 20 21 33 33 28 33 41 37 21 12 6 0 7
20 24 25 36 37 33 39 47 42 24 18 9 7 0
