12
30
5 11 18 13 21 12 17 10 11 23 20 2 2 18 21 21 5 21 4 24 21 17 3 23 25 24 16 3 13 13
6 5 24 22 2 3 20 10 14 19 6 16 15 7 22 1 25 8 7 2 24 1 14 3 4 19 20 8 7 5
1 17 19 19 11 10 25 24 25 21 9 1 6 4 25 4 21 6 6 3 16 2 19 5 10 6 21 8 8 15
10 12 8 16 9 19 3 3 8 6 14 3 22 17 4 5 24 13 7 24 19 22 10 17 6 8 11 19 5 16
17 23 1 6 18 14 11 23 20 3 13 8 13 14 8 10 25 20 10 25 5 22 7 22 23 13 23 13 16 21
9 13 20 1 14 14 11 12 16 23 3 20 4 24 2 1 12 19 8 14 3 1 25 6 15 16 20 22 21 18
16 25 14 10 7 23 14 15 8 14 25 7 3 22 2 17 11 5 9 25 9 8 9 2 1 17 13 19 2 4
24 7 19 11 4 10 13 8 20 5 11 9 24 4 12 19 4 24 11 14 21 11 24 25 1 15 1 1 24 7
21 17 23 19 21 7 18 18 9 11 12 4 21 13 4 17 1 19 20 3 15 10 18 1 6 21 2 19 3 22
20 9 2 15 11 23 18 2 2 6 21 10 1 17 10 4 15 5 19 17 25 3 12 4 6 4 7 2 14 16
14 2 11 15 1 19 22 10 17 16 8 24 1 8 6 11 20 20 25 24 13 17 9 20 9 20 19 13 18 15
9 19 12 24 13 23 10 23 25 20 19 17 11 17 5 22 14 11 22 14 14 19 5 13 18 2 11 2 8 22
0 2 11 16 18 26 28 22 14 36 30 27 28 25
2 0 11 15 18 26 28 22 15 36 31 28 29 25
11 11 0 7 9 20 26 23 18 41 37 37 38 35
16 15 7 0 8 22 30 28 23 46 42 42 42 39
18 18 9 8 0 15 24 24 22 43 41 42 45 42
26 26 20 22 15 0 14 18 22 37 38 45 50 48
28 28 26 30 24 14 0 9 17 25 28 38 46 45
22 22 23 28 24 18 9 0 10 21 22 30 38 37
14 15 18 23 22 22 17 10 0 24 21 25 31 29
36 36 41 46 43 37 25 21 24 0 11 26 38 38
30 31 37 42 41 38 28 22 21 11 0 16 28 29
27 28 37 42 42 45 38 30 25 26 16 0 14 15
28 29 38 42 45 50 46 38 31 38 28 14 0 6
25 25 35 39 42 48 45 37 29 38 29 15 6 0
