12
10
6 22 4 25 11 2 5 14 17 17
7 9 24 23 18 16 8 23 22 18
7 20 3 13 15 18 6 18 5 1
18 15 1 5 11 7 25 23 8 21
25 8 15 6 24 8 14 18 15 10
25 14 16 6 9 3 10 19 9 16
2 10 21 1 5 7 16 19 11 25
14 9 10 3 24 3 8 13 20 25
4 24 17 14 19 22 4 7 11 1
19 11 25 2 24 16 23 10 9 4
16 12 12 6 24 13 1 25 13 22
2 16 23 2 18 10 15 21 9 20
0 12 28 31 45 50 43 43 50 45 33 19 15 8
12 0 18 20 38 44 39 40 48 43 36 21 15 10
28 18 0 5 27 35 34 36 44 40 41 29 22 24
31 20 5 0 28 37 36 38 47 43 44 32 25 26
45 38 27 28 0 11 16 19 25 24 36 34 32 39
50 44 35 37 11 0 12 14 17 19 34 36 36 43
43 39 34 36 16 12 0 5 12 10 24 27 29 36
43 40 36 38 19 14 5 0 10 7 22 27 29 36
50 48 44 47 25 17 12 10 0 7 25 33 37 44
45 43 40 43 24 19 10 7 7 0 20 28 31 38
33 36 41 44 36 34 24 22 25 20 0 16 23 28
19 21 29 32 34 36 27 27 33 28 16 0 9 14
15 15 22 25 32 36 29 29 37 31 23 9 0 9
8 10 24 26 39 43 36 36 44 38 28 14 9 0
