12
10
17 13 14 19 15 20 22 12 1 12
8 14 13 10 21 21 6 24 6 5
24 2 11 17 14 7 6 19 13 13
21 5 2 21 9 2 24 13 7 2
19 5 16 20 23 7 13 12 9 8
5 2 8 19 15 20 14 21 7 22
15 11 5 7 8 16 4 21 4 12
9 19 15 2 14 10 11 17 2 3
6 5 25 10 6 21 25 17 25 24
22 14 15 11 9 2 22 13 24 2
13 23 7 17 15 17 23 22 15 17
4 25 17 22 6 3 17 16 7 9
0 14 26 38 41 39 31 33 34 32 28 31 32 23
14 0 14 28 28 26 19 20 24 21 19 27 30 20
26 14 0 16 17 15 9 12 22 20 21 33 36 28
38 28 16 0 16 17 18 20 33 31 34 46 50 42
41 28 17 16 0 4 11 11 22 22 26 38 43 37
39 26 15 17 4 0 9 9 20 20 24 36 41 34
31 19 9 18 11 9 0 5 17 15 18 31 35 28
33 20 12 20 11 9 5 0 14 13 16 29 34 27
34 24 22 33 22 20 17 14 0 4 8 18 23 20
32 21 20 31 22 20 15 13 4 0 6 18 23 18
28 19 21 34 26 24 18 16 8 6 0 14 19 13
31 27 33 46 38 36 31 29 18 18 14 0 6 10
32 30 36 50 43 41 35 34 23 23 19 6 0 11
23 20 28 42 37 34 28 27 20 18 13 10 11 0
