12
10
22 3 25 22 19 11 14 7 5 3
20 11 8 9 2 10 9 24 10 21
22 16 3 1 13 16 14 3 10 13
1 2 13 6 22 13 21 20 22 3
12 3 23 20 13 25 16 13 10 22
15 24 17 25 20 4 10 21 13 1
17 6 6 13 10 21 15 11 24 18
7 14 16 2 9 10 1 5 10 9
22 20 11 23 11 25 23 2 2 16
20 15 20 6 24 7 10 18 2 13
17 8 25 3 13 11 7 4 13 17
1 14 7 8 12 6 23 9 4 2
0 15 14 28 32 42 40 39 40 33 26 30 21 7
15 0 19 26 32 38 38 41 43 38 35 40 34 20
14 19 0 17 20 31 28 27 28 22 18 24 23 12
28 26 17 0 8 16 14 17 21 17 23 32 37 27
32 32 20 8 0 14 10 11 15 13 22 31 38 31
42 38 31 16 14 0 6 17 24 24 34 43 50 41
40 38 28 14 10 6 0 12 19 20 30 39 47 39
39 41 27 17 11 17 12 0 8 11 23 31 42 37
40 43 28 21 15 24 19 8 0 8 19 26 39 36
33 38 22 17 13 24 20 11 8 0 14 21 33 30
26 35 18 23 22 34 30 23 19 14 0 10 21 22
30 40 24 32 31 43 39 31 26 21 10 0 18 24
21 34 23 37 38 50 47 42 39 33 21 18 0 15
7 20 12 27 31 41 39 37 36 30 22 24 15 0
