12
20
22 8 17 2 3 24 13 2 19 15 23 17 4 14 17 21 7 1 2 16
6 24 4 8 18 20 8 9 5 4 18 22 11 5 25 21 7 14 1 25
3 6 7 2 23 20 1 11 25 7 21 25 23 6 13 9 10 16 6 6
6 22 4 24 21 5 17 24 3 25 25 1 22 16 4 19 3 11 19 6
2 11 11 23 13 3 20 9 19 6 24 14 11 3 2 20 17 13 24 14
14 6 10 24 12 8 13 13 18 16 8 14 23 7 12 18 22 24 9 21
25 22 1 19 3 5 24 14 13 24 9 6 22 3 20 3 3 19 14 12
6 5 8 1 1 1 25 4 17 3 22 19 4 1 12 14 14 22 6 6
20 15 14 17 25 19 9 16 22 19 14 3 3 17 6 10 13 4 24 11
22 4 19 19 9 15 1 16 1 6 24 24 20 25 22 22 11 6 11 13
16 18 17 24 7 16 23 24 4 17 2 7 20 23 20 3 9 7 24 14
16 13 13 3 20 7 8 1 16 23 17 12 7 8 11 6 22 7 18 15
0 20 34 37 50 44 47 47 50 50 48 21 17 14
20 0 16 20 34 30 33 36 39 43 41 11 15 18
34 16 0 10 22 24 27 32 35 41 40 20 25 30
37 20 10 0 16 15 19 25 27 33 33 19 25 30
50 34 22 16 0 13 14 22 22 31 31 32 36 42
44 30 24 15 13 0 5 11 13 21 21 25 29 34
47 33 27 19 14 5 0 10 11 19 19 28 31 36
47 36 32 25 22 11 10 0 5 11 11 29 31 35
50 39 35 27 22 13 11 5 0 10 11 32 34 38
50 43 41 33 31 21 19 11 10 0 5 34 35 38
48 41 40 33 31 21 19 11 11 5 0 32 32 35
21 11 20 19 32 25 28 29 32 34 32 0 7 12
17 15 25 25 36 29 31 31 34 35 32 7 0 7
14 18 30 30 42 34 36 35 38 38 35 12 7 0
