12
30
21 17 19 16 25 19 18 23 16 2 6 15 24 22 12 13 4 4 11 15 8 13 5 23 5 19 12 4 2 17
4 25 1 11 16 4 8 9 25 11 18 3 25 23 4 5 2 18 6 24 22 11 12 10 1 11 13 19 22 18
25 8 6 8 6 4 4 10 10 4 6 23 9 15 22 11 23 3 11 14 13 20 10 17 6 5 3 15 22 22
20 6 16 16 25 5 16 22 10 18 12 22 9 25 23 25 16 7 5 11 3 3 9 2 14 1 14 14 4 6
19 1 14 11 12 1 4 25 2 2 18 20 9 9 4 7 8 25 20 3 23 7 19 20 12 17 25 17 20 1
25 17 13 23 11 19 2 24 22 3 14 14 7 14 5 23 20 3 1 11 12 9 13 13 9 15 8 6 10 14
9 10 8 21 21 23 19 23 6 25 5 1 5 25 11 2 5 10 11 13 5 4 4 11 5 16 6 10 18 25
18 8 14 19 19 11 10 10 4 3 4 13 24 21 24 5 17 11 8 7 19 15 23 14 7 8 2 12 2 17
1 17 14 6 1 24 4 2 4 11 8 21 1 8 9 23 3 20 10 16 12 19 2 10 5 3 7 21 1 1
15 4 21 4 6 24 7 13 11 11 6 18 10 12 18 15 18 12 25 15 14 22 10 21 5 23 5 11 1 14
24 16 12 23 25 17 5 2 14 7 13 7 11 12 23 25 16 18 21 17 18 25 1 15 25 15 24 13 18 8
3 14 24 8 5 23 6 16 10 7 2 18 2 8 10 14 19 1 3 14 3 15 1 21 7 11 7 7 7 16
0 12 23 22 37 45 28 23 22 18 16 12 11 9
12 0 12 12 30 41 24 23 26 22 16 15 13 19
23 12 0 4 24 37 21 25 31 27 20 21 20 29
22 12 4 0 22 35 19 23 29 25 18 20 18 29
37 30 24 22 0 17 12 22 31 29 24 29 29 44
45 41 37 35 17 0 19 24 31 31 30 34 35 50
28 24 21 19 12 19 0 11 20 18 14 19 19 34
23 23 25 23 22 24 11 0 10 9 9 12 14 28
22 26 31 29 31 31 20 10 0 6 13 13 15 25
18 22 27 25 29 31 18 9 6 0 9 8 10 22
16 16 20 18 24 30 14 9 13 9 0 6 7 22
12 15 21 20 29 34 19 12 13 8 6 0 3 18
11 13 20 18 29 35 19 14 15 10 7 3 0 17
9 19 29 29 44 50 34 28 25 22 22 18 17 0
