12
30
23 12 11 2 21 16 8 4 2 18 3 21 5 11 20 3 23 15 21 4 12 2 24 3 25 17 24 7 23 11
10 16 25 7 23 2 21 5 18 1 15 3 9 8 1 2 13 16 20 7 20 20 25 1 15 5 23 21 24 13
22 8 8 4 25 3 22 10 15 20 12 25 3 14 8 14 1 11 15 22 1 23 7 5 2 13 8 14 3 17
9 7 12 15 15 1 22 21 21 13 12 8 7 7 21 20 16 3 19 12 16 22 12 23 13 2 10 7 5 1
22 5 11 25 22 21 13 15 4 15 4 22 21 18 18 9 5 25 4 13 21 19 20 5 9 22 24 11 9 22
8 4 5 9 22 24 23 24 5 20 2 5 16 2 21 1 20 7 22 16 1 21 16 18 24 6 15 10 2 25
6 24 20 24 14 2 21 2 5 25 9 3 13 22 8 3 6 2 1 12 19 5 24 22 6 13 13 5 10 22
15 15 20 1 11 24 7 25 8 2 18 23 7 24 21 24 17 9 3 5 23 1 25 7 25 1 6 8 18 12
10 13 9 14 2 25 11 7 11 4 11 12 10 12 20 8 3 6 10 1 19 23 23 10 13 1 8 14 19 8
8 2 22 9 22 10 7 24 16 1 25 2 9 13 23 2 6 9 21 16 14 4 16 23 2 24 2 23 9 11
7 1 7 22 13 6 6 23 8 22 22 4 25 17 9 13 9 10 21 11 21 14 17 6 8 18 3 5 18 15
7 13 25 7 11 2 18 12 13 20 9 3 21 5 1 7 8 3 12 1 14 5 12 4 22 18 5 21 19 2
0 6 16 17 15 19 21 22 20 26 37 30 14 13
6 0 11 15 15 19 21 22 21 29 41 35 19 17
16 11 0 18 22 26 27 29 28 38 50 44 28 25
17 15 18 0 9 11 12 14 14 29 48 43 27 28
15 15 22 9 0 6 8 9 8 21 41 36 21 23
19 19 26 11 6 0 3 5 5 21 43 39 24 27
21 21 27 12 8 3 0 3 4 20 43 39 25 28
22 22 29 14 9 5 3 0 3 19 42 39 25 28
20 21 28 14 8 5 4 3 0 18 40 37 23 27
26 29 38 29 21 21 20 19 18 0 26 25 18 24
37 41 50 48 41 43 43 42 40 26 0 9 24 27
30 35 44 43 36 39 39 39 37 25 9 0 18 20
14 19 28 27 21 24 25 25 23 18 24 18 0 8
13 17 25 28 23 27 28 28 27 24 27 20 8 0
