12
20
8 8 2 1 12 4 1 14 19 18 16 14 1 14 21 15 9 9 13 12
4 8 20 22 16 10 10 14 6 15 15 15 17 20 9 3 13 8 3 8
12 13 3 18 22 3 21 11 19 4 18 17 25 19 24 25 16 23 3 19
13 2 10 9 15 17 24 1 25 22 12 20 24 16 20 18 20 23 13 22
9 7 3 12 20 18 9 14 16 17 12 1 16 22 5 21 15 15 5 1
5 19 2 8 3 19 7 5 18 1 18 23 15 21 12 24 8 15 12 21
3 15 20 13 10 3 25 12 8 4 25 10 19 18 15 4 8 3 13 13
21 16 14 7 1 14 4 8 13 10 17 5 6 2 13 1 13 14 22 23
6 17 19 17 11 14 19 1 3 21 2 5 23 18 11 21 1 20 12 9
10 11 2 15 16 8 25 12 10 23 14 8 19 16 2 10 24 18 25 19
6 3 19 24 4 2 13 24 5 10 24 4 2 9 22 5 17 2 1 3
1 20 23 7 23 19 4 17 13 6 10 18 4 13 18 16 6 6 2 9
0 10 24 27 34 39 45 47 43 37 39 22 15 10
10 0 15 20 26 32 37 38 36 31 34 15 7 3
24 15 0 9 12 19 23 25 33 30 35 14 12 16
27 20 9 0 10 13 22 25 40 38 43 22 19 21
34 26 12 10 0 10 14 17 37 36 42 23 23 27
39 32 19 13 10 0 17 20 45 45 50 31 30 33
45 37 23 22 14 17 0 5 35 37 44 30 32 37
47 38 25 25 17 20 5 0 34 36 43 31 34 39
43 36 33 40 37 45 35 34 0 9 14 24 31 36
37 31 30 38 36 45 37 36 9 0 8 19 26 30
39 34 35 43 42 50 44 43 14 8 0 23 30 33
22 15 14 22 23 31 30 31 24 19 23 0 9 14
15 7 12 19 23 30 32 34 31 26 30 9 0 7
10 3 16 21 27 33 37 39 36 30 33 14 7 0
