12
30
4 13 3 14 17 8 11 6 8 20 6 1 13 21 5 24 7 18 24 15 6 11 20 5 10 12 10 12 14 22
6 21 4 24 19 14 12 12 25 23 1 23 1 2 19 21 12 9 15 22 15 2 17 14 24 17 20 16 13 21
12 19 3 8 8 21 21 16 12 21 11 19 10 3 7 9 9 13 19 13 9 24 25 18 23 19 18 3 14 21
10 8 3 12 22 5 5 4 22 4 24 12 1 17 4 22 19 7 7 13 12 22 15 16 5 11 10 5 19 8
14 17 12 17 5 10 5 6 18 10 23 5 5 4 18 6 15 7 3 3 21 22 15 17 5 5 21 7 16 4
18 12 10 1 12 3 5 1 12 1 16 17 7 25 13 11 18 3 1 10 20 5 16 13 8 16 13 5 23 23
6 3 10 21 24 1 24 11 19 8 7 23 23 8 21 16 16 19 23 7 25 15 14 4 17 6 22 12 5 15
16 3 22 3 15 21 5 24 10 18 2 1 22 22 6 12 7 11 1 11 21 1 15 5 12 4 21 13 19 12
18 7 20 10 20 17 15 2 6 9 16 24 19 11 9 9 19 9 19 11 9 19 16 5 12 8 8 23 2 18
16 18 1 20 19 19 17 18 9 24 14 19 9 15 8 3 6 2 12 20 9 23 10 16 5 23 22 8 21 4
24 6 24 15 24 18 16 19 3 20 2 2 15 11 5 3 13 7 1 6 4 2 13 25 11 11 2 16 7 24
2 6 9 6 5 9 21 1 8 3 15 9 9 21 20 10 5 21 23 24 5 15 16 9 18 5 1 23 23 13
0 13 11 10 6 12 17 34 37 40 33 36 36 11
13 0 6 18 17 24 29 45 48 50 42 42 36 20
11 6 0 14 14 21 25 44 47 50 41 43 39 20
10 18 14 0 6 10 14 35 40 44 38 43 45 19
6 17 14 6 0 9 13 33 37 40 33 38 41 14
12 24 21 10 9 0 6 27 32 35 30 37 43 15
17 29 25 14 13 6 0 25 31 35 31 38 47 19
34 45 44 35 33 27 25 0 9 13 16 27 46 28
37 48 47 40 37 32 31 9 0 6 11 22 43 29
40 50 50 44 40 35 35 13 6 0 12 20 42 32
33 42 41 38 33 30 31 16 11 12 0 12 33 23
36 42 43 43 38 37 38 27 22 20 12 0 24 26
36 36 39 45 41 43 47 46 43 42 33 24 0 30
11 20 20 19 14 15 19 28 29 32 23 26 30 0
