12
10
2 17 16 25 4 14 14 15 14 16
17 2 12 15 20 18 4 7 9 11
14 7 2 1 12 12 16 10 11 25
20 23 18 4 1 12 13 1 10 13
18 23 13 19 25 8 25 9 17 3
16 14 20 12 20 17 18 23 6 7
17 6 2 3 13 4 7 21 17 11
13 11 7 14 19 17 5 9 12 1
9 12 2 12 13 22 19 4 7 4
2 4 5 17 6 24 12 25 9 3
25 3 11 21 8 24 8 23 4 19
7 16 20 15 3 17 23 18 4 20
0 30 41 46 45 48 50 43 36 33 31 29 17 5
30 0 25 18 17 20 23 26 16 11 12 15 19 26
41 25 0 22 25 26 33 48 38 34 36 39 38 39
46 18 22 0 5 6 13 32 25 22 25 29 35 43
45 17 25 5 0 4 10 29 22 19 22 27 34 42
48 20 26 6 4 0 9 30 23 21 24 28 36 44
50 23 33 13 10 9 0 26 21 21 24 28 37 47
43 26 48 32 29 30 26 0 11 16 16 16 28 40
36 16 38 25 22 23 21 11 0 6 7 9 21 33
33 11 34 22 19 21 21 16 6 0 5 9 19 30
31 12 36 25 22 24 24 16 7 5 0 6 16 27
29 15 39 29 27 28 28 16 9 9 6 0 14 25
17 19 38 35 34 36 37 28 21 19 16 14 0 14
5 26 39 43 42 44 47 40 33 30 27 25 14 0
