12
20
3 21 23 5 19 11 3 5 13 2 6 13 17 10 21 23 24 17 17 22
6 7 16 1 22 12 19 23 15 7 13 20 10 16 12 22 15 17 4 24
17 1 3 15 13 5 23 25 12 14 14 14 15 14 1 12 17 9 1 17
25 3 15 23 11 19 16 13 18 4 4 18 24 22 14 20 15 9 2 6
7 11 3 4 3 5 9 19 15 12 22 6 15 3 10 2 3 23 21 18
23 5 19 6 16 22 13 5 8 2 11 23 19 21 18 12 19 19 19 5
9 25 14 5 23 15 4 21 7 1 17 17 5 24 13 5 11 18 15 13
18 9 25 16 25 10 17 25 21 22 10 12 17 19 7 4 18 17 1 4
7 13 17 24 22 17 24 9 13 14 5 18 11 8 21 21 6 6 10 13
2 17 8 10 8 6 21 17 20 4 18 13 22 19 1 18 19 18 16 20
6 7 5 14 11 13 23 19 24 1 22 8 5 3 3 9 18 18 25 4
24 19 18 11 19 5 25 3 11 5 7 10 5 7 3 7 14 17 1 11
0 17 22 14 12 20 23 27 21 19 20 31 20 17
17 0 16 11 21 30 38 43 37 34 31 40 29 25
22 16 0 10 19 24 38 45 39 39 40 50 39 36
14 11 10 0 14 21 32 38 32 31 32 42 31 27
12 21 19 14 0 10 20 28 22 24 29 40 29 27
20 30 24 21 10 0 19 27 24 28 35 46 37 34
23 38 38 32 20 19 0 10 9 17 28 36 31 30
27 43 45 38 28 27 10 0 8 15 26 32 30 30
21 37 39 32 22 24 9 8 0 10 21 29 24 24
19 34 39 31 24 28 17 15 10 0 13 21 16 16
20 31 40 32 29 35 28 26 21 13 0 12 5 8
31 40 50 42 40 46 36 32 29 21 12 0 13 16
20 29 39 31 29 37 31 30 24 16 5 13 0 5
17 25 36 27 27 34 30 30 24 16 8 16 5 0
