12
30
10 23 21 8 21 10 13 1 17 10 21 9 12 6 8 18 2 20 25 20 8 15 22 25 21 25 15 20 10 16
11 4 2 13 23 9 22 22 6 23 8 9 5 22 14 3 15 4 14 10 11 6 25 11 8 16 7 24 6 21
23 23 20 10 3 13 3 9 16 25 14 8 23 19 1 1 6 13 15 25 12 19 15 22 18 25 5 25 16 20
15 22 2 21 13 23 22 9 11 4 8 11 15 23 7 14 23 22 14 23 12 7 21 21 6 24 13 11 18 1
18 17 13 5 6 10 17 5 18 18 21 1 6 17 5 4 7 7 3 19 7 16 13 5 13 21 15 1 7 23
7 7 18 5 21 25 1 6 6 20 1 13 1 24 18 4 7 22 22 12 24 8 21 9 25 16 19 15 18 19
13 16 12 18 7 22 19 11 2 4 21 1 16 7 12 11 5 18 19 2 1 23 1 20 14 10 24 18 13 24
10 18 7 8 12 4 15 21 23 7 16 8 22 24 12 10 16 25 18 4 11 9 11 2 23 3 7 6 18 25
19 7 19 10 15 3 21 21 14 2 10 22 20 22 1 3 16 5 19 23 12 16 1 2 25 13 4 7 1 22
8 22 20 11 20 10 12 25 14 25 12 1 15 16 8 11 9 18 9 12 20 3 4 10 15 20 7 8 23 13
9 5 9 10 2 21 11 6 11 11 5 19 1 11 15 17 23 18 24 10 19 9 20 21 10 12 1 17 3 7
12 22 25 7 14 23 25 3 13 11 19 3 6 25 6 20 23 1 15 23 18 17 22 8 14 12 14 1 3 24
0 15 19 23 26 14 16 21 25 27 29 31 27 19
15 0 20 25 28 20 24 34 38 40 41 43 34 26
19 20 0 7 10 8 13 27 37 41 43 47 45 37
23 25 7 0 5 10 13 27 37 42 44 48 48 40
26 28 10 5 0 13 15 28 39 44 46 50 50 43
14 20 8 10 13 0 7 21 30 34 36 40 39 32
16 24 13 13 15 7 0 16 26 31 33 37 38 31
21 34 27 27 28 21 16 0 13 20 21 27 33 29
25 38 37 37 39 30 26 13 0 8 10 15 26 25
27 40 41 42 44 34 31 20 8 0 3 8 20 21
29 41 43 44 46 36 33 21 10 3 0 7 20 22
31 43 47 48 50 40 37 27 15 8 7 0 17 21
27 34 45 48 50 39 38 33 26 20 20 17 0 10
19 26 37 40 43 32 31 29 25 21 22 21 10 0
