12
30
16 22 10 16 19 16 8 8 23 2 21 23 20 14 13 12 10 20 21 9 5 6 24 17 13 14 16 7 2 7
23 11 3 5 6 23 1 20 16 15 13 6 10 24 11 17 9 23 10 9 6 18 25 7 20 2 3 9 2 13
22 5 20 19 25 11 9 21 8 19 8 8 17 14 16 9 15 12 2 5 20 20 9 3 11 14 22 4 19 1
4 12 21 13 22 23 19 1 21 6 21 13 20 15 25 20 9 10 4 17 18 20 13 24 16 22 8 8 15 18
6 24 7 18 22 9 25 7 17 15 18 11 17 13 19 8 8 16 17 8 6 25 6 3 20 3 5 22 22 6
17 5 21 21 19 17 14 15 17 3 4 7 23 11 13 11 11 14 5 23 2 18 18 11 20 18 25 19 7 16
21 3 15 21 10 23 1 18 4 1 8 10 15 6 25 18 8 23 6 2 24 2 16 9 2 13 21 16 5 12
25 7 2 1 2 21 23 6 15 24 9 2 19 3 6 18 10 9 13 20 10 24 16 14 3 24 15 5 12 1
6 15 5 8 23 21 14 9 8 8 22 11 21 6 21 25 20 25 3 17 11 3 2 1 10 4 18 16 15 16
24 20 10 14 13 4 20 9 3 5 21 8 14 20 7 17 14 24 2 2 20 3 5 21 18 3 16 20 4 24
25 6 16 22 12 3 7 5 10 4 19 8 16 13 18 2 9 3 13 4 16 15 7 13 1 8 12 24 13 2
7 1 19 25 10 3 10 18 9 16 3 11 19 1 21 20 10 13 16 7 5 21 2 12 16 13 3 15 24 18
0 12 17 19 21 33 31 29 32 42 27 26 14 11
12 0 7 8 13 26 20 20 23 35 21 19 6 7
17 7 0 4 7 21 16 20 24 36 23 20 10 12
19 8 4 0 7 20 13 19 22 35 22 19 11 13
21 13 7 7 0 15 12 23 27 40 27 24 16 18
33 26 21 20 15 0 16 34 37 50 39 36 30 31
31 20 16 13 12 16 0 20 23 36 26 23 22 24
29 20 20 19 23 34 20 0 5 18 9 6 17 20
32 23 24 22 27 37 23 5 0 15 9 7 20 22
42 35 36 35 40 50 36 18 15 0 16 18 31 33
27 21 23 22 27 39 26 9 9 16 0 5 16 18
26 19 20 19 24 36 23 6 7 18 5 0 14 17
14 6 10 11 16 30 22 17 20 31 16 14 0 5
11 7 12 13 18 31 24 20 22 33 18 17 5 0
