12
10
12 10 6 24 20 13 14 25 24 19
17 14 6 4 1 2 1 12 23 1
13 18 22 11 22 21 23 8 23 11
4 8 14 16 14 20 24 2 6 13
23 14 25 1 9 24 4 22 3 19
20 12 17 24 8 10 13 14 5 12
13 25 6 1 6 5 1 7 4 11
17 2 13 14 23 15 1 6 4 19
3 12 25 20 1 24 5 8 2 25
3 14 4 11 8 22 13 7 12 19
5 10 6 7 4 8 2 2 4 21
13 2 22 16 5 7 18 3 21 2
0 5 12 18 20 24 31 33 38 32 24 23 17 2
5 0 9 15 19 24 28 30 35 28 21 21 15 5
12 9 0 9 16 23 23 23 31 24 20 21 14 12
18 15 9 0 12 21 16 19 31 24 24 26 19 19
20 19 16 12 0 11 13 28 41 35 34 35 28 21
24 24 23 21 11 0 19 38 50 44 42 42 36 25
31 28 23 16 13 19 0 24 40 35 38 40 34 31
33 30 23 19 28 38 24 0 18 14 23 27 24 33
38 35 31 31 41 50 40 18 0 8 18 21 23 38
32 28 24 24 35 44 35 14 8 0 14 17 17 31
24 21 20 24 34 42 38 23 18 14 0 5 8 23
23 21 21 26 35 42 40 27 21 17 5 0 8 22
17 15 14 19 28 36 34 24 23 17 8 8 0 17
2 5 12 19 21 25 31 33 38 31 23 22 17 0
