12
20
4 11 10 23 15 23 12 11 22 10 16 24 16 9 2 16 17 13 17 21
15 24 7 4 21 19 12 7 25 23 12 3 12 23 24 3 5 19 25 25
17 2 25 23 19 4 25 1 24 11 14 8 24 24 21 8 11 17 15 19
8 1 17 6 8 23 9 12 22 13 10 25 16 9 15 12 11 19 8 11
16 7 4 7 20 5 14 11 5 15 16 23 14 14 14 20 20 14 6 8
7 19 9 25 2 14 14 9 1 18 10 9 1 25 24 10 24 4 9 5
14 18 14 19 9 22 20 15 8 15 1 20 23 19 6 9 24 2 3 5
20 9 6 1 21 4 7 15 8 24 21 18 18 3 25 10 21 23 4 20
17 3 7 21 14 24 9 11 6 22 8 14 8 5 20 7 24 19 19 11
9 11 16 21 24 15 23 8 22 5 4 14 3 10 18 23 22 6 10 25
4 13 18 22 7 20 23 18 8 22 25 3 14 6 2 3 17 6 9 1
2 2 12 11 16 5 25 1 6 21 3 10 8 14 2 13 20 6 19 11
0 11 22 18 6 16 18 33 27 28 30 32 25 13
11 0 19 17 14 24 25 38 35 37 39 41 31 20
22 19 0 6 21 28 24 30 33 38 44 47 46 34
18 17 6 0 17 23 20 27 29 34 39 42 42 29
6 14 21 17 0 12 13 28 23 24 27 30 28 15
16 24 28 23 12 0 7 22 14 14 18 20 30 17
18 25 24 20 13 7 0 17 12 15 21 24 35 22
33 38 30 27 28 22 17 0 14 21 29 32 50 38
27 35 33 29 23 14 12 14 0 9 16 20 40 29
28 37 38 34 24 14 15 21 9 0 9 13 36 27
30 39 44 39 27 18 21 29 16 9 0 5 32 26
32 41 47 42 30 20 24 32 20 13 5 0 31 26
25 31 46 42 28 30 35 50 40 36 32 31 0 15
13 20 34 29 15 17 22 38 29 27 26 26 15 0
