12
30
13 25 16 17 5 2 3 9 23 7 14 14 14 14 16 22 4 8 2 23 10 15 4 10 8 23 22 10 18 25
19 22 22 8 6 16 24 7 11 14 4 4 20 15 22 16 20 2 19 2 20 13 13 5 23 9 7 3 23 13
8 3 7 20 2 11 7 25 15 6 4 20 10 23 18 22 24 25 9 19 9 22 25 22 1 11 9 12 7 21
2 24 14 21 3 22 17 3 4 25 5 17 13 4 10 21 22 1 19 4 9 24 6 5 20 23 9 11 18 17
11 24 4 20 25 15 21 19 17 4 25 18 23 10 18 17 16 4 23 15 16 13 3 11 17 13 25 12 5 6
14 18 12 16 9 11 2 5 25 25 15 6 20 19 6 8 14 10 16 22 11 11 8 12 6 16 1 22 2 2
10 11 3 23 4 6 17 12 8 23 23 4 17 9 1 5 22 2 1 24 9 1 20 3 19 17 12 18 25 25
7 22 18 1 9 17 9 8 4 2 8 3 25 9 6 10 19 10 19 7 20 1 19 4 24 17 18 15 24 17
17 23 11 17 17 16 9 17 17 18 8 5 6 5 12 11 21 19 4 14 11 22 3 24 6 12 3 13 23 4
16 6 8 15 8 23 17 18 18 23 14 15 17 24 13 13 2 2 3 20 14 14 2 2 7 6 9 25 4 19
22 24 23 22 22 16 25 24 23 22 12 8 9 15 1 13 6 23 8 3 2 1 8 1 1 3 6 19 6 13
5 10 1 2 24 9 8 3 14 3 6 19 15 9 22 13 12 23 8 3 24 1 4 23 9 10 14 15 22 3
0 2 19 23 23 34 42 39 50 30 30 19 13 9
2 0 19 23 23 33 42 39 50 30 30 19 13 9
19 19 0 6 14 21 28 22 37 17 27 23 23 21
23 23 6 0 17 21 26 19 33 14 26 25 25 24
23 23 14 17 0 12 22 22 48 30 40 34 31 28
34 33 21 21 12 0 11 15 46 32 45 42 41 38
42 42 28 26 22 11 0 13 46 36 50 49 49 46
39 39 22 19 22 15 13 0 34 25 40 42 42 41
50 50 37 33 48 46 46 34 0 22 29 40 45 47
30 30 17 14 30 32 36 25 22 0 17 22 26 27
30 30 27 26 40 45 50 40 29 17 0 14 21 24
19 19 23 25 34 42 49 42 40 22 14 0 8 12
13 13 23 25 31 41 49 42 45 26 21 8 0 6
9 9 21 24 28 38 46 41 47 27 24 12 6 0
