12
30
21 1 1 21 6 25 6 3 4 18 23 10 4 13 12 1 13 5 13 22 1 21 1 18 6 8 5 17 14 6
20 14 1 1 2 9 19 9 16 23 4 8 25 17 18 3 7 6 11 10 14 10 23 13 20 7 12 23 14 23
19 7 14 23 16 8 22 21 5 1 15 9 18 5 7 17 7 15 15 4 2 19 11 13 25 18 23 24 9 4
9 5 11 17 19 5 4 22 5 18 21 18 18 19 16 14 13 7 12 3 18 24 4 9 5 24 22 10 1 13
16 16 12 22 10 2 22 19 7 19 19 10 21 24 15 1 1 17 25 25 13 4 7 13 8 15 7 7 25 3
11 3 13 23 25 9 9 8 11 5 24 15 22 25 19 12 6 22 20 3 15 23 12 13 9 11 18 24 7 4
1 21 2 14 8 7 16 3 7 20 15 25 13 16 21 1 2 13 21 11 24 8 22 21 6 17 12 20 16 13
21 11 10 2 3 16 6 15 19 16 5 16 2 4 18 20 16 14 6 14 24 6 8 23 16 9 7 11 2 5
12 12 9 13 25 24 9 7 9 10 25 9 23 10 5 20 24 5 3 7 24 17 25 18 2 6 15 5 25 13
2 19 17 2 10 11 18 7 4 22 9 12 8 13 17 1 16 18 9 12 22 11 16 12 6 2 18 5 6 5
10 12 25 19 9 2 23 4 6 11 12 4 14 8 1 13 20 16 17 17 25 5 8 15 9 18 24 2 13 3
7 14 17 9 19 21 10 19 12 15 16 6 6 10 3 23 11 8 5 10 5 2 15 20 16 11 6 3 23 25
0 2 17 25 27 34 41 42 45 49 50 32 19 25
2 0 17 25 27 34 41 42 45 49 50 31 18 25
17 17 0 10 12 19 26 28 32 37 41 22 11 28
25 25 10 0 6 11 19 21 26 31 39 20 15 33
27 27 12 6 0 9 15 17 22 27 34 17 14 32
34 34 19 11 9 0 10 14 20 25 35 21 21 38
41 41 26 19 15 10 0 6 12 18 30 20 26 41
42 42 28 21 17 14 6 0 8 14 25 18 26 39
45 45 32 26 22 20 12 8 0 7 20 18 28 39
49 49 37 31 27 25 18 14 7 0 15 19 32 39
50 50 41 39 34 35 30 25 20 15 0 21 34 35
32 31 22 20 17 21 20 18 18 19 21 0 15 23
19 18 11 15 14 21 26 26 28 32 34 15 0 20
25 25 28 33 32 38 41 39 39 39 35 23 20 0
