12
20
22 17 19 18 5 9 22 10 9 4 3 11 17 3 23 7 8 6 7 6
5 25 15 5 19 22 8 14 6 22 21 2 25 17 8 14 5 6 6 9
19 20 7 21 15 2 8 12 8 3 20 11 8 4 1 3 19 5 10 14
13 19 22 21 21 7 23 10 21 12 24 3 4 20 22 2 22 17 24 6
19 11 21 17 11 4 10 12 21 19 12 16 16 14 1 19 13 24 15 22
25 14 1 23 19 22 11 1 1 17 24 8 5 15 11 13 8 25 13 18
24 16 24 8 1 14 22 8 1 21 6 12 16 24 5 3 11 2 3 15
17 12 5 1 5 23 15 22 22 7 20 3 14 13 6 20 14 21 16 15
12 6 13 1 24 13 13 5 16 14 24 22 2 14 11 14 19 22 18 9
7 5 7 9 12 12 1 22 8 17 15 21 18 19 6 21 24 25 8 10
22 18 2 18 5 1 14 25 4 14 23 22 14 15 16 2 12 2 3 16
8 7 8 24 13 13 8 2 21 14 8 8 1 4 18 3 19 19 2 15
0 13 16 22 40 40 34 30 30 19 13 11 16 13
13 0 10 20 33 31 23 18 19 12 11 23 27 24
16 10 0 13 26 26 21 19 22 20 18 25 27 23
22 20 13 0 22 26 27 27 32 31 28 28 28 24
40 33 26 22 0 11 22 26 33 41 42 47 48 43
40 31 26 26 11 0 14 20 26 37 39 49 50 46
34 23 21 27 22 14 0 8 14 26 30 44 47 43
30 18 19 27 26 20 8 0 8 20 24 40 43 40
30 19 22 32 33 26 14 8 0 16 23 40 45 41
19 12 20 31 41 37 26 20 16 0 9 28 34 31
13 11 18 28 42 39 30 24 23 9 0 21 27 24
11 23 25 28 47 49 44 40 40 28 21 0 8 8
16 27 27 28 48 50 47 43 45 34 27 8 0 6
13 24 23 24 43 46 43 40 41 31 24 8 6 0
