12
20
10 16 11 22 4 25 1 12 6 20 23 21 17 3 7 7 3 15 11 13
24 1 8 20 22 22 4 24 14 6 13 20 13 23 9 22 12 8 8 13
11 18 25 23 20 21 21 24 12 11 4 18 22 7 1 18 23 9 6 4
8 19 3 18 3 6 15 25 22 24 13 17 12 8 8 6 16 2 9 24
5 19 25 20 22 9 19 16 22 9 7 15 1 21 15 16 7 6 10 17
15 20 18 2 25 9 16 11 7 21 15 16 2 10 8 25 10 9 13 14
9 17 19 10 13 18 17 11 20 8 9 7 4 5 20 25 10 20 22 23
5 5 8 6 13 25 23 15 3 16 1 5 12 22 24 4 15 14 23 10
10 12 11 14 9 14 7 24 20 14 19 5 3 23 19 19 15 16 7 25
18 19 5 25 5 23 1 12 13 2 15 2 15 8 25 12 12 22 21 1
5 9 9 19 9 21 16 4 6 21 17 14 12 18 6 2 11 17 24 6
8 5 24 14 12 1 22 7 14 10 14 3 12 7 20 23 5 16 12 21
0 13 14 18 19 31 43 23 17 23 16 12 9 8
13 0 9 15 20 21 32 13 13 20 20 18 20 20
14 9 0 7 12 19 34 19 21 28 25 22 21 19
18 15 7 0 7 19 36 24 26 33 31 27 24 21
19 20 12 7 0 23 41 30 31 38 34 29 24 21
31 21 19 19 23 0 20 22 31 37 39 38 38 36
43 32 34 36 41 20 0 24 36 38 46 46 50 50
23 13 19 24 30 22 24 0 13 17 23 24 30 30
17 13 21 26 31 31 36 13 0 9 11 14 22 23
23 20 28 33 38 37 38 17 9 0 12 17 26 28
16 20 25 31 34 39 46 23 11 12 0 7 17 20
12 18 22 27 29 38 46 24 14 17 7 0 11 14
9 20 21 24 24 38 50 30 22 26 17 11 0 5
8 20 19 21 21 36 50 30 23 28 20 14 5 0
