12
20
17 12 16 23 17 25 4 6 24 19 18 4 4 17 2 3 5 17 5 10
22 11 8 8 5 24 24 4 2 20 19 22 5 1 17 8 23 5 1 14
2 10 5 13 17 1 1 17 19 15 2 1 2 7 12 21 23 6 8 9
16 19 5 23 16 4 2 7 10 17 17 22 20 9 8 16 11 25 8 21
5 10 11 15 18 17 3 14 18 20 11 14 6 25 1 3 7 2 13 22
25 11 25 1 9 3 12 16 22 18 16 25 14 22 16 22 22 7 20 6
13 1 8 16 14 5 3 22 16 13 15 19 13 2 24 20 19 18 2 23
10 15 9 3 3 7 22 25 18 12 8 11 1 9 15 2 22 1 20 3
19 16 8 15 17 25 9 1 16 3 22 13 25 22 10 22 3 7 23 21
21 21 4 10 10 24 5 18 17 9 11 6 8 12 21 18 12 25 6 23
22 5 22 11 22 23 21 10 14 3 25 20 7 5 23 5 9 23 1 17
21 20 18 18 19 21 10 11 17 23 2 2 5 6 21 25 11 17 20 12
0 8 12 22 23 23 40 38 50 39 37 28 18 12
8 0 8 17 19 18 36 34 49 39 38 32 22 14
12 8 0 12 13 12 29 28 42 33 34 29 21 11
22 17 12 0 5 7 21 21 41 34 38 37 31 21
23 19 13 5 0 4 19 18 38 32 36 36 31 21
23 18 12 7 4 0 19 18 36 29 33 33 29 19
40 36 29 21 19 19 0 6 29 30 39 44 43 35
38 34 28 21 18 18 6 0 25 26 34 40 40 32
50 49 42 41 38 36 29 25 0 15 24 37 44 41
39 39 33 34 32 29 30 26 15 0 12 24 30 29
37 38 34 38 36 33 39 34 24 12 0 15 25 27
28 32 29 37 36 33 44 40 37 24 15 0 13 20
18 22 21 31 31 29 43 40 44 30 25 13 0 12
12 14 11 21 21 19 35 32 41 29 27 20 12 0
