12
20
9 4 18 24 25 17 4 6 17 6 6 8 21 15 5 15 9 23 2 12
12 13 4 10 21 11 6 21 6 23 21 8 1 12 12 22 11 8 19 25
7 22 17 22 3 22 19 5 11 17 24 15 12 25 10 7 3 1 8 15
1 13 14 25 8 25 20 3 16 12 9 9 15 8 10 25 12 4 18 18
3 21 16 21 14 7 20 9 22 23 17 2 7 20 7 22 12 1 16 6
9 2 13 18 1 8 13 22 7 19 6 16 13 8 16 22 9 6 9 3
12 25 15 10 23 18 14 23 24 20 14 14 16 16 13 5 23 4 14 24
22 18 21 13 24 5 8 25 8 14 23 10 11 6 12 21 24 6 7 18
11 5 8 16 2 17 21 19 19 13 11 19 18 18 11 11 7 23 8 21
15 22 17 4 17 17 23 8 21 9 21 15 5 5 12 2 12 24 22 17
8 24 7 8 24 5 19 12 11 7 20 16 14 24 13 3 10 21 9 5
15 8 25 20 11 2 17 24 2 24 16 18 25 23 3 4 25 18 8 11
0 19 20 21 25 21 16 27 20 13 24 29 17 9
19 0 5 6 22 20 21 34 32 31 42 45 34 24
20 5 0 4 19 17 19 32 31 31 42 47 35 25
21 6 4 0 18 17 19 32 32 33 44 49 37 27
25 22 19 18 0 5 12 18 23 32 41 50 39 32
21 20 17 17 5 0 8 17 20 29 38 47 35 28
16 21 19 19 12 8 0 15 14 22 31 41 29 23
27 34 32 32 18 17 15 0 13 29 34 46 37 34
20 32 31 32 23 20 14 13 0 18 23 35 26 25
13 31 31 33 32 29 22 29 18 0 12 20 10 12
24 42 42 44 41 38 31 34 23 12 0 15 14 22
29 45 47 49 50 47 41 46 35 20 15 0 13 23
17 34 35 37 39 35 29 37 26 10 14 13 0 12
9 24 25 27 32 28 23 34 25 12 22 23 12 0
