12
10
21 4 1 21 7 8 21 20 7 23
11 21 2 9 21 19 13 20 25 14
2 15 10 20 3 15 9 2 17 5
4 18 25 1 25 23 14 25 4 24
12 6 6 16 15 10 25 22 18 10
3 13 1 20 20 19 15 18 11 13
15 19 19 13 7 1 21 18 11 9
16 14 9 2 4 20 10 19 15 8
24 23 5 18 7 14 25 18 6 10
19 16 15 14 3 2 13 14 21 19
23 12 22 23 5 19 10 21 4 10
25 3 21 6 21 6 25 5 17 3
0 17 29 29 33 49 35 25 22 17 14 12 7 8
17 0 15 15 24 44 30 25 24 15 15 15 22 23
29 15 0 19 31 50 38 36 37 27 28 28 34 36
29 15 19 0 13 33 21 22 25 18 20 22 32 34
33 24 31 13 0 22 10 16 20 18 20 23 34 36
49 44 50 33 22 0 16 25 30 34 36 39 48 49
35 30 38 21 10 16 0 13 17 20 22 25 35 36
25 25 36 22 16 25 13 0 6 12 13 15 25 25
22 24 37 25 20 30 17 6 0 11 11 13 20 21
17 15 27 18 18 34 20 12 11 0 4 7 18 19
14 15 28 20 20 36 22 13 11 4 0 4 15 17
12 15 28 22 23 39 25 15 13 7 4 0 12 14
7 22 34 32 34 48 35 25 20 18 15 12 0 3
8 23 36 34 36 49 36 25 21 19 17 14 3 0
