12
10
33 15 43 11 12 25 27 18 29 17
1 43 38 45 9 11 19 18 36 11
35 49 39 22 30 18 33 13 21 10
41 6 31 2 24 45 14 32 46 26
21 29 48 30 50 14 23 7 1 13
46 6 20 23 12 13 20 37 1 42
16 33 21 40 17 25 49 20 28 29
22 4 12 15 17 35 26 45 29 49
49 22 10 9 21 50 28 20 5 37
7 40 12 46 27 46 32 40 5 25
42 36 42 28 50 7 23 14 10 29
30 49 33 22 41 23 12 22 6 1
0 33 41 45 47 50 46 45 49 34 30 35 31 6
33 0 11 15 23 28 25 25 33 25 24 39 35 30
41 11 0 6 15 20 18 18 27 24 25 39 36 38
45 15 6 0 13 17 16 17 26 25 27 40 38 41
47 23 15 13 0 6 5 6 15 19 22 33 32 43
50 28 20 17 6 0 6 7 13 21 25 34 33 46
46 25 18 16 5 6 0 2 11 16 20 30 29 41
45 25 18 17 6 7 2 0 11 15 19 29 28 41
49 33 27 26 15 13 11 11 0 16 21 25 26 44
34 25 24 25 19 21 16 15 16 0 6 17 15 29
30 24 25 27 22 25 20 19 21 6 0 16 13 25
35 39 39 40 33 34 30 29 25 17 16 0 6 30
31 35 36 38 32 33 29 28 26 15 13 6 0 26
6 30 38 41 43 46 41 41 44 29 25 30 26 0
