12
10
25 42 21 48 46 36 32 22 3 1
9 9 21 8 26 31 20 38 41 25
27 39 38 50 5 6 32 45 41 45
19 39 43 45 38 17 50 6 4 20
29 12 1 17 29 32 24 15 48 26
14 14 34 20 22 20 4 45 37 32
17 25 12 27 25 12 2 18 50 41
31 17 45 31 23 42 44 50 11 5
24 38 18 4 44 30 9 27 47 46
18 33 26 25 37 3 41 20 29 2
40 8 27 30 32 5 49 4 32 7
1 46 42 38 23 47 5 3 45 47
0 14 24 19 7 15 23 26 32 25 20 18 12 6
14 0 12 13 15 24 32 34 42 36 32 29 23 18
24 12 0 15 24 33 40 42 50 45 42 40 33 29
19 13 15 0 16 22 29 29 39 35 34 35 30 23
7 15 24 16 0 11 19 21 29 23 20 21 17 9
15 24 33 22 11 0 9 12 19 14 15 21 21 12
23 32 40 29 19 9 0 5 12 10 15 24 26 19
26 34 42 29 21 12 5 0 11 13 19 28 30 23
32 42 50 39 29 19 12 11 0 11 19 29 33 28
25 36 45 35 23 14 10 13 11 0 9 20 25 20
20 32 42 34 20 15 15 19 19 9 0 12 17 15
18 29 40 35 21 21 24 28 29 20 12 0 9 14
12 23 33 30 17 21 26 30 33 25 17 9 0 11
6 18 29 23 9 12 19 23 28 20 15 14 11 0
