12
10
42 27 49 49 45 26 47 41 30 24
3 29 45 35 31 40 9 5 37 43
5 3 11 25 35 5 43 19 37 22
37 10 13 38 8 4 22 8 40 32
10 44 41 50 25 49 8 48 13 9
20 44 6 29 34 28 7 15 39 29
29 19 32 28 2 17 36 47 36 38
8 43 21 17 30 40 16 23 28 24
42 26 29 26 47 29 43 3 36 23
29 10 42 9 12 2 31 3 21 43
50 45 6 14 33 33 14 15 30 23
32 43 19 40 22 32 49 18 35 13
0 12 16 23 28 26 25 41 32 29 28 27 34 22
12 0 5 13 20 16 15 31 23 25 24 26 34 26
16 5 0 10 17 12 14 28 22 26 25 28 36 30
23 13 10 0 9 12 17 26 25 32 32 35 43 38
28 20 17 9 0 18 23 29 32 39 39 43 50 45
26 16 12 12 18 0 7 17 15 24 24 29 36 35
25 15 14 17 23 7 0 18 10 18 18 24 30 30
41 31 28 26 29 17 18 0 17 29 30 37 42 46
32 23 22 25 32 15 10 17 0 14 15 22 27 31
29 25 26 32 39 24 18 29 14 0 3 10 14 21
28 24 25 32 39 24 18 30 15 3 0 9 14 19
27 26 28 35 43 29 24 37 22 10 9 0 9 13
34 34 36 43 50 36 30 42 27 14 14 9 0 17
22 26 30 38 45 35 30 46 31 21 19 13 17 0
