12
20
10 26 41 11 18 21 20 49 17 41 31 2 35 9 6 40 2 30 38 27
42 17 21 2 7 19 10 27 17 13 21 21 1 31 46 23 44 46 17 32
32 24 6 13 44 38 20 41 12 16 10 11 47 24 6 3 8 44 5 46
34 23 31 2 11 35 45 25 9 43 37 6 34 43 9 2 35 50 10 18
32 2 46 20 17 41 31 41 19 26 8 37 15 39 17 44 4 5 44 23
3 10 10 6 45 42 1 32 38 18 28 12 17 11 13 35 30 44 49 13
31 36 38 46 2 18 17 32 46 24 27 34 23 39 40 25 17 33 37 45
37 50 46 23 45 13 29 50 46 36 28 37 12 10 10 2 7 37 48 36
34 16 23 42 1 41 15 31 26 38 36 27 7 41 50 35 38 38 14 20
41 30 20 21 42 40 40 31 19 13 31 19 47 45 29 10 10 2 19 3
37 34 7 26 38 48 32 29 41 43 7 37 42 17 13 36 17 24 46 9
26 26 26 24 46 31 6 30 40 37 37 5 24 29 20 21 46 6 13 41
0 2 9 11 21 33 34 44 43 45 39 25 19 8
2 0 8 11 21 32 33 44 43 45 39 26 19 9
9 8 0 14 25 36 37 48 48 50 44 33 26 16
11 11 14 0 12 24 25 36 36 39 32 24 19 12
21 21 25 12 0 13 14 26 27 30 23 22 19 18
33 32 36 24 13 0 4 15 20 24 18 27 27 30
34 33 37 25 14 4 0 13 18 21 16 26 27 30
44 44 48 36 26 15 13 0 11 14 13 30 34 39
43 43 48 36 27 20 18 11 0 5 5 24 29 37
45 45 50 39 30 24 21 14 5 0 8 25 30 39
39 39 44 32 23 18 16 13 5 8 0 21 25 33
25 26 33 24 22 27 26 30 24 25 21 0 8 19
19 19 26 19 19 27 27 34 29 30 25 8 0 12
8 9 16 12 18 30 30 39 37 39 33 19 12 0
