12
10
25 37 17 3 27 41 26 15 33 12
21 17 23 13 47 40 21 48 44 48
37 23 10 28 43 18 12 4 13 45
30 22 31 23 46 20 42 34 9 37
16 11 13 10 3 17 33 9 20 1
8 10 50 23 1 16 28 7 30 28
12 48 46 7 47 1 12 32 50 2
46 38 50 50 21 45 21 9 39 44
7 36 8 27 19 19 49 2 46 33
49 25 44 26 38 12 8 43 26 46
45 32 21 22 13 1 3 8 28 19
2 8 6 12 21 36 3 47 46 13
0 10 23 29 35 35 40 41 42 40 27 24 22 18
10 0 14 22 28 27 32 33 34 33 22 21 17 24
23 14 0 12 16 16 20 21 23 23 18 19 15 35
29 22 12 0 8 8 12 13 14 13 12 15 12 38
35 28 16 8 0 3 6 7 8 9 17 20 18 44
35 27 16 8 3 0 6 7 8 10 18 21 18 45
40 32 20 12 6 6 0 3 4 10 21 25 22 49
41 33 21 13 7 7 3 0 3 9 21 25 23 49
42 34 23 14 8 8 4 3 0 8 22 26 24 50
40 33 23 13 9 10 10 9 8 0 17 21 20 47
27 22 18 12 17 18 21 21 22 17 0 5 6 31
24 21 19 15 20 21 25 25 26 21 5 0 6 27
22 17 15 12 18 18 22 23 24 20 6 6 0 28
18 24 35 38 44 45 49 49 50 47 31 27 28 0
