12
30
7 41 29 34 40 36 14 46 22 7 24 44 31 7 12 34 46 37 41 39 21 36 21 37 23 40 33 5 20 10
10 46 28 13 5 21 16 44 9 7 31 42 33 6 32 20 43 19 10 23 9 15 50 18 20 14 40 5 29 23
34 27 23 10 38 29 42 48 1 10 19 8 15 17 12 20 33 38 3 12 27 50 24 24 24 43 31 50 14 26
17 14 48 50 10 50 41 20 24 46 47 17 28 4 28 43 50 3 23 22 43 9 30 34 24 7 14 39 41 11
41 20 47 49 3 32 35 4 14 49 40 42 13 17 25 17 34 22 26 50 13 30 48 10 5 41 27 36 44 10
40 11 23 48 17 9 20 18 10 22 24 39 16 17 48 35 16 12 18 30 39 28 4 37 45 13 31 22 35 19
3 8 7 37 4 35 6 50 23 29 13 4 22 1 4 20 45 40 20 50 22 29 5 3 10 19 6 15 37 25
1 28 8 23 6 41 1 49 26 41 18 25 42 41 44 7 24 47 49 46 50 30 6 14 4 19 19 42 7 46
38 33 48 27 36 30 43 18 15 36 41 3 21 12 31 35 35 36 16 36 22 9 49 32 26 46 14 1 22 49
23 46 29 18 23 38 4 13 33 5 49 24 25 36 41 26 13 32 40 4 18 34 5 15 47 41 18 50 42 18
14 12 14 2 14 3 24 31 44 4 40 37 6 18 41 35 7 38 45 45 2 10 42 43 27 47 21 16 40 17
35 15 32 28 2 1 5 32 2 19 16 22 21 23 24 40 31 41 5 42 41 46 16 7 36 46 29 6 30 20
0 6 18 20 18 37 39 33 28 26 23 21 9 5
6 0 15 21 20 38 43 37 32 30 27 23 12 9
18 15 0 16 17 34 50 46 40 37 36 37 25 21
20 21 16 0 4 20 40 37 31 27 27 37 26 21
18 20 17 4 0 20 37 34 28 24 25 35 24 19
37 38 34 20 20 0 37 37 33 29 32 50 40 36
39 43 50 40 37 37 0 9 13 15 17 36 35 35
33 37 46 37 34 37 9 0 7 11 12 29 29 29
28 32 40 31 28 33 13 7 0 6 6 27 24 24
26 30 37 27 24 29 15 11 6 0 6 28 24 23
23 27 36 27 25 32 17 12 6 6 0 23 20 19
21 23 37 37 35 50 36 29 27 28 23 0 13 18
9 12 25 26 24 40 35 29 24 24 20 13 0 6
5 9 21 21 19 36 35 29 24 23 19 18 6 0
