12
30
4 25 12 25 14 1 16 16 2 11 23 24 47 42 12 16 45 19 20 2 47 9 11 49 22 47 35 37 26 47
4 23 19 10 35 8 2 14 50 34 4 8 17 20 9 8 18 23 17 9 40 17 43 22 36 17 18 25 39 26
3 14 9 17 18 15 49 41 10 8 46 28 37 48 4 19 38 7 47 3 3 28 25 50 35 24 27 49 4 16
12 24 11 32 13 34 31 11 33 36 30 3 34 42 7 1 12 7 8 36 18 19 44 5 42 26 9 1 38 33
48 5 50 37 33 9 21 3 9 50 14 23 18 7 38 3 22 31 15 25 24 13 6 30 3 31 2 33 23 16
19 27 1 10 25 43 5 25 33 27 41 25 2 31 42 41 3 12 37 6 8 49 12 47 9 25 10 17 35 42
24 33 4 7 11 20 26 17 34 45 47 40 41 3 30 20 15 30 43 44 50 35 27 28 34 29 17 32 41 47
38 26 45 31 19 30 26 11 15 29 25 35 2 19 27 27 37 50 34 36 9 33 13 39 3 34 9 29 30 32
15 20 22 6 40 45 50 42 49 28 37 2 33 27 4 6 47 40 38 45 22 14 44 9 30 49 15 28 9 21
24 8 40 21 23 30 23 9 9 3 18 18 47 27 23 17 36 25 20 25 10 43 30 49 1 9 5 30 33 34
5 1 20 16 4 28 18 29 44 33 34 8 18 15 1 45 3 22 3 32 28 9 5 33 50 16 15 35 4 10
44 16 24 49 19 15 20 20 30 15 24 31 45 36 47 3 25 15 17 46 12 7 5 27 1 8 20 3 32 35
0 22 16 39 39 25 27 29 34 30 21 16 13 13
22 0 10 37 37 32 35 43 50 47 36 35 26 25
16 10 0 30 31 23 26 35 42 39 27 27 17 17
39 37 30 0 4 19 20 33 40 39 32 39 29 29
39 37 31 4 0 17 18 30 38 37 30 38 28 28
25 32 23 19 17 0 4 17 25 23 14 22 14 14
27 35 26 20 18 4 0 15 23 21 14 22 16 16
29 43 35 33 30 17 15 0 10 8 9 17 19 20
34 50 42 40 38 25 23 10 0 5 16 21 26 27
30 47 39 39 37 23 21 8 5 0 13 17 23 23
21 36 27 32 30 14 14 9 16 13 0 11 12 12
16 35 27 39 38 22 22 17 21 17 11 0 13 13
13 26 17 29 28 14 16 19 26 23 12 13 0 2
13 25 17 29 28 14 16 20 27 23 12 13 2 0
