12
20
25 24 9 25 8 50 26 28 9 8 29 20 20 19 8 26 31 11 22 5
23 7 12 34 24 6 11 7 43 48 25 17 20 15 12 2 32 44 21 24
33 40 39 16 35 29 41 29 3 14 2 17 31 13 25 18 50 29 45 32
40 41 21 49 30 4 27 4 49 28 21 30 40 23 18 15 30 28 27 28
25 39 3 1 14 6 31 42 9 7 21 40 29 30 11 46 20 42 7 2
45 7 44 46 23 26 24 2 40 34 7 39 49 49 50 23 37 8 35 18
9 23 16 10 14 49 35 28 4 16 44 10 14 48 31 3 1 38 20 10
34 37 3 18 27 26 17 6 43 22 42 4 39 35 7 26 6 19 44 1
29 21 31 15 35 31 12 39 24 11 5 35 13 26 50 10 22 26 18 16
13 20 30 35 46 25 6 24 48 30 22 31 29 38 20 45 14 48 11 5
24 27 48 45 35 32 31 19 6 36 28 27 12 14 44 46 27 13 39 13
5 33 17 7 15 26 29 14 39 28 18 19 25 27 7 32 2 45 43 37
0 3 9 16 17 28 40 25 34 33 30 24 11 9
3 0 8 14 16 26 38 24 33 33 30 25 13 8
9 8 0 8 10 24 33 18 27 29 28 24 18 13
16 14 8 0 6 24 28 12 21 26 27 26 24 19
17 16 10 6 0 20 24 12 22 29 31 30 27 20
28 26 24 24 20 0 23 29 37 47 49 47 36 24
40 38 33 28 24 23 0 24 26 42 49 50 49 40
25 24 18 12 12 29 24 0 11 21 27 29 33 30
34 33 27 21 22 37 26 11 0 19 28 32 41 39
33 33 29 26 29 47 42 21 19 0 12 19 36 40
30 30 28 27 31 49 49 27 28 12 0 10 30 37
24 25 24 26 30 47 50 29 32 19 10 0 23 31
11 13 18 24 27 36 49 33 41 36 30 23 0 14
9 8 13 19 20 24 40 30 39 40 37 31 14 0
