12
20
9 24 30 22 48 11 39 34 38 37 22 24 27 33 5 30 46 14 2 32
40 41 20 1 46 22 39 50 26 3 5 39 13 14 24 17 18 33 50 42
46 46 8 5 34 23 37 5 31 46 23 35 16 23 5 14 42 12 19 6
48 7 35 3 22 11 18 30 3 15 42 28 45 30 23 16 17 31 46 32
27 9 21 27 9 33 36 44 22 34 5 39 4 9 7 31 22 5 11 45
47 42 7 44 46 16 32 37 5 34 34 33 5 22 32 29 3 5 12 27
34 29 29 41 13 30 42 34 34 13 17 27 40 42 49 3 22 1 25 31
41 25 45 36 20 22 14 47 33 50 18 20 6 34 18 37 28 40 22 38
35 9 28 22 47 3 41 1 2 25 50 22 9 9 39 35 47 35 44 6
5 50 48 15 29 6 45 41 13 9 22 32 47 20 4 40 9 35 4 9
5 3 9 8 22 30 29 15 12 22 49 28 8 43 5 31 44 7 18 22
26 49 37 19 29 14 38 23 26 15 48 25 30 1 6 13 19 2 45 24
0 11 13 14 22 24 21 32 23 23 17 14 37 22
11 0 9 9 18 25 24 38 30 31 24 22 47 32
13 9 0 2 11 19 19 33 25 27 21 20 46 33
14 9 2 0 10 18 19 33 25 27 21 20 47 34
22 18 11 10 0 13 16 30 25 27 23 24 50 40
24 25 19 18 13 0 7 19 16 19 17 19 44 36
21 24 19 19 16 7 0 16 10 13 11 14 38 31
32 38 33 33 30 19 16 0 10 11 17 20 32 32
23 30 25 25 25 16 10 10 0 5 8 11 30 26
23 31 27 27 27 19 13 11 5 0 8 11 27 23
17 24 21 21 23 17 11 17 8 8 0 5 29 21
14 22 20 20 24 19 14 20 11 11 5 0 28 19
37 47 46 47 50 44 38 32 30 27 29 28 0 18
22 32 33 34 40 36 31 32 26 23 21 19 18 0
