12
20
23 19 16 28 18 38 19 29 40 44 34 13 25 33 50 25 43 40 48 41
27 33 26 43 41 30 32 33 13 39 17 36 15 45 31 43 46 16 23 2
33 38 12 21 30 45 37 38 2 27 44 11 29 35 4 26 38 26 14 24
44 20 41 16 15 3 21 29 47 47 43 22 10 29 27 14 20 14 34 2
21 6 28 23 26 38 5 4 50 46 23 23 20 26 41 48 38 36 41 39
44 48 5 30 2 6 4 7 27 11 47 40 38 28 18 39 18 25 25 42
29 39 30 36 18 25 49 23 10 24 25 28 28 13 50 37 33 49 37 41
36 46 13 10 48 45 20 8 23 25 43 7 23 42 28 26 12 11 41 45
35 11 35 40 46 29 12 31 9 7 4 45 7 39 27 32 5 2 42 47
12 42 36 9 15 16 45 35 24 9 18 15 35 10 33 19 24 14 19 31
21 38 22 18 8 4 4 18 17 43 44 33 4 33 25 22 40 26 20 45
30 32 11 36 25 13 30 30 10 41 27 17 18 25 37 1 43 23 21 29
0 11 18 16 12 10 32 38 19 22 33 16 9 10
11 0 11 18 19 20 39 47 28 29 40 18 13 17
18 11 0 17 23 26 42 50 35 38 49 27 22 26
16 18 17 0 11 18 28 36 29 36 47 30 23 24
12 19 23 11 0 8 22 30 19 27 39 25 18 17
10 20 26 18 8 0 23 30 12 21 32 21 15 12
32 39 42 28 22 23 0 10 26 38 47 43 37 34
38 47 50 36 30 30 10 0 29 40 48 48 43 39
19 28 35 29 19 12 26 29 0 13 23 21 19 14
22 29 38 36 27 21 38 40 13 0 13 16 18 14
33 40 49 47 39 32 47 48 23 13 0 24 28 25
16 18 27 30 25 21 43 48 21 16 24 0 9 11
9 13 22 23 18 15 37 43 19 18 28 9 0 6
10 17 26 24 17 12 34 39 14 14 25 11 6 0
