12
30
23 35 11 18 1 49 7 41 36 7 34 50 47 23 18 35 28 17 1 11 2 47 48 39 14 41 22 11 25 42
28 28 6 2 33 27 27 43 25 30 33 27 45 19 1 8 8 24 29 45 26 25 37 39 34 9 39 32 9 29
35 40 12 38 10 25 41 11 35 13 43 16 39 19 48 12 48 27 10 31 40 49 35 32 31 8 44 29 29 30
15 5 10 42 20 23 32 1 43 43 8 22 17 24 26 16 3 49 48 28 3 47 42 21 26 19 40 20 6 9
23 40 7 31 43 28 42 30 7 34 6 50 41 37 11 8 48 45 17 42 26 2 1 44 50 50 42 25 1 44
13 40 33 32 33 48 46 13 9 22 19 16 2 45 22 27 16 42 8 6 39 23 6 21 21 13 47 14 18 45
44 39 9 29 7 37 22 5 35 21 37 20 4 11 2 40 38 39 43 48 50 11 9 16 28 37 7 23 36 46
21 44 46 26 6 16 27 3 15 50 4 18 22 13 15 24 21 33 5 42 1 32 32 34 23 39 5 10 47 15
35 9 44 45 14 9 11 31 37 42 7 17 2 43 27 47 42 17 39 1 45 1 27 15 25 20 45 31 12 20
40 17 45 11 47 50 3 10 30 22 46 31 4 24 16 19 21 7 3 1 2 4 4 1 37 32 11 40 24 29
28 35 18 46 27 42 16 23 36 37 9 11 37 4 30 39 37 39 36 46 24 5 26 31 14 18 16 33 6 46
49 49 19 48 33 36 23 31 35 23 39 30 12 35 49 45 27 28 46 40 44 23 9 43 38 11 20 49 45 23
0 22 28 28 35 47 50 38 34 34 31 29 26 14
22 0 7 14 32 40 44 41 42 44 40 35 28 23
28 7 0 14 33 40 43 43 46 48 44 38 31 28
28 14 14 0 21 28 31 32 36 38 35 29 21 23
35 32 33 21 0 13 17 14 21 24 22 16 12 24
47 40 40 28 13 0 5 20 30 33 32 27 24 35
50 44 43 31 17 5 0 22 32 35 34 30 27 39
38 41 43 32 14 20 22 0 11 14 14 11 15 26
34 42 46 36 21 30 32 11 0 5 5 9 17 23
34 44 48 38 24 33 35 14 5 0 5 11 19 24
31 40 44 35 22 32 34 14 5 5 0 8 16 20
29 35 38 29 16 27 30 11 9 11 8 0 10 17
26 28 31 21 12 24 27 15 17 19 16 10 0 14
14 23 28 23 24 35 39 26 23 24 20 17 14 0
