12
20
11 16 20 49 8 41 12 34 34 43 31 40 5 2 1 33 43 48 8 30
36 16 35 40 12 35 14 18 2 49 12 41 25 28 43 10 19 15 32 35
48 31 15 33 47 23 2 20 41 49 25 8 21 50 16 1 18 49 1 37
43 6 35 16 18 28 49 38 25 8 18 22 23 27 10 16 40 14 29 25
17 50 27 9 37 16 29 30 20 25 30 8 19 15 17 21 21 5 17 5
50 6 21 48 18 13 19 6 38 45 8 13 47 34 10 6 44 26 27 7
45 17 22 50 36 49 38 1 41 12 37 12 16 49 29 46 7 11 20 31
46 40 28 34 12 47 9 17 31 28 48 43 20 41 42 10 19 20 16 20
36 9 14 30 43 14 19 9 29 25 32 27 40 7 21 11 25 16 1 10
8 41 40 17 37 10 44 38 46 42 19 4 22 47 28 25 28 9 25 3
50 45 49 38 26 19 41 2 39 13 20 50 47 14 45 33 20 2 33 34
23 14 40 23 13 41 48 44 38 10 48 39 17 1 8 16 31 18 17 27
0 12 25 23 23 26 29 29 29 31 33 38 42 41
12 0 15 13 12 15 20 25 25 27 29 36 42 42
25 15 0 5 9 9 19 30 32 34 35 44 50 50
23 13 5 0 5 6 15 26 28 30 31 40 47 47
23 12 9 5 0 5 12 23 25 27 27 36 43 43
26 15 9 6 5 0 12 24 27 28 28 38 45 45
29 20 19 15 12 12 0 15 18 19 19 29 36 36
29 25 30 26 23 24 15 0 5 6 6 16 22 22
29 25 32 28 25 27 18 5 0 4 6 13 20 20
31 27 34 30 27 28 19 6 4 0 4 12 18 18
33 29 35 31 27 28 19 6 6 4 0 12 19 19
38 36 44 40 36 38 29 16 13 12 12 0 9 9
42 42 50 47 43 45 36 22 20 18 19 9 0 2
41 42 50 47 43 45 36 22 20 18 19 9 2 0
