12
30
43 30 49 5 2 29 12 27 22 15 43 40 20 29 33 22 50 23 43 42 32 7 44 48 49 27 4 32 35 24
18 49 8 13 29 14 15 4 5 41 14 43 28 25 12 16 3 45 10 23 13 1 36 25 38 32 38 21 48 18
45 6 46 29 22 32 15 28 36 23 19 38 41 1 43 45 17 22 26 36 41 45 9 12 31 22 9 1 18 1
23 48 1 1 17 39 29 9 34 38 47 4 45 43 35 41 45 28 18 36 24 8 43 11 3 42 9 35 44 33
31 4 33 29 14 14 20 33 37 8 1 1 20 12 16 9 4 5 32 21 8 47 50 47 3 28 41 28 49 38
32 27 14 39 33 20 17 11 34 47 35 30 3 8 7 18 20 14 38 39 12 33 17 23 3 29 22 36 19 24
28 45 42 26 43 30 28 43 15 8 50 27 9 40 44 16 38 36 28 40 7 22 19 49 17 3 19 11 5 3
22 23 15 42 46 5 30 20 30 42 27 21 34 20 39 1 25 20 44 15 10 23 18 6 18 26 31 5 21 43
36 23 48 15 50 21 13 3 49 22 48 10 8 37 28 10 19 11 30 35 41 38 37 27 21 19 21 11 2 46
23 50 32 19 30 2 29 45 37 19 42 24 15 13 30 31 45 49 30 27 27 14 4 41 48 43 15 26 8 50
20 33 31 23 14 15 13 22 24 33 17 44 43 39 38 37 17 2 15 40 10 10 14 37 17 50 23 43 35 48
7 44 2 42 13 7 49 18 41 28 43 20 34 6 50 14 48 44 30 20 34 13 40 35 21 33 33 33 46 12
0 10 26 30 44 50 45 33 38 38 28 23 19 22
10 0 18 22 37 44 41 30 37 38 30 25 19 17
26 18 0 6 28 36 40 36 43 46 42 37 31 21
30 22 6 0 25 33 39 36 43 46 43 39 33 21
44 37 28 25 0 10 21 28 33 39 42 40 37 24
50 44 36 33 10 0 19 30 33 39 44 43 41 30
45 41 40 39 21 19 0 16 17 23 30 31 31 25
33 30 36 36 28 30 16 0 9 13 16 17 17 17
38 37 43 43 33 33 17 9 0 7 17 19 22 24
38 38 46 46 39 39 23 13 7 0 13 17 21 27
28 30 42 43 42 44 30 16 17 13 0 7 12 24
23 25 37 39 40 43 31 17 19 17 7 0 7 20
19 19 31 33 37 41 31 17 22 21 12 7 0 15
22 17 21 21 24 30 25 17 24 27 24 20 15 0
