12
20
5 21 7 4 42 2 39 16 13 14 27 21 50 23 19 46 41 23 47 2
49 15 48 4 47 17 2 44 7 3 39 22 48 21 30 18 9 3 36 3
41 7 43 7 6 11 11 25 30 1 9 48 40 29 36 28 10 28 20 28
2 2 25 34 2 50 49 8 20 28 10 41 22 8 6 36 42 2 41 46
37 22 40 39 8 43 45 29 26 33 14 36 34 25 49 21 10 23 13 43
38 30 33 48 15 18 7 6 9 31 50 21 11 3 48 12 28 33 23 3
29 25 32 35 24 16 36 3 6 8 30 47 37 12 7 7 11 16 5 36
44 20 49 37 49 12 20 7 29 26 11 41 20 40 32 30 29 8 6 1
20 11 22 14 23 35 16 28 17 25 24 24 11 32 3 6 26 23 39 20
8 33 23 43 47 27 49 10 16 28 7 45 30 22 39 34 10 20 48 21
33 20 15 18 45 5 17 10 46 31 32 6 44 13 48 37 41 24 40 14
22 24 6 49 22 26 5 40 27 8 36 46 13 33 29 46 19 9 28 25
0 9 11 21 23 16 18 23 25 41 40 39 21 17
9 0 10 18 20 18 20 27 31 47 47 46 28 22
11 10 0 11 14 11 12 20 24 40 41 43 27 26
21 18 11 0 4 14 15 22 28 42 44 49 36 36
23 20 14 4 0 16 16 23 29 43 45 50 38 38
16 18 11 14 16 0 3 11 16 31 32 36 24 30
18 20 12 15 16 3 0 9 15 30 31 36 25 31
23 27 20 22 23 11 9 0 8 22 24 30 23 34
25 31 24 28 29 16 15 8 0 18 18 24 20 34
41 47 40 42 43 31 30 22 18 0 7 21 31 48
40 47 41 44 45 32 31 24 18 7 0 16 28 45
39 46 43 49 50 36 36 30 24 21 16 0 21 39
21 28 27 36 38 24 25 23 20 31 28 21 0 19
17 22 26 36 38 30 31 34 34 48 45 39 19 0
