12
10
47 34 24 38 2 28 37 33 30 50
20 11 47 33 40 45 8 3 1 17
24 31 50 7 35 16 17 7 19 29
44 30 17 24 8 6 28 5 17 26
31 45 9 13 46 6 40 9 38 1
21 40 7 49 19 35 7 7 43 29
2 11 20 47 13 15 20 30 7 16
11 25 25 29 44 28 45 11 1 33
8 43 50 25 12 28 25 40 9 36
14 21 43 42 16 7 48 16 17 36
44 38 41 5 5 29 30 26 45 12
1 10 46 18 43 39 50 8 42 27
0 23 25 30 32 33 37 39 38 40 38 35 29 6
23 0 11 23 26 27 34 37 45 50 50 49 44 26
25 11 0 14 17 18 25 28 37 44 44 43 39 27
30 23 14 0 5 6 13 15 28 35 36 36 33 30
32 26 17 5 0 3 11 13 26 34 35 36 33 33
33 27 18 6 3 0 9 11 25 32 34 34 32 33
37 34 25 13 11 9 0 4 19 27 29 31 30 36
39 37 28 15 13 11 4 0 19 27 30 32 31 38
38 45 37 28 26 25 19 19 0 9 12 15 17 35
40 50 44 35 34 32 27 27 9 0 6 10 14 37
38 50 44 36 35 34 29 30 12 6 0 5 11 34
35 49 43 36 36 34 31 32 15 10 5 0 7 31
29 44 39 33 33 32 30 31 17 14 11 7 0 25
6 26 27 30 33 33 36 38 35 37 34 31 25 0
