12
10
45 28 35 38 31 26 10 46 23 47
42 28 14 39 7 27 17 29 23 39
30 43 24 49 3 22 47 49 14 41
15 45 26 2 2 35 34 35 34 2
7 25 10 25 35 12 24 49 17 14
50 20 11 25 25 34 47 20 33 31
47 20 26 20 2 30 30 50 38 10
30 27 20 42 2 14 6 29 50 9
21 43 13 24 22 12 49 1 45 40
12 36 7 7 39 4 16 30 25 48
42 1 50 30 39 25 1 11 34 17
34 5 22 42 47 40 22 30 29 5
0 40 43 43 41 50 50 36 27 26 22 18 14 13
40 0 4 5 9 28 39 38 46 45 33 32 35 32
43 4 0 3 9 28 39 40 48 48 35 35 37 35
43 5 3 0 7 26 38 39 47 47 34 34 37 34
41 9 9 7 0 21 32 33 43 42 30 30 33 31
50 28 28 26 21 0 15 26 40 41 32 35 39 39
50 39 39 38 32 15 0 18 33 33 30 33 37 38
36 38 40 39 33 26 18 0 17 17 16 20 23 25
27 46 48 47 43 40 33 17 0 3 15 17 17 21
26 45 48 47 42 41 33 17 3 0 14 16 16 20
22 33 35 34 30 32 30 16 15 14 0 5 9 11
18 32 35 34 30 35 33 20 17 16 5 0 5 7
14 35 37 37 33 39 37 23 17 16 9 5 0 5
13 32 35 34 31 39 38 25 21 20 11 7 5 0
