12
10
46 41 2 4 19 15 6 45 37 34
27 13 38 16 5 38 9 3 26 1
4 37 41 5 48 18 12 46 1 49
15 32 26 35 21 38 11 15 1 40
3 3 1 28 27 32 5 32 22 2
7 9 10 27 18 27 39 38 12 35
25 24 1 32 4 12 35 45 2 17
17 21 34 15 8 40 18 14 4 37
41 17 2 32 5 22 2 42 19 7
47 10 30 10 24 41 42 29 44 15
48 16 21 17 29 12 23 35 17 29
48 19 13 48 19 7 13 5 34 48
0 11 19 26 37 26 25 24 22 18 32 24 24 15
11 0 10 17 32 23 24 22 19 20 33 30 31 23
19 10 0 8 26 19 21 20 15 21 33 33 36 31
26 17 8 0 25 21 24 23 19 26 36 39 42 38
37 32 26 25 0 12 15 16 17 24 22 34 39 50
26 23 19 21 12 0 5 5 6 13 17 25 30 40
25 24 21 24 15 5 0 3 7 11 13 21 26 38
24 22 20 23 16 5 3 0 6 10 14 21 26 37
22 19 15 19 17 6 7 6 0 11 19 23 28 35
18 20 21 26 24 13 11 10 11 0 15 14 18 30
32 33 33 36 22 17 13 14 19 15 0 17 22 43
24 30 33 39 34 25 21 21 23 14 17 0 7 31
24 31 36 42 39 30 26 26 28 18 22 7 0 29
15 23 31 38 50 40 38 37 35 30 43 31 29 0
