12
10
39 39 32 49 14 19 17 13 46 32
36 48 14 34 46 19 31 4 30 31
13 32 25 25 18 9 2 44 30 3
42 10 2 5 33 32 32 33 40 17
47 48 46 21 1 5 37 44 33 27
27 44 11 23 46 29 35 30 10 32
3 46 26 5 23 35 8 35 31 31
10 10 27 29 20 19 2 22 35 37
6 45 26 30 22 14 47 15 48 33
20 6 43 37 40 2 43 29 38 37
5 23 3 21 44 40 28 34 7 4
10 40 26 40 19 23 2 17 11 16
0 17 33 38 38 42 50 43 39 37 34 32 27 9
17 0 18 23 23 27 37 32 28 30 31 25 18 12
33 18 0 7 10 11 21 18 15 25 30 22 16 26
38 23 7 0 7 6 17 18 16 28 34 26 21 32
38 23 10 7 0 8 21 24 22 33 38 30 25 33
42 27 11 6 8 0 14 19 17 30 36 28 24 36
50 37 21 17 21 14 0 13 15 27 34 28 27 43
43 32 18 18 24 19 13 0 5 15 23 17 18 35
39 28 15 16 22 17 15 5 0 14 22 14 14 32
37 30 25 28 33 30 27 15 14 0 9 7 14 30
34 31 30 34 38 36 34 23 22 9 0 9 16 27
32 25 22 26 30 28 28 17 14 7 9 0 9 25
27 18 16 21 25 24 27 18 14 14 16 9 0 19
9 12 26 32 33 36 43 35 32 30 27 25 19 0
