12
30
10 10 35 9 45 45 28 2 46 13 1 44 4 48 25 35 3 25 28 13 12 4 22 47 48 27 41 37 26 27
17 44 26 23 43 27 5 24 12 18 2 27 12 13 36 1 41 9 30 10 14 31 36 49 14 11 6 49 50 49
11 15 26 26 26 20 49 43 29 15 24 8 4 15 37 4 15 21 7 25 18 33 22 31 48 41 8 15 1 48
16 50 5 37 50 20 28 24 28 3 17 31 24 46 9 45 5 19 32 4 32 3 44 35 42 21 43 15 2 13
44 10 15 9 49 30 2 31 18 7 9 12 38 33 42 13 40 12 34 27 8 47 13 39 16 8 3 11 11 18
50 20 49 8 36 38 13 12 30 25 36 41 34 29 6 50 10 19 4 21 13 46 4 20 5 5 3 25 48 5
30 49 47 5 47 38 31 11 9 8 20 36 23 26 17 8 9 23 39 6 28 25 38 42 24 22 47 31 21 29
15 2 19 22 37 19 13 9 37 17 17 20 13 33 39 9 36 19 29 33 19 26 40 23 28 26 35 44 27 37
44 15 32 32 27 20 29 9 27 37 16 47 23 10 28 5 26 25 47 19 35 1 26 30 45 41 14 13 42 25
33 20 32 45 7 16 43 49 12 23 24 36 14 16 3 3 15 31 8 1 17 24 34 18 39 13 37 44 8 10
38 4 30 42 50 49 46 44 45 29 50 30 32 28 39 15 43 40 36 46 33 23 25 30 6 41 9 29 48 43
19 29 8 20 11 1 13 47 20 24 18 24 28 38 4 12 25 8 38 24 20 11 6 35 3 6 13 39 17 32
0 5 6 36 35 38 36 33 24 19 19 14 19 19
5 0 7 36 37 42 40 37 28 22 23 18 22 21
6 7 0 32 32 37 36 33 24 20 20 15 21 22
36 36 32 0 19 40 47 42 37 40 41 38 45 50
35 37 32 19 0 23 32 27 25 30 31 31 37 45
38 42 37 40 23 0 13 10 16 24 24 27 29 39
36 40 36 47 32 13 0 7 15 19 19 23 22 31
33 37 33 42 27 10 7 0 11 17 17 21 22 31
24 28 24 37 25 16 15 11 0 9 10 12 16 25
19 22 20 40 30 24 19 17 9 0 2 6 8 17
19 23 20 41 31 24 19 17 10 2 0 6 8 16
14 18 15 38 31 27 23 21 12 6 6 0 9 16
19 22 21 45 37 29 22 22 16 8 8 9 0 11
19 21 22 50 45 39 31 31 25 17 16 16 11 0
