12
30
24 19 26 1 43 37 1 49 24 26 7 35 34 24 35 41 42 9 20 45 28 20 12 23 40 24 1 23 24 29
14 3 49 29 20 39 13 36 24 22 5 8 15 21 9 1 5 23 28 47 50 15 46 3 24 33 44 31 1 15
2 35 9 32 17 38 39 38 36 13 11 29 31 6 23 17 41 28 30 46 49 5 21 20 25 43 6 23 48 31
10 4 25 49 15 22 35 48 48 15 18 42 17 16 36 22 36 14 35 8 28 44 50 21 38 39 26 35 27 28
36 43 4 18 35 13 44 23 46 41 33 20 40 27 15 46 4 41 49 34 14 14 28 25 47 10 15 4 3 11
44 47 14 32 47 31 3 17 3 20 9 50 44 12 41 46 16 27 38 43 38 2 46 40 23 9 44 46 33 41
24 42 47 12 24 30 15 14 45 4 49 40 32 39 25 46 45 31 3 30 41 48 45 40 36 23 42 36 49 14
1 37 27 16 41 42 45 29 45 16 44 19 8 37 29 45 49 33 11 8 11 26 16 2 28 48 41 46 40 50
22 35 1 50 50 28 46 48 32 23 48 24 7 31 37 28 46 48 19 23 26 21 21 9 38 17 19 4 22 40
34 10 5 5 41 33 7 8 8 8 9 22 41 49 33 12 42 7 21 39 32 38 20 44 3 17 38 32 31 45
36 1 6 27 34 31 34 11 36 44 23 24 13 13 4 7 22 29 35 20 24 49 32 26 17 14 34 39 31 38
31 11 15 33 13 50 35 15 43 49 30 10 15 11 28 9 9 9 43 19 18 1 9 26 49 43 17 45 26 50
0 4 15 19 12 14 19 27 28 41 38 33 33 10
4 0 13 17 10 13 18 26 28 41 39 34 34 10
15 13 0 20 18 21 28 33 36 50 50 45 45 22
19 17 20 0 10 10 16 16 20 35 37 36 36 19
12 10 18 10 0 5 12 18 20 34 34 31 30 11
14 13 21 10 5 0 9 15 17 31 31 28 28 11
19 18 28 16 12 9 0 12 11 24 23 21 21 12
27 26 33 16 18 15 12 0 6 21 24 26 26 21
28 28 36 20 20 17 11 6 0 17 20 22 22 21
41 41 50 35 34 31 24 21 17 0 10 19 19 33
38 39 50 37 34 31 23 24 20 10 0 11 11 30
33 34 45 36 31 28 21 26 22 19 11 0 2 25
33 34 45 36 30 28 21 26 22 19 11 2 0 25
10 10 22 19 11 11 12 21 21 33 30 25 25 0
