12
30
22 23 14 16 12 32 49 22 34 6 46 22 31 18 40 9 19 39 44 16 31 9 38 24 4 19 17 46 29 38
4 38 16 34 5 28 13 37 4 42 11 15 4 33 50 33 6 4 2 30 5 36 26 14 39 32 8 50 45 29
37 39 28 10 49 26 35 39 48 47 46 32 12 25 20 19 6 11 8 49 16 32 12 31 11 7 22 23 41 3
30 35 5 5 6 21 4 7 19 2 9 15 19 49 22 38 6 30 34 26 30 32 36 9 14 15 6 48 20 11
26 42 41 42 27 35 45 4 9 19 50 42 29 33 21 32 6 36 5 4 23 33 45 16 48 38 23 39 13 43
41 8 44 33 33 1 49 18 38 23 8 21 16 3 44 41 32 28 5 28 23 35 49 20 1 43 46 47 23 2
11 12 27 42 8 26 48 39 10 1 20 42 11 10 38 18 47 29 26 47 6 45 3 15 45 35 21 33 37 49
20 16 6 23 41 15 45 5 21 25 1 14 13 5 29 27 30 2 18 14 27 44 7 28 45 38 25 32 7 26
34 38 46 15 46 34 28 18 18 39 50 50 26 20 18 16 18 27 43 41 50 30 9 33 6 4 38 10 12 50
49 17 50 37 12 43 14 6 50 48 46 25 42 20 33 17 6 43 24 44 6 12 18 2 17 48 49 41 9 16
37 42 28 42 28 28 49 17 9 13 24 33 7 20 1 16 19 43 45 1 33 1 28 26 26 2 40 40 41 8
41 43 9 30 18 20 1 24 38 40 36 46 39 7 19 27 47 42 39 29 9 1 39 11 18 3 45 27 38 2
0 3 8 13 21 14 16 27 30 28 36 18 19 9
3 0 7 13 22 15 17 28 31 28 37 19 20 11
8 7 0 11 22 18 21 33 37 34 42 23 25 16
13 13 11 0 12 14 16 31 35 36 47 29 28 17
21 22 22 12 0 14 15 30 33 39 50 35 31 22
14 15 18 14 14 0 4 19 22 26 38 24 18 10
16 17 21 16 15 4 0 17 21 26 38 25 18 11
27 28 33 31 30 19 17 0 5 15 28 24 14 19
30 31 37 35 33 22 21 5 0 16 28 26 16 22
28 28 34 36 39 26 26 15 16 0 15 16 10 21
36 37 42 47 50 38 38 28 28 15 0 20 21 31
18 19 23 29 35 24 25 24 26 16 20 0 12 15
19 20 25 28 31 18 18 14 16 10 21 12 0 12
9 11 16 17 22 10 11 19 22 21 31 15 12 0
