12
30
26 4 27 36 46 27 13 49 6 47 15 36 5 44 34 30 44 42 37 2 22 22 30 49 7 38 7 13 33 41
39 50 26 27 28 6 5 11 37 30 1 10 29 31 43 47 36 48 8 24 7 3 32 48 21 9 7 34 50 1
43 26 45 28 45 13 32 6 16 12 7 45 45 48 21 23 24 39 29 32 46 13 44 10 32 37 45 36 7 47
33 45 20 41 40 3 16 9 26 25 28 34 9 3 23 6 22 43 39 10 27 44 13 9 4 4 47 31 47 30
22 11 40 25 15 47 46 15 10 4 34 37 29 47 26 32 46 24 3 10 27 14 16 7 45 31 48 5 46 20
50 4 46 46 1 4 15 18 39 23 34 49 19 49 25 25 11 13 15 34 30 7 16 10 4 36 16 4 20 41
30 48 17 37 21 14 24 31 42 18 15 50 14 22 32 20 8 35 5 21 10 7 47 46 14 32 49 25 27 27
14 30 43 3 7 15 43 46 10 31 48 7 6 3 31 10 18 2 42 1 18 15 44 33 21 19 39 13 45 3
47 33 25 17 5 13 28 29 49 27 11 35 19 3 5 1 21 35 19 38 9 11 24 40 26 13 16 7 16 49
3 10 13 35 16 50 26 9 41 44 24 13 6 7 43 8 8 39 32 33 42 39 6 7 8 35 30 35 8 5
31 20 22 39 8 22 31 17 50 47 22 30 38 5 5 2 14 7 38 43 17 3 5 18 46 40 9 10 14 35
45 50 50 33 33 5 45 42 12 30 49 23 46 15 29 41 15 13 15 35 45 31 24 37 4 49 42 27 32 26
0 11 13 25 34 37 43 44 28 40 31 23 22 7
11 0 4 16 26 29 37 40 23 43 35 30 30 16
13 4 0 14 27 30 39 43 26 46 38 33 33 18
25 16 14 0 19 21 32 40 25 50 44 42 43 30
34 26 27 19 0 5 16 24 15 42 39 43 44 37
37 29 30 21 5 0 14 24 17 44 41 46 47 40
43 37 39 32 16 14 0 13 17 37 37 45 47 44
44 40 43 40 24 24 13 0 19 28 30 41 43 44
28 23 26 25 15 17 17 19 0 29 25 31 32 29
40 43 46 50 42 44 37 28 29 0 11 24 26 37
31 35 38 44 39 41 37 30 25 11 0 15 17 27
23 30 33 42 43 46 45 41 31 24 15 0 4 18
22 30 33 43 44 47 47 43 32 26 17 4 0 17
7 16 18 30 37 40 44 44 29 37 27 18 17 0
