12
30
3 22 8 38 28 4 20 9 17 7 4 12 8 20 6 37 21 5 1 12 26 12 2 22 35 18 36 36 23 19
7 14 7 22 24 38 4 38 7 30 8 19 15 37 8 10 22 21 8 25 35 10 18 7 39 32 18 16 24 30
15 28 4 22 5 37 21 16 25 32 14 14 11 39 36 27 1 32 7 26 3 33 8 15 30 6 24 36 8 1
39 11 31 25 17 27 38 8 33 28 35 9 31 31 11 15 31 22 25 9 37 25 20 27 39 29 30 8 37 31
15 25 10 7 37 9 25 10 1 14 19 30 23 11 3 35 12 16 7 33 39 29 12 27 19 35 25 31 2 6
11 5 17 37 6 32 40 36 40 22 29 40 5 7 18 15 32 40 9 32 37 10 18 27 33 11 8 17 10 39
26 13 33 2 27 35 40 36 12 20 31 3 26 1 20 29 11 29 7 36 9 20 39 18 32 40 40 7 36 11
18 18 37 35 3 22 4 21 40 21 27 38 17 1 27 5 36 2 29 7 15 38 26 39 13 29 10 2 30 17
9 6 3 40 24 6 28 15 21 19 34 10 37 8 2 15 27 34 22 13 31 31 31 2 7 8 30 33 38 18
17 14 9 40 33 19 3 20 40 26 25 20 33 19 26 15 9 39 12 3 17 22 39 19 27 25 21 33 9 24
1 40 40 20 32 31 7 39 26 23 34 24 35 31 8 8 26 12 10 12 3 6 37 33 23 17 35 2 1 16
35 39 32 28 12 8 33 22 17 35 6 30 34 11 19 27 25 9 27 4 25 39 37 1 11 37 8 39 19 27
0 4 5 7 8 8 6 5 4 4 5 6 8 2
4 0 4 5 6 6 4 3 3 3 3 5 8 4
5 4 0 5 8 8 6 6 5 6 6 8 10 5
7 5 5 0 4 6 5 5 5 6 6 8 10 7
8 6 8 4 0 4 5 6 6 6 6 7 10 9
8 6 8 6 4 0 4 5 5 5 5 5 8 8
6 4 6 5 5 4 0 3 3 3 3 4 7 6
5 3 6 5 6 5 3 0 2 2 2 4 7 5
4 3 5 5 6 5 3 2 0 2 2 4 7 4
4 3 6 6 6 5 3 2 2 0 2 4 7 4
5 3 6 6 6 5 3 2 2 2 0 4 6 5
6 5 8 8 7 5 4 4 4 4 4 0 4 6
8 8 10 10 10 8 7 7 7 7 6 4 0 7
2 4 5 7 9 8 6 5 4 4 5 6 7 0
