12
20
24 34 23 17 37 17 33 32 16 37 30 2 29 37 7 23 14 9 23 13
38 35 29 7 27 33 9 13 31 39 11 37 23 8 40 11 26 24 35 12
22 16 12 8 3 28 38 5 17 3 34 13 28 14 11 19 33 26 5 16
6 39 6 39 12 25 38 37 10 26 29 32 24 17 27 28 1 29 25 34
38 13 18 7 13 15 16 6 8 9 7 5 11 15 13 5 3 9 33 21
22 27 17 27 36 7 37 38 36 35 32 25 13 39 39 27 23 35 13 20
32 34 40 22 15 38 40 8 31 24 34 35 14 28 37 19 19 26 12 30
7 27 26 2 17 25 7 18 37 37 17 29 33 34 18 14 6 11 5 28
10 37 21 25 15 30 32 15 12 33 38 7 11 18 15 5 1 10 37 24
33 18 13 25 34 8 31 16 25 1 8 18 1 27 29 4 12 40 28 25
29 1 13 6 19 5 28 18 14 6 34 33 7 32 39 40 22 29 27 26
28 3 9 15 6 19 4 17 32 12 11 22 26 14 10 25 10 17 1 39
0 4 6 7 9 9 10 10 7 6 6 5 5 2
4 0 5 5 7 7 8 10 9 8 8 7 6 5
6 5 0 4 5 5 5 7 7 6 7 6 4 7
7 5 4 0 3 4 4 9 9 8 9 8 6 8
9 7 5 3 0 2 3 9 10 10 10 9 8 9
9 7 5 4 2 0 2 8 10 9 10 9 8 10
10 8 5 4 3 2 0 7 10 9 10 9 8 10
10 10 7 9 9 8 7 0 6 7 8 8 7 10
7 9 7 9 10 10 10 6 0 2 3 4 5 7
6 8 6 8 10 9 9 7 2 0 3 3 4 6
6 8 7 9 10 10 10 8 3 3 0 3 4 5
5 7 6 8 9 9 9 8 4 3 3 0 3 5
5 6 4 6 8 8 8 7 5 4 4 3 0 5
2 5 7 8 9 10 10 10 7 6 5 5 5 0
