12
10
26 37 19 34 30 14 20 6 13 16
8 12 17 35 9 23 2 21 3 18
5 9 3 24 1 18 11 28 40 38
39 6 13 15 23 36 38 28 28 20
38 26 13 15 2 24 4 23 38 36
38 33 32 27 7 40 6 18 5 29
38 21 19 6 27 3 12 26 40 15
13 11 39 38 19 25 16 20 10 28
39 37 8 27 8 33 11 21 26 14
21 30 13 1 18 2 6 8 5 24
15 15 14 16 37 11 31 33 21 37
35 4 23 35 5 7 11 27 28 4
0 3 4 6 8 6 7 8 10 10 9 6 5 3
3 0 4 6 7 6 7 8 10 10 10 7 6 4
4 4 0 5 6 4 4 5 8 8 8 5 5 3
6 6 5 0 3 4 5 6 8 8 10 8 9 6
8 7 6 3 0 3 4 5 6 7 9 8 9 7
6 6 4 4 3 0 3 4 6 6 8 6 7 5
7 7 4 5 4 3 0 3 5 5 7 5 7 5
8 8 5 6 5 4 3 0 4 4 6 6 7 6
10 10 8 8 6 6 5 4 0 2 7 8 9 9
10 10 8 8 7 6 5 4 2 0 6 8 9 9
9 10 8 10 9 8 7 6 7 6 0 5 6 7
6 7 5 8 8 6 5 6 8 8 5 0 3 4
5 6 5 9 9 7 7 7 9 9 6 3 0 4
3 4 3 6 7 5 5 6 9 9 7 4 4 0
