12
30
13 18 11 9 36 7 10 17 27 13 36 19 39 29 2 9 38 3 32 29 3 7 8 6 21 39 39 27 39 17
21 10 8 35 4 36 15 18 19 21 11 10 20 5 16 5 38 13 19 20 18 27 15 8 18 18 31 35 14 14
5 21 39 34 18 28 27 1 39 32 32 4 35 38 13 18 18 23 4 25 28 12 14 20 13 7 25 39 16 22
6 37 39 32 9 17 11 32 1 1 8 9 24 13 11 29 1 10 6 17 12 31 9 27 9 27 32 13 5 24
5 39 34 6 6 30 18 39 10 3 28 36 14 31 39 26 4 31 6 18 29 26 10 39 18 21 37 2 29 6
36 34 30 19 29 28 28 33 14 11 27 35 39 12 25 10 17 40 38 11 27 26 2 1 23 21 37 2 34 38
28 19 6 15 10 10 29 33 28 20 4 31 35 20 35 7 39 23 25 38 6 40 27 13 31 39 23 32 2 11
15 12 6 33 25 20 39 25 20 18 37 27 11 24 38 15 25 39 35 19 19 20 35 12 26 13 28 39 23 21
35 10 31 26 18 38 21 33 1 22 29 40 38 17 3 9 31 21 32 18 1 24 22 39 12 20 40 13 10 10
19 34 21 31 18 38 39 26 1 31 38 4 28 36 15 29 4 14 26 40 6 10 30 2 39 11 15 6 2 2
2 4 7 22 33 1 32 13 22 29 39 32 22 38 30 33 2 29 32 9 36 19 3 22 14 31 6 14 26 14
3 39 21 6 24 14 40 33 12 16 36 9 13 31 12 36 21 12 7 17 6 40 37 17 8 3 5 1 7 28
0 5 6 8 6 5 6 8 8 10 9 6 5 3
5 0 3 5 5 5 6 7 8 10 10 9 7 5
6 3 0 4 4 4 6 6 7 9 9 9 8 6
8 5 4 0 5 5 7 7 7 9 10 10 10 8
6 5 4 5 0 2 4 4 5 7 7 8 7 5
5 5 4 5 2 0 3 4 5 7 7 7 6 4
6 6 6 7 4 3 0 3 3 6 5 5 5 4
8 7 6 7 4 4 3 0 2 5 5 7 7 6
8 8 7 7 5 5 3 2 0 4 4 7 7 6
10 10 9 9 7 7 6 5 4 0 5 9 9 9
9 10 9 10 7 7 5 5 4 5 0 6 7 7
6 9 9 10 8 7 5 7 7 9 6 0 3 5
5 7 8 10 7 6 5 7 7 9 7 3 0 4
3 5 6 8 5 4 4 6 6 9 7 5 4 0
