12
10
21 10 8 34 2 19 26 21 5 37
36 23 20 22 36 1 22 20 24 35
34 32 30 36 15 38 13 36 22 34
8 20 8 2 39 20 26 23 15 3
4 11 21 14 25 27 19 30 2 37
1 4 35 18 7 28 24 34 2 12
21 16 25 34 32 1 33 33 36 30
35 13 36 9 31 16 8 12 14 37
30 13 5 31 23 36 20 9 12 24
5 23 5 2 25 35 29 2 19 17
21 2 9 39 28 13 29 36 34 33
19 17 31 16 28 4 19 10 34 5
0 3 6 8 9 9 10 10 8 7 6 7 6 6
3 0 5 6 8 9 10 10 8 8 6 6 6 6
6 5 0 3 5 6 7 7 7 6 5 4 4 4
8 6 3 0 5 6 7 7 9 8 6 6 5 6
9 8 5 5 0 3 4 4 7 6 5 4 4 5
9 9 6 6 3 0 3 3 5 5 4 4 4 5
10 10 7 7 4 3 0 2 6 6 6 5 5 6
10 10 7 7 4 3 2 0 6 6 6 5 6 6
8 8 7 9 7 5 6 6 0 2 4 5 5 4
7 8 6 8 6 5 6 6 2 0 3 4 4 4
6 6 5 6 5 4 6 6 4 3 0 2 3 2
7 6 4 6 4 4 5 5 5 4 2 0 2 2
6 6 4 5 4 4 5 6 5 4 3 2 0 2
6 6 4 6 5 5 6 6 4 4 2 2 2 0
