12
10
17 31 26 5 2 28 7 36 20 17
27 7 12 7 11 20 7 15 27 9
22 8 29 4 24 32 36 2 2 35
28 30 17 21 29 35 36 4 14 39
25 12 11 16 14 28 2 20 21 19
36 11 9 11 24 2 5 30 17 20
10 24 3 17 40 36 5 6 21 40
28 7 11 33 40 24 5 20 4 30
5 28 2 38 38 9 20 38 12 24
25 27 1 17 12 3 6 38 30 31
9 34 15 36 8 30 20 24 37 2
19 37 7 3 32 16 30 29 5 8
0 2 5 6 8 9 9 10 8 8 6 6 7 2
2 0 5 6 9 10 10 10 9 9 6 7 8 3
5 5 0 3 5 7 8 8 7 7 5 6 9 6
6 6 3 0 4 5 6 7 6 6 4 5 9 6
8 9 5 4 0 4 4 5 5 5 5 6 9 9
9 10 7 5 4 0 3 4 4 4 5 6 9 10
9 10 8 6 4 3 0 3 3 3 5 6 8 10
10 10 8 7 5 4 3 0 3 3 6 6 8 10
8 9 7 6 5 4 3 3 0 2 4 4 6 9
8 9 7 6 5 4 3 3 2 0 4 4 6 8
6 6 5 4 5 5 5 6 4 4 0 3 6 6
6 7 6 5 6 6 6 6 4 4 3 0 5 6
7 8 9 9 9 9 8 8 6 6 6 5 0 7
2 3 6 6 9 10 10 10 9 8 6 6 7 0
