12
10
17 39 11 22 13 19 16 7 6 5
20 33 21 21 7 30 19 3 8 12
4 10 24 12 34 37 16 23 39 7
14 22 39 3 17 2 14 17 40 3
1 16 20 26 35 10 2 19 27 4
1 33 26 36 3 40 21 38 25 24
26 21 14 7 25 11 2 31 15 4
37 8 3 34 6 20 19 9 4 25
16 32 39 34 29 25 15 24 18 8
6 11 7 33 4 29 28 36 21 2
9 5 36 9 8 21 17 35 36 36
31 3 2 4 18 32 39 12 3 24
0 5 6 8 9 10 9 9 8 7 6 7 5 4
5 0 3 5 6 7 6 5 4 4 3 6 7 6
6 3 0 4 6 8 7 6 5 5 4 8 8 7
8 5 4 0 5 7 6 5 5 6 5 10 10 9
9 6 6 5 0 3 3 2 3 3 5 8 9 9
10 7 8 7 3 0 3 3 4 4 6 8 10 9
9 6 7 6 3 3 0 3 3 3 5 7 9 8
9 5 6 5 2 3 3 0 2 3 4 8 9 8
8 4 5 5 3 4 3 2 0 2 3 7 8 7
7 4 5 6 3 4 3 3 2 0 3 6 8 7
6 3 4 5 5 6 5 4 3 3 0 6 7 6
7 6 8 10 8 8 7 8 7 6 6 0 4 4
5 7 8 10 9 10 9 9 8 8 7 4 0 3
4 6 7 9 9 9 8 8 7 7 6 4 3 0
