12
10
10 26 2 12 29 26 22 20 6 23
13 35 40 39 30 6 16 1 36 15
2 3 32 40 10 25 31 37 13 33
33 21 40 8 16 18 38 36 27 30
13 34 1 35 7 28 17 7 30 9
29 20 3 35 28 11 9 15 10 10
11 4 33 2 13 4 35 26 1 13
29 13 37 23 7 20 24 25 8 1
18 21 23 28 3 24 13 8 12 2
23 5 31 6 29 14 1 1 21 20
3 21 31 12 32 28 23 1 38 19
2 6 26 7 27 23 8 15 8 7
0 3 4 5 3 6 6 4 4 4 4 5 7 2
3 0 2 6 5 8 7 5 5 5 5 6 7 3
4 2 0 5 5 8 8 6 6 6 6 7 8 4
5 6 5 0 5 7 7 6 6 7 7 9 10 6
3 5 5 5 0 4 4 2 3 4 4 5 7 4
6 8 8 7 4 0 2 4 4 5 5 6 8 7
6 7 8 7 4 2 0 4 4 5 5 6 8 6
4 5 6 6 2 4 4 0 2 3 3 5 7 4
4 5 6 6 3 4 4 2 0 3 3 4 6 4
4 5 6 7 4 5 5 3 3 0 2 3 5 4
4 5 6 7 4 5 5 3 3 2 0 3 5 4
5 6 7 9 5 6 6 5 4 3 3 0 4 5
7 7 8 10 7 8 8 7 6 5 5 4 0 6
2 3 4 6 4 7 6 4 4 4 4 5 6 0
