12
30
38 34 13 12 36 19 13 13 15 40 23 35 38 29 36 14 28 33 1 5 40 35 9 32 2 34 29 13 5 14
18 8 6 12 6 19 8 34 20 38 12 6 28 38 15 33 7 23 15 35 38 7 16 1 29 30 2 5 1 33
10 37 25 12 36 27 9 19 15 38 9 36 37 20 21 39 12 31 9 32 6 1 6 28 17 9 21 23 19 2
31 7 1 26 21 5 1 16 16 26 38 1 2 5 22 2 14 5 2 33 19 19 16 32 26 29 5 23 32 38
24 12 39 6 31 33 1 23 14 2 40 15 20 30 31 29 14 27 36 40 9 33 32 7 5 25 29 16 16 33
18 4 34 38 1 33 11 23 19 34 20 9 7 26 23 24 19 7 11 8 30 12 37 38 13 31 19 38 14 27
4 28 34 31 4 30 36 2 30 28 21 12 25 4 17 23 8 15 31 11 2 39 38 24 25 40 13 13 13 18
35 27 5 14 35 23 3 22 35 11 7 31 37 35 10 19 38 35 28 16 26 22 39 40 2 16 39 10 1 35
40 19 13 32 39 38 16 23 33 27 1 33 22 14 30 22 21 20 9 26 26 38 38 40 3 38 11 23 17 10
21 33 10 16 14 35 24 27 34 7 19 8 16 34 20 33 9 15 12 24 34 2 18 29 19 35 35 33 21 8
28 35 16 23 28 23 22 20 26 3 39 19 38 25 34 39 6 28 6 29 22 11 4 34 37 32 16 5 7 32
25 28 5 33 29 29 18 38 37 15 36 36 9 35 28 6 26 14 33 17 1 16 15 25 36 26 40 18 11 21
0 3 4 4 6 7 7 7 7 10 10 6 5 4
3 0 3 3 5 6 6 6 6 9 10 7 5 4
4 3 0 3 4 5 5 4 5 8 8 5 4 3
4 3 3 0 3 5 5 4 5 8 9 6 5 4
6 5 4 3 0 3 3 3 4 7 8 6 6 5
7 6 5 5 3 0 4 4 6 6 9 8 7 7
7 6 5 5 3 4 0 2 3 5 6 6 6 6
7 6 4 4 3 4 2 0 3 5 6 6 5 5
7 6 5 5 4 6 3 3 0 5 5 4 5 5
10 9 8 8 7 6 5 5 5 0 5 8 8 9
10 10 8 9 8 9 6 6 5 5 0 6 7 8
6 7 5 6 6 8 6 6 4 8 6 0 3 4
5 5 4 5 6 7 6 5 5 8 7 3 0 3
4 4 3 4 5 7 6 5 5 9 8 4 3 0
