12
30
23 23 33 27 1 15 33 31 27 21 9 27 38 35 27 28 10 5 23 31 31 36 12 25 8 14 16 21 12 40
39 13 18 32 30 37 18 14 37 24 29 11 21 9 30 19 19 31 30 18 22 27 25 2 9 7 19 11 1 40
13 11 32 1 40 38 24 13 6 39 39 20 2 39 36 29 20 20 7 31 24 26 30 6 31 39 5 4 10 26
8 27 28 37 34 23 1 14 19 35 4 25 36 35 32 9 32 17 11 23 22 37 35 31 21 1 24 35 25 22
38 32 2 20 32 5 32 18 5 15 12 19 5 3 16 14 5 4 29 37 38 26 12 28 7 26 11 15 35 17
6 33 23 14 18 32 9 16 18 1 36 37 14 24 36 27 22 1 10 36 40 18 31 35 6 25 12 12 10 34
5 23 34 16 8 33 40 8 17 31 11 2 36 33 14 12 38 21 13 13 38 4 19 3 37 28 12 24 14 34
17 6 2 26 39 39 27 15 14 28 17 21 5 36 19 26 33 14 39 20 40 25 6 34 7 38 13 19 23 39
22 36 5 28 1 23 21 21 2 39 23 23 31 12 31 22 16 33 4 14 33 39 40 28 15 37 33 16 31 9
23 15 3 24 32 27 14 15 29 14 35 1 22 36 6 32 8 2 27 21 1 25 38 38 36 14 39 36 22 25
33 23 32 4 16 14 20 4 14 35 11 1 3 30 38 31 29 30 14 30 33 17 2 17 29 37 2 9 16 24
37 31 20 23 32 35 30 36 18 19 20 1 38 37 17 40 8 15 27 26 8 2 38 24 1 33 20 39 16 18
0 2 4 4 6 6 6 4 3 5 4 6 2 2
2 0 3 4 6 6 6 4 3 6 5 6 3 3
4 3 0 3 6 7 7 5 5 7 6 6 4 4
4 4 3 0 5 6 6 5 5 7 7 7 5 5
6 6 6 5 0 3 3 4 5 7 8 10 7 6
6 6 7 6 3 0 2 4 5 6 7 10 7 6
6 6 7 6 3 2 0 3 5 6 7 10 7 6
4 4 5 5 4 4 3 0 3 5 6 8 5 4
3 3 5 5 5 5 5 3 0 4 5 7 4 3
5 6 7 7 7 6 6 5 4 0 4 8 5 5
4 5 6 7 8 7 7 6 5 4 0 6 4 4
6 6 6 7 10 10 10 8 7 8 6 0 5 6
2 3 4 5 7 7 7 5 4 5 4 5 0 2
2 3 4 5 6 6 6 4 3 5 4 6 2 0
