12
20
25 11 24 17 27 4 32 23 19 12 25 9 39 8 23 2 20 36 8 14
40 33 10 36 17 7 1 9 1 16 32 39 8 1 2 31 40 1 8 13
22 35 36 3 14 20 17 38 15 33 26 6 30 9 23 39 12 31 6 5
29 7 8 30 12 38 8 27 5 33 6 37 33 22 16 24 33 23 9 8
25 23 4 22 28 31 37 19 30 32 4 33 40 21 27 18 38 9 13 24
33 24 14 3 4 7 40 10 2 34 37 24 7 30 39 24 2 2 5 24
37 36 14 21 11 28 24 1 21 18 24 4 17 28 1 32 1 23 18 22
38 8 14 10 28 8 4 15 35 33 38 39 35 4 31 37 5 10 18 35
27 27 11 8 1 1 35 13 40 28 7 16 22 35 2 18 3 9 16 15
30 39 33 39 19 30 30 39 8 37 36 21 37 20 16 7 34 37 15 13
37 7 11 3 40 11 26 24 13 12 3 14 17 30 37 21 23 23 16 4
8 7 18 2 8 10 22 15 16 20 7 9 13 26 21 27 5 12 25 20
0 3 4 5 6 5 6 8 8 6 6 8 7 6
3 0 3 4 5 4 5 6 7 5 5 7 7 7
4 3 0 2 3 3 4 5 6 5 5 8 8 8
5 4 2 0 3 3 4 5 6 5 6 8 8 9
6 5 3 3 0 2 3 3 5 5 5 8 8 9
5 4 3 3 2 0 2 4 5 4 5 7 7 9
6 5 4 4 3 2 0 4 4 4 4 6 7 8
8 6 5 5 3 4 4 0 5 6 6 8 9 10
8 7 6 6 5 5 4 5 0 4 4 5 6 9
6 5 5 5 5 4 4 6 4 0 2 4 5 7
6 5 5 6 5 5 4 6 4 2 0 4 4 7
8 7 8 8 8 7 6 8 5 4 4 0 3 7
7 7 8 8 8 7 7 9 6 5 4 3 0 5
6 7 8 9 9 9 8 10 9 7 7 7 5 0
