12
30
2 33 7 36 40 35 17 26 33 13 39 12 26 2 8 9 18 9 36 5 30 28 3 33 32 33 16 10 5 29
19 37 19 28 34 22 17 32 23 24 2 39 37 9 14 31 7 31 2 40 2 14 32 12 29 24 21 18 30 34
34 5 1 3 22 27 12 4 27 8 18 31 37 25 26 28 38 21 14 39 13 1 12 35 39 15 17 28 7 9
38 28 22 19 9 20 6 29 27 20 32 23 36 6 17 5 24 11 1 33 1 9 40 26 9 22 14 36 10 13
11 27 6 34 4 35 7 31 28 1 26 28 17 33 26 8 13 2 20 30 40 7 5 35 26 35 2 13 19 15
38 1 31 27 28 29 3 35 25 3 25 37 22 28 20 15 25 14 6 12 39 1 11 12 4 1 7 14 34 25
17 9 4 15 12 34 21 10 17 16 33 9 12 17 19 40 31 35 17 34 8 13 5 33 25 6 18 11 21 21
38 5 16 5 40 27 26 2 2 31 6 38 24 8 29 28 22 31 10 18 36 15 10 40 8 9 19 40 8 30
19 11 27 24 11 4 38 9 14 30 4 2 8 1 23 23 36 14 22 17 32 22 16 17 13 5 30 29 29 40
33 28 7 6 31 10 27 24 1 9 34 40 36 1 26 3 15 10 4 32 32 38 32 7 5 21 20 21 18 14
13 36 30 31 24 7 39 27 3 29 3 16 39 6 24 34 2 18 1 1 19 11 20 19 26 14 8 30 14 22
28 11 2 16 1 2 31 7 22 13 26 33 16 30 26 30 36 3 14 10 10 11 12 32 29 9 32 24 33 5
0 2 3 7 10 8 6 6 5 6 6 7 6 3
2 0 2 6 9 7 6 5 5 5 6 7 6 3
3 2 0 5 8 7 6 5 5 6 6 7 6 4
7 6 5 0 8 9 9 7 8 9 9 10 10 8
10 9 8 8 0 6 7 6 7 8 8 9 9 10
8 7 7 9 6 0 3 4 4 4 4 4 5 8
6 6 6 9 7 3 0 3 2 2 3 3 4 6
6 5 5 7 6 4 3 0 2 3 3 5 4 6
5 5 5 8 7 4 2 2 0 2 3 4 3 5
6 5 6 9 8 4 2 3 2 0 2 3 3 5
6 6 6 9 8 4 3 3 3 2 0 3 3 6
7 7 7 10 9 4 3 5 4 3 3 0 3 7
6 6 6 10 9 5 4 4 3 3 3 3 0 5
3 3 4 8 10 8 6 6 5 5 6 7 5 0
