12
10
27 35 34 33 34 35 10 34 11 12
6 10 12 1 7 40 11 9 20 1
11 20 31 22 39 35 19 26 40 40
5 17 3 22 38 1 6 27 7 8
10 13 1 10 32 40 33 36 17 3
3 36 7 13 8 19 13 8 8 25
23 36 32 35 39 17 29 37 40 3
32 15 12 19 6 27 37 8 21 33
32 39 27 40 1 28 29 38 27 26
35 20 20 26 5 35 27 23 28 21
20 37 22 10 11 40 3 5 13 31
16 10 19 34 35 26 40 30 11 17
0 3 6 8 8 7 7 7 8 10 9 8 5 2
3 0 5 7 7 6 5 5 6 9 7 7 4 4
6 5 0 3 4 3 5 5 5 8 7 9 6 7
8 7 3 0 3 4 6 6 6 8 8 10 8 9
8 7 4 3 0 3 5 6 5 7 7 10 7 9
7 6 3 4 3 0 3 4 4 6 5 8 5 8
7 5 5 6 5 3 0 2 3 5 4 6 4 7
7 5 5 6 6 4 2 0 3 5 4 6 3 7
8 6 5 6 5 4 3 3 0 4 3 7 5 8
10 9 8 8 7 6 5 5 4 0 3 7 6 10
9 7 7 8 7 5 4 4 3 3 0 6 5 9
8 7 9 10 10 8 6 6 7 7 6 0 5 7
5 4 6 8 7 5 4 3 5 6 5 5 0 5
2 4 7 9 9 8 7 7 8 10 9 7 5 0
