12
20
9 29 38 23 28 35 6 4 30 8 19 16 13 40 11 6 10 15 34 3
4 15 25 26 32 17 9 38 20 13 12 17 27 23 3 24 40 8 21 17
16 37 14 30 10 8 34 31 38 39 13 25 5 20 2 26 17 40 3 15
3 27 37 7 2 12 7 6 37 25 25 25 28 20 6 22 29 24 8 2
15 30 14 21 19 27 1 36 16 29 3 3 33 33 17 27 22 25 27 16
20 21 30 28 5 17 8 3 6 26 28 27 38 38 11 27 31 14 26 35
13 24 23 30 38 38 38 26 29 30 35 17 5 9 19 2 5 26 4 28
23 25 37 24 18 32 11 40 11 8 5 16 10 18 18 9 6 36 2 12
16 23 30 2 22 19 28 12 27 30 20 26 40 5 9 36 26 7 10 5
30 6 11 23 34 33 25 18 17 11 38 26 15 38 21 29 23 40 10 4
37 32 7 39 21 36 22 1 10 38 1 18 40 6 20 25 13 1 18 6
28 28 14 36 19 27 35 30 21 13 16 31 21 18 16 1 12 16 8 37
0 4 3 4 5 6 3 4 5 8 6 3 3 4
4 0 4 5 5 7 5 7 8 10 9 6 5 6
3 4 0 2 3 5 3 5 6 8 7 4 4 6
4 5 2 0 3 4 3 5 6 9 7 5 5 7
5 5 3 3 0 3 3 5 6 9 8 5 6 8
6 7 5 4 3 0 4 6 6 8 8 6 7 9
3 5 3 3 3 4 0 4 5 7 6 3 4 6
4 7 5 5 5 6 4 0 3 5 4 3 4 6
5 8 6 6 6 6 5 3 0 4 3 4 5 7
8 10 8 9 9 8 7 5 4 0 3 6 7 8
6 9 7 7 8 8 6 4 3 3 0 5 5 7
3 6 4 5 5 6 3 3 4 6 5 0 3 5
3 5 4 5 6 7 4 4 5 7 5 3 0 4
4 6 6 7 8 9 6 6 7 8 7 5 4 0
