12
10
38 5 25 12 2 7 1 38 17 18
12 24 4 14 12 25 24 14 27 3
34 6 14 6 4 17 36 25 17 23
24 28 19 12 20 23 11 3 17 1
39 18 7 21 30 16 16 40 40 17
15 20 3 22 9 32 11 11 3 7
23 6 29 40 4 37 31 14 33 23
28 9 39 15 34 38 36 25 10 2
23 30 9 2 20 14 30 39 22 18
11 9 20 6 5 28 17 5 18 28
24 13 18 8 19 15 31 24 9 34
29 20 21 22 38 19 11 27 31 7
0 2 3 4 4 7 10 10 10 9 7 7 5 4
2 0 3 3 4 7 10 9 9 9 7 7 5 4
3 3 0 2 3 5 9 8 8 7 6 6 4 3
4 3 2 0 2 5 8 8 8 7 6 6 5 3
4 4 3 2 0 4 8 7 8 7 6 6 5 3
7 7 5 5 4 0 5 4 8 7 8 7 7 6
10 10 9 8 8 5 0 2 9 8 9 9 10 9
10 9 8 8 7 4 2 0 8 8 9 9 9 8
10 9 8 8 8 8 9 8 0 2 4 5 7 7
9 9 7 7 7 7 8 8 2 0 4 4 6 6
7 7 6 6 6 8 9 9 4 4 0 2 4 5
7 7 6 6 6 7 9 9 5 4 2 0 4 4
5 5 4 5 5 7 10 9 7 6 4 4 0 3
4 4 3 3 3 6 9 8 7 6 5 4 3 0
