12
10
5 1 36 29 21 7 8 24 30 10
6 24 39 13 21 18 23 1 10 9
35 26 8 38 31 29 5 9 17 26
1 25 16 24 16 26 4 15 28 1
14 31 31 16 40 11 6 11 35 13
1 21 18 18 26 18 4 7 26 31
12 15 14 6 8 19 36 40 2 39
27 7 15 29 35 30 23 11 7 7
9 6 35 5 33 23 27 35 29 26
36 26 37 26 5 33 16 15 25 8
39 12 2 15 27 7 3 28 11 37
15 5 25 9 9 36 3 4 19 30
0 3 3 5 5 6 7 9 6 7 7 6 4 3
3 0 2 4 4 5 6 8 4 5 5 5 2 3
3 2 0 4 3 4 6 7 4 5 6 6 3 3
5 4 4 0 2 3 4 6 5 6 7 8 5 5
5 4 3 2 0 2 4 5 5 5 7 7 4 5
6 5 4 3 2 0 3 5 5 6 7 8 5 6
7 6 6 4 4 3 0 3 6 7 8 9 6 7
9 8 7 6 5 5 3 0 7 7 9 10 8 9
6 4 4 5 5 5 6 7 0 2 4 5 3 4
7 5 5 6 5 6 7 7 2 0 3 5 4 5
7 5 6 7 7 7 8 9 4 3 0 4 5 5
6 5 6 8 7 8 9 10 5 5 4 0 5 4
4 2 3 5 4 5 6 8 3 4 5 5 0 3
3 3 3 5 5 6 7 9 4 5 5 4 3 0
