12
10
4 8 19 13 10 9 15 33 31 23
9 26 31 29 8 18 26 19 18 7
19 8 37 34 10 3 34 14 15 17
30 32 34 39 6 37 13 31 36 18
3 2 11 26 33 14 18 34 17 15
7 18 35 35 24 19 15 15 31 22
25 33 34 29 18 38 11 35 19 35
26 25 19 18 26 40 31 24 33 13
13 5 38 39 7 17 26 28 3 7
12 27 1 8 33 14 14 29 13 32
8 19 35 29 17 25 9 22 27 34
7 18 24 39 8 36 24 37 16 18
0 2 4 6 6 4 5 6 3 3 4 6 4 3
2 0 4 5 6 4 5 6 4 3 4 6 5 4
4 4 0 5 6 6 7 9 6 6 6 8 6 5
6 5 5 0 3 6 7 9 7 7 8 10 8 7
6 6 6 3 0 6 7 9 7 7 8 10 9 8
4 4 6 6 6 0 3 4 3 3 4 6 6 5
5 5 7 7 7 3 0 3 4 4 5 6 7 5
6 6 9 9 9 4 3 0 4 4 5 6 7 6
3 4 6 7 7 3 4 4 0 2 3 5 5 3
3 3 6 7 7 3 4 4 2 0 3 5 4 3
4 4 6 8 8 4 5 5 3 3 0 4 4 3
6 6 8 10 10 6 6 6 5 5 4 0 4 4
4 5 6 8 9 6 7 7 5 4 4 4 0 3
3 4 5 7 8 5 5 6 3 3 3 4 3 0
