12
10
8 12 32 20 38 32 18 35 8 17
5 17 28 19 26 12 17 29 20 25
37 10 6 12 35 12 26 25 38 13
13 9 30 24 12 35 27 30 31 24
4 12 4 35 18 17 9 13 9 14
24 40 25 9 23 2 39 33 26 31
39 31 1 11 37 37 22 27 1 16
20 6 19 15 12 25 11 3 22 27
14 10 35 30 28 19 32 14 4 16
22 24 38 38 3 22 12 11 2 26
19 4 40 14 30 13 7 20 14 37
17 7 6 20 7 5 10 32 12 17
0 2 2 4 4 6 7 10 10 9 7 7 7 4
2 0 2 4 5 6 7 10 10 9 8 7 8 4
2 2 0 3 4 5 6 10 10 8 7 6 7 4
4 4 3 0 3 4 5 8 8 7 6 5 6 4
4 5 4 3 0 3 4 7 7 7 6 6 7 5
6 6 5 4 3 0 3 6 6 6 5 6 7 7
7 7 6 5 4 3 0 5 5 5 5 6 8 8
10 10 10 8 7 6 5 0 2 4 6 7 9 10
10 10 10 8 7 6 5 2 0 4 6 7 9 10
9 9 8 7 7 6 5 4 4 0 4 5 7 9
7 8 7 6 6 5 5 6 6 4 0 3 5 7
7 7 6 5 6 6 6 7 7 5 3 0 3 5
7 8 7 6 7 7 8 9 9 7 5 3 0 5
4 4 4 4 5 7 8 10 10 9 7 5 5 0
