12
20
19 13 36 3 10 24 16 5 5 14 20 34 8 27 37 2 1 27 10 4
3 12 1 32 28 33 15 22 32 36 35 35 24 9 28 38 21 21 9 39
16 30 18 9 7 16 6 3 40 32 11 39 14 18 30 28 8 17 15 9
33 27 8 30 10 34 33 2 2 34 11 28 18 40 33 13 37 30 5 10
19 23 18 39 11 12 7 9 6 33 22 10 2 20 3 16 1 17 40 1
14 30 30 31 2 37 22 27 17 19 15 8 30 38 13 8 31 17 25 26
4 15 7 1 35 13 14 11 35 35 3 32 3 40 24 27 37 4 39 37
11 14 29 20 40 1 32 30 39 28 12 33 20 8 30 32 12 23 31 38
33 22 7 3 16 20 27 5 11 33 18 33 26 17 28 34 34 28 32 27
27 24 32 8 9 24 40 25 16 16 15 31 5 6 31 9 35 12 31 24
26 20 17 6 35 28 32 34 10 7 36 17 1 39 20 27 32 39 16 13
21 8 29 10 32 30 11 10 5 9 40 11 8 33 27 4 11 3 8 25
0 4 5 7 8 9 8 7 8 8 8 5 3 2
4 0 4 6 6 7 5 5 7 7 7 4 3 3
5 4 0 3 4 7 6 5 9 9 9 6 5 5
7 6 3 0 3 7 6 6 10 10 10 8 7 7
8 6 4 3 0 5 4 5 9 10 10 7 7 7
9 7 7 7 5 0 3 4 7 8 9 8 8 9
8 5 6 6 4 3 0 3 6 7 7 6 6 7
7 5 5 6 5 4 3 0 5 6 6 5 5 6
8 7 9 10 9 7 6 5 0 2 3 5 7 8
8 7 9 10 10 8 7 6 2 0 3 5 7 7
8 7 9 10 10 9 7 6 3 3 0 5 6 7
5 4 6 8 7 8 6 5 5 5 5 0 3 4
3 3 5 7 7 8 6 5 7 7 6 3 0 3
2 3 5 7 7 9 7 6 8 7 7 4 3 0
