12
20
10 27 26 38 26 10 8 15 7 11 30 36 40 25 12 32 14 2 31 2
33 29 14 9 20 23 16 28 2 19 33 22 23 12 10 31 12 2 36 36
2 22 28 3 33 4 24 4 22 18 37 8 1 13 21 37 26 35 36 20
10 28 34 10 18 35 8 36 2 13 24 36 4 29 6 31 15 34 5 24
18 22 19 30 32 23 27 37 11 10 2 36 6 1 1 3 38 4 37 30
32 20 6 28 25 7 13 31 38 24 6 35 5 37 40 13 6 39 40 2
34 28 24 16 28 10 7 35 35 15 32 34 16 32 13 5 6 1 24 23
37 11 6 33 15 31 25 4 40 27 19 8 38 7 16 36 21 22 36 27
18 26 2 1 15 24 8 14 38 28 32 11 2 14 34 1 2 5 28 10
6 15 23 7 14 19 39 21 38 10 24 39 31 14 10 30 30 20 18 36
7 12 40 13 33 13 14 30 15 25 27 29 8 24 28 10 8 4 24 31
10 23 3 17 31 16 4 8 33 34 35 31 29 25 37 28 36 39 8 17
0 3 4 5 7 8 7 6 6 7 7 5 5 3
3 0 4 5 6 8 7 7 8 9 9 7 7 5
4 4 0 3 5 5 5 5 6 8 8 6 7 4
5 5 3 0 5 5 4 4 5 7 7 5 7 4
7 6 5 5 0 5 5 7 9 10 10 9 10 7
8 8 5 5 5 0 2 5 6 8 8 7 9 7
7 7 5 4 5 2 0 4 6 7 7 6 9 6
6 7 5 4 7 5 4 0 3 5 5 4 6 4
6 8 6 5 9 6 6 3 0 3 3 3 6 4
7 9 8 7 10 8 7 5 3 0 2 3 5 6
7 9 8 7 10 8 7 5 3 2 0 3 5 6
5 7 6 5 9 7 6 4 3 3 3 0 4 4
5 7 7 7 10 9 9 6 6 5 5 4 0 5
3 5 4 4 7 7 6 4 4 6 6 4 5 0
