12
30
10 17 8 40 27 4 9 4 38 12 34 11 12 22 35 2 17 24 6 32 39 3 40 29 18 21 4 3 25 26
4 3 17 39 31 20 13 12 12 12 10 34 32 14 15 9 35 30 34 6 31 37 32 10 5 6 1 35 3 19
15 27 7 5 13 10 26 20 34 2 3 33 7 15 11 1 39 28 25 39 34 1 27 33 23 38 40 19 32 13
3 15 20 7 24 25 20 30 26 18 10 11 35 14 2 21 11 14 24 40 32 36 26 22 24 28 13 14 25 7
25 24 26 12 6 25 14 13 27 20 5 23 9 33 9 3 31 37 8 26 8 40 18 21 15 27 26 36 24 26
36 3 5 21 32 11 11 19 15 1 38 6 23 32 19 6 31 39 28 12 38 39 34 8 11 10 12 31 17 37
22 9 25 31 10 34 37 17 36 21 22 25 15 7 8 31 33 34 25 31 2 15 36 2 3 12 5 26 8 25
13 11 34 20 32 26 28 35 28 34 10 35 1 18 40 1 40 5 17 36 7 3 5 17 13 12 9 2 25 2
8 28 33 36 18 1 36 14 14 21 2 3 39 20 39 35 36 19 24 30 2 36 1 28 31 34 10 35 2 27
26 28 10 20 19 19 34 36 33 38 8 32 34 26 32 31 23 36 22 30 38 33 27 23 13 35 14 10 23 25
3 37 20 16 2 1 3 17 10 3 15 22 28 26 13 13 28 11 20 20 29 11 14 12 18 18 25 15 22 40
3 16 11 23 36 25 29 11 11 22 22 14 33 21 5 26 9 28 7 20 33 31 26 34 21 39 32 3 36 36
0 2 3 3 7 6 8 4 4 6 7 5 4 2
2 0 2 3 6 6 8 4 4 6 8 5 4 3
3 2 0 3 6 6 8 4 4 7 8 6 5 3
3 3 3 0 5 5 7 3 3 6 7 5 5 4
7 6 6 5 0 3 6 5 6 9 10 9 8 7
6 6 6 5 3 0 4 4 5 8 9 8 7 7
8 8 8 7 6 4 0 5 6 8 8 8 8 9
4 4 4 3 5 4 5 0 3 6 7 6 5 5
4 4 4 3 6 5 6 3 0 4 6 4 4 4
6 6 7 6 9 8 8 6 4 0 3 3 4 6
7 8 8 7 10 9 8 7 6 3 0 4 5 7
5 5 6 5 9 8 8 6 4 3 4 0 2 4
4 4 5 5 8 7 8 5 4 4 5 2 0 3
2 3 3 4 7 7 9 5 4 6 7 4 3 0
