12
30
7 10 17 28 7 35 26 18 39 18 26 31 39 25 30 35 16 33 32 2 35 21 18 40 2 8 38 2 38 11
17 29 35 25 6 37 29 10 29 7 8 25 2 23 18 1 31 3 32 5 27 33 19 26 20 23 2 31 34 24
3 25 39 19 16 37 9 7 20 20 23 30 29 3 23 20 26 39 18 18 27 20 33 22 12 40 28 8 35 29
12 19 22 16 32 24 27 16 25 38 16 34 21 26 7 16 40 15 30 29 27 12 2 38 10 32 8 24 1 31
39 6 21 37 11 8 5 16 35 31 24 15 9 29 6 29 32 10 10 37 33 9 40 23 8 16 15 39 6 1
34 33 21 10 16 4 20 37 13 18 12 34 34 1 33 5 16 17 35 10 29 28 7 31 4 34 13 9 24 10
21 23 8 35 23 17 13 23 27 2 10 36 34 1 9 23 33 32 34 4 20 24 9 13 9 29 22 28 31 9
26 16 8 4 37 24 22 10 32 34 7 21 36 18 14 8 22 40 10 4 18 2 32 27 30 26 16 2 23 31
25 38 16 7 37 6 6 39 31 19 11 28 34 38 20 37 29 23 3 25 26 10 37 16 1 15 24 6 13 14
9 15 16 35 4 8 11 10 40 5 23 19 37 1 40 13 30 23 25 36 34 11 20 13 23 7 39 17 40 27
30 9 13 13 15 21 34 30 38 6 9 28 3 17 3 31 3 16 21 27 21 19 17 9 7 18 15 14 12 2
17 25 13 31 13 7 29 5 40 39 13 3 35 3 14 24 17 24 13 25 18 13 12 22 4 23 12 25 4 7
0 3 7 5 5 4 5 4 3 3 5 5 5 3
3 0 6 4 4 3 4 4 4 4 7 6 5 3
7 6 0 5 5 6 8 8 8 9 10 8 6 6
5 4 5 0 2 2 5 5 6 6 9 8 6 5
5 4 5 2 0 3 5 5 6 7 9 8 7 5
4 3 6 2 3 0 4 4 5 6 8 8 6 5
5 4 8 5 5 4 0 2 4 5 7 9 8 6
4 4 8 5 5 4 2 0 3 4 7 8 7 5
3 4 8 6 6 5 4 3 0 3 5 7 6 4
3 4 9 6 7 6 5 4 3 0 4 6 6 4
5 7 10 9 9 8 7 7 5 4 0 6 7 6
5 6 8 8 8 8 9 8 7 6 6 0 3 5
5 5 6 6 7 6 8 7 6 6 7 3 0 4
3 3 6 5 5 5 6 5 4 4 6 5 4 0
