12
30
18 8 39 24 5 31 14 40 4 26 33 20 8 13 30 30 13 40 11 39 37 10 25 9 25 16 5 37 37 19
25 9 12 17 9 23 3 16 29 13 11 40 12 9 22 30 11 27 38 16 30 21 19 3 12 19 21 8 2 21
2 8 8 12 33 17 26 13 31 36 7 27 18 22 18 28 6 12 40 32 22 21 19 35 38 37 33 16 21 4
3 4 6 16 9 27 39 1 28 39 8 31 24 11 24 22 1 25 13 2 16 18 8 4 22 32 37 9 27 22
21 3 38 17 37 34 5 15 23 5 11 19 26 11 15 38 29 18 36 28 40 13 8 35 20 28 34 27 23 37
12 33 7 30 30 4 37 1 27 15 14 8 13 27 3 32 4 30 19 10 26 25 12 7 7 3 27 32 12 12
10 34 35 34 12 15 1 13 4 27 11 33 40 36 8 28 21 26 9 5 32 37 38 24 18 20 39 19 7 7
26 36 38 39 12 34 34 32 5 14 6 11 11 36 8 22 30 10 1 1 27 28 23 24 13 9 30 13 21 10
25 29 9 39 20 25 1 28 29 22 30 16 36 4 24 12 27 24 35 37 37 15 37 39 14 27 9 13 21 23
29 28 37 2 38 36 12 33 12 8 29 34 14 12 14 31 14 35 34 9 36 37 40 13 22 36 23 40 30 21
39 39 33 29 17 12 21 18 28 3 11 11 27 18 7 34 2 39 12 7 31 16 30 30 33 1 38 39 30 1
27 33 15 38 29 33 12 26 25 39 35 34 7 31 28 3 3 38 10 12 20 7 38 28 2 13 2 29 34 19
0 4 3 5 5 5 7 8 9 8 7 4 3 2
4 0 3 5 6 6 8 10 10 10 9 6 5 4
3 3 0 4 4 4 6 8 9 9 8 5 5 3
5 5 4 0 3 4 5 8 9 9 9 7 6 5
5 6 4 3 0 3 3 7 8 8 8 7 6 5
5 6 4 4 3 0 3 5 6 6 7 6 5 4
7 8 6 5 3 3 0 5 6 7 8 7 7 6
8 10 8 8 7 5 5 0 3 3 5 7 7 7
9 10 9 9 8 6 6 3 0 3 5 7 7 8
8 10 9 9 8 6 7 3 3 0 4 6 7 7
7 9 8 9 8 7 8 5 5 4 0 4 5 6
4 6 5 7 7 6 7 7 7 6 4 0 2 4
3 5 5 6 6 5 7 7 7 7 5 2 0 3
2 4 3 5 5 4 6 7 8 7 6 4 3 0
