12
10
16 26 35 31 25 34 25 15 36 39
29 2 21 31 5 28 11 15 1 6
35 6 32 4 26 28 21 25 2 21
25 20 11 2 18 22 26 25 39 18
31 35 23 35 35 23 36 15 9 35
6 16 25 7 8 8 37 1 25 1
24 9 14 38 33 25 13 22 27 40
16 23 38 20 1 28 9 12 5 22
24 23 7 5 22 5 23 23 19 16
33 24 37 2 37 36 12 15 20 40
36 19 28 32 21 14 31 7 14 15
30 4 21 11 29 20 2 37 27 37
0 2 6 7 8 6 7 8 9 8 4 4 5 4
2 0 6 7 8 6 7 7 9 8 4 4 5 4
6 6 0 3 4 5 6 7 8 8 6 7 9 8
7 7 3 0 3 5 6 7 8 9 7 9 10 9
8 8 4 3 0 5 6 7 8 8 7 9 10 10
6 6 5 5 5 0 3 4 5 5 4 6 7 6
7 7 6 6 6 3 0 3 4 4 5 6 8 7
8 7 7 7 7 4 3 0 3 3 5 6 8 7
9 9 8 8 8 5 4 3 0 3 7 7 9 8
8 8 8 9 8 5 4 3 3 0 6 6 8 7
4 4 6 7 7 4 5 5 7 6 0 3 5 4
4 4 7 9 9 6 6 6 7 6 3 0 3 2
5 5 9 10 10 7 8 8 9 8 5 3 0 2
4 4 8 9 10 6 7 7 8 7 4 2 2 0
