12
20
35 27 32 5 7 17 24 6 34 24 32 37 39 37 23 6 37 26 24 9
21 12 11 7 16 2 24 23 14 33 36 35 22 20 18 13 4 20 33 18
6 6 23 24 23 7 24 37 9 19 29 9 32 14 3 6 2 28 40 12
40 13 7 25 31 22 3 2 32 36 31 7 30 32 31 5 24 37 13 36
23 24 15 15 36 19 2 40 18 27 28 13 28 29 28 39 10 37 17 25
4 11 36 10 2 9 29 38 5 7 28 39 19 7 18 39 21 20 19 32
1 21 28 5 7 8 8 39 16 9 4 39 28 5 39 29 38 2 32 6
14 39 10 12 22 17 38 14 22 39 28 29 22 12 16 15 2 34 31 39
7 1 30 37 5 6 34 6 28 20 13 1 9 13 24 3 22 5 12 35
26 6 7 32 19 29 17 36 37 35 22 31 25 34 29 14 24 29 21 26
30 32 2 36 3 1 29 24 12 23 6 30 11 10 38 12 25 38 33 36
37 26 8 33 18 39 1 36 9 31 39 23 11 15 30 15 10 10 22 27
0 2 4 5 6 5 6 6 5 7 9 4 2 2
2 0 4 5 6 5 6 5 5 7 8 4 2 2
4 4 0 3 4 3 4 5 6 8 10 7 5 4
5 5 3 0 3 2 3 6 6 8 10 8 6 5
6 6 4 3 0 3 3 6 7 8 10 9 7 6
5 5 3 2 3 0 2 5 6 7 9 8 6 5
6 6 4 3 3 2 0 4 5 6 9 8 7 6
6 5 5 6 6 5 4 0 3 4 6 8 6 6
5 5 6 6 7 6 5 3 0 4 5 7 5 6
7 7 8 8 8 7 6 4 4 0 4 9 7 8
9 8 10 10 10 9 9 6 5 4 0 9 9 9
4 4 7 8 9 8 8 8 7 9 9 0 3 4
2 2 5 6 7 6 7 6 5 7 9 3 0 2
2 2 4 5 6 5 6 6 6 8 9 4 2 0
