12
20
18 7 20 40 36 18 5 2 26 26 31 4 26 21 15 35 6 2 12 19
25 5 25 33 2 32 28 6 33 9 24 23 26 6 40 22 37 22 21 22
13 15 33 38 12 25 5 8 10 25 21 23 29 1 24 30 28 18 34 11
25 38 28 11 24 36 35 15 20 37 10 6 37 22 40 19 14 3 16 21
7 2 12 19 40 8 16 16 38 32 20 32 7 20 31 37 6 14 7 16
6 31 38 37 27 8 30 25 3 9 34 20 15 32 34 3 10 38 33 24
22 22 4 4 39 32 31 19 10 37 14 13 32 34 31 29 17 19 12 22
7 11 2 1 9 11 2 16 23 22 23 38 11 13 13 8 6 29 26 2
5 35 23 40 21 38 9 16 12 15 39 19 21 24 21 26 39 34 27 20
32 38 35 11 39 12 40 8 9 23 38 23 24 29 15 39 4 1 39 4
13 5 34 17 32 2 8 29 8 20 22 21 1 1 28 17 28 9 20 19
30 9 25 14 14 5 6 4 25 30 28 29 15 27 9 25 40 14 11 14
0 2 3 6 8 10 8 7 6 6 6 4 4 3
2 0 3 6 8 10 8 7 6 6 6 4 4 2
3 3 0 5 6 8 7 6 6 6 7 4 4 3
6 6 5 0 3 6 7 6 7 8 9 6 6 6
8 8 6 3 0 5 7 7 8 10 10 8 7 8
10 10 8 6 5 0 5 6 8 9 10 9 8 9
8 8 7 7 7 5 0 3 4 6 7 6 6 7
7 7 6 6 7 6 3 0 3 5 6 5 4 6
6 6 6 7 8 8 4 3 0 4 4 4 4 6
6 6 6 8 10 9 6 5 4 0 2 4 4 5
6 6 7 9 10 10 7 6 4 2 0 5 5 6
4 4 4 6 8 9 6 5 4 4 5 0 2 3
4 4 4 6 7 8 6 4 4 4 5 2 0 3
3 2 3 6 8 9 7 6 6 5 6 3 3 0
