12
10
8 33 21 34 35 26 19 33 25 23
9 31 5 30 39 20 17 1 33 30
20 9 28 19 24 20 9 5 32 18
36 6 20 5 4 25 13 26 28 31
21 18 31 16 4 17 23 31 11 19
26 30 6 1 28 26 12 13 16 31
20 33 30 30 22 2 11 10 19 24
28 28 1 29 38 38 16 7 35 17
21 31 8 12 16 17 23 34 37 13
15 2 12 19 31 33 4 31 5 1
13 32 21 12 21 28 19 28 35 18
33 26 5 17 4 9 23 30 36 2
0 4 3 4 4 6 5 6 7 5 5 6 5 3
4 0 3 5 5 6 5 8 9 7 7 7 6 5
3 3 0 3 3 4 4 6 7 7 7 8 7 5
4 5 3 0 2 4 3 5 6 6 7 8 7 5
4 5 3 2 0 3 2 5 7 7 8 9 8 6
6 6 4 4 3 0 3 6 8 9 10 10 9 7
5 5 4 3 2 3 0 5 6 7 9 9 8 6
6 8 6 5 5 6 5 0 3 6 7 9 8 6
7 9 7 6 7 8 6 3 0 5 7 9 8 7
5 7 7 6 7 9 7 6 5 0 3 5 5 4
5 7 7 7 8 10 9 7 7 3 0 4 3 4
6 7 8 8 9 10 9 9 9 5 4 0 3 5
5 6 7 7 8 9 8 8 8 5 3 3 0 4
3 5 5 5 6 7 6 6 7 4 4 5 4 0
