12
10
22 22 4 1 24 8 20 19 10 38
30 1 12 21 32 30 18 31 37 32
24 19 10 8 5 9 19 33 39 32
15 19 16 37 16 15 39 27 16 36
27 17 26 4 37 24 34 36 13 24
35 7 25 30 10 31 30 15 4 35
12 5 26 2 25 37 36 8 37 33
6 10 21 28 27 37 1 40 20 3
1 10 38 36 32 35 13 26 29 22
36 28 37 9 10 25 23 23 12 18
14 10 33 14 34 33 31 38 33 28
8 38 4 34 15 26 8 33 16 35
0 4 5 8 7 8 8 9 8 6 7 7 5 5
4 0 2 6 6 8 8 9 9 6 8 9 8 7
5 2 0 6 6 7 8 10 9 7 8 9 8 8
8 6 6 0 4 5 6 8 7 6 8 9 10 10
7 6 6 4 0 3 4 6 5 4 5 7 8 9
8 8 7 5 3 0 2 4 4 4 5 7 9 9
8 8 8 6 4 2 0 4 3 4 5 7 9 9
9 9 10 8 6 4 4 0 2 5 4 6 9 9
8 9 9 7 5 4 3 2 0 4 4 5 8 8
6 6 7 6 4 4 4 5 4 0 3 5 6 6
7 8 8 8 5 5 5 4 4 3 0 3 6 6
7 9 9 9 7 7 7 6 5 5 3 0 5 5
5 8 8 10 8 9 9 9 8 6 6 5 0 2
5 7 8 10 9 9 9 9 8 6 6 5 2 0
