12
10
29 25 8 21 16 33 12 38 39 15
10 33 21 25 28 3 15 7 19 36
12 15 15 11 33 39 20 35 12 14
34 15 17 30 37 25 9 26 9 15
34 32 3 18 10 7 27 10 40 14
35 27 28 2 35 18 14 10 30 2
12 24 6 1 25 17 36 11 28 3
26 24 25 23 38 5 24 23 11 24
30 13 30 18 12 10 1 29 29 29
17 34 4 20 33 12 39 40 38 11
20 4 40 35 2 2 13 33 40 11
13 37 15 18 13 10 35 16 25 19
0 3 6 6 6 6 6 6 7 7 8 8 8 7
3 0 5 5 6 7 7 7 7 8 9 9 9 9
6 5 0 2 4 5 6 7 8 7 8 9 10 10
6 5 2 0 4 5 5 6 7 7 8 8 9 10
6 6 4 4 0 3 3 4 5 4 5 6 7 8
6 7 5 5 3 0 2 3 4 3 4 5 6 7
6 7 6 5 3 2 0 3 4 3 4 5 6 7
6 7 7 6 4 3 3 0 2 2 4 4 4 6
7 7 8 7 5 4 4 2 0 3 3 3 4 5
7 8 7 7 4 3 3 2 3 0 3 3 4 6
8 9 8 8 5 4 4 4 3 3 0 3 4 7
8 9 9 8 6 5 5 4 3 3 3 0 3 6
8 9 10 9 7 6 6 4 4 4 4 3 0 4
7 9 10 10 8 7 7 6 5 6 7 6 4 0
