12
30
7 3 35 32 18 26 14 5 29 21 28 21 21 8 25 3 1 19 11 12 30 12 16 21 15 37 27 7 2 10
36 34 6 32 32 1 4 25 32 29 1 28 16 8 28 9 32 22 34 13 10 5 29 33 36 25 15 12 1 22
27 40 11 3 6 22 10 3 12 25 18 14 12 30 32 3 15 33 34 36 31 29 27 16 30 26 23 8 13 3
19 31 28 33 38 26 27 6 28 23 32 14 20 17 24 11 6 28 40 22 4 29 3 15 16 4 40 37 29 2
13 17 3 3 8 24 40 6 21 8 1 2 38 9 5 34 12 38 31 35 3 34 31 6 16 16 35 37 12 24
3 26 34 11 23 3 19 26 15 23 25 37 18 13 35 5 1 7 21 37 5 21 25 38 3 35 32 3 36 25
23 24 10 37 26 4 6 6 12 35 8 11 11 37 9 4 29 1 27 11 13 40 29 11 20 11 5 27 32 31
14 26 6 29 16 1 36 39 40 21 22 24 30 14 39 12 32 28 23 27 40 16 37 37 36 6 25 29 11 34
4 16 24 1 37 9 3 26 39 24 18 13 29 24 6 21 9 39 26 18 33 15 30 39 39 4 20 1 40 38
24 24 3 32 40 40 22 23 11 21 30 33 3 24 28 19 15 25 15 10 17 30 26 25 9 37 14 33 18 3
34 11 12 12 23 12 17 31 24 15 5 35 5 1 21 30 1 21 40 36 25 24 21 21 35 24 34 23 32 4
17 7 39 22 36 28 19 13 29 26 37 26 20 24 31 32 29 5 26 29 1 31 33 20 12 4 23 40 18 4
0 3 5 5 6 5 6 8 7 7 7 3 3 2
3 0 4 4 5 4 5 8 7 8 8 4 4 3
5 4 0 3 4 4 7 9 9 10 10 6 6 5
5 4 3 0 3 3 6 8 8 10 10 6 5 5
6 5 4 3 0 3 4 7 7 10 10 6 5 6
5 4 4 3 3 0 4 6 6 8 8 5 4 4
6 5 7 6 4 4 0 4 4 7 7 5 4 5
8 8 9 8 7 6 4 0 4 7 7 7 6 7
7 7 9 8 7 6 4 4 0 4 5 6 5 6
7 8 10 10 10 8 7 7 4 0 3 6 6 7
7 8 10 10 10 8 7 7 5 3 0 6 6 6
3 4 6 6 6 5 5 7 6 6 6 0 2 2
3 4 6 5 5 4 4 6 5 6 6 2 0 2
2 3 5 5 6 4 5 7 6 7 6 2 2 0
