12
10
1 35 75 47 10 36 37 51 44 62
44 68 53 20 45 21 16 67 5 25
58 60 53 58 33 9 69 4 4 64
13 12 7 16 65 60 62 38 2 75
63 3 36 6 19 50 72 6 30 28
39 11 50 44 64 38 59 50 59 73
9 38 51 33 1 23 8 62 12 32
65 17 31 8 8 66 64 29 38 74
26 2 10 41 52 7 51 42 12 69
47 2 51 49 23 62 24 13 15 52
32 52 24 37 42 60 24 15 50 49
66 4 55 40 5 71 43 6 34 15
0 6 11 11 13 15 18 15 18 16 19 21 10 2
6 0 7 8 10 12 15 13 17 16 19 22 10 5
11 7 0 7 8 10 13 12 17 17 20 25 13 11
11 8 7 0 3 6 9 7 12 12 14 20 9 10
13 10 8 3 0 4 7 5 11 11 13 20 9 12
15 12 10 6 4 0 4 5 10 11 13 21 12 15
18 15 13 9 7 4 0 6 9 11 12 21 13 17
15 13 12 7 5 5 6 0 7 8 10 17 9 14
18 17 17 12 11 10 9 7 0 5 5 13 10 18
16 16 17 12 11 11 11 8 5 0 5 11 8 15
19 19 20 14 13 13 12 10 5 5 0 10 11 19
21 22 25 20 20 21 21 17 13 11 10 0 14 21
10 10 13 9 9 12 13 9 10 8 11 14 0 9
2 5 11 10 12 15 17 14 18 15 19 21 9 0
