12
10
46 35 1 16 40 75 8 7 13 75
64 15 8 65 7 10 67 52 50 7
30 8 73 33 19 72 71 22 6 33
38 13 33 38 29 36 52 65 54 57
31 5 32 33 67 60 60 11 29 45
3 72 34 33 18 31 60 47 71 44
26 24 54 2 11 54 28 45 36 9
40 14 73 12 53 62 57 10 31 57
61 33 65 45 6 62 38 7 48 54
64 55 29 63 63 29 7 26 15 27
26 67 48 65 15 54 13 16 23 37
42 19 22 44 58 31 22 40 63 17
0 8 9 11 13 11 15 21 25 22 22 18 14 7
8 0 3 6 7 4 10 14 18 16 17 17 11 10
9 3 0 4 6 4 10 14 18 16 18 19 13 11
11 6 4 0 5 5 10 13 16 15 19 21 15 14
13 7 6 5 0 5 7 10 13 12 16 19 14 15
11 4 4 5 5 0 7 12 16 13 16 17 11 12
15 10 10 10 7 7 0 8 12 8 10 15 10 15
21 14 14 13 10 12 8 0 6 4 12 20 16 21
25 18 18 16 13 16 12 6 0 6 15 24 20 25
22 16 16 15 12 13 8 4 6 0 11 19 16 22
22 17 18 19 16 16 10 12 15 11 0 12 11 19
18 17 19 21 19 17 15 20 24 19 12 0 7 14
14 11 13 15 14 11 10 16 20 16 11 7 0 10
7 10 11 14 15 12 15 21 25 22 19 14 10 0
