12
30
75 47 42 61 31 29 6 42 34 21 30 60 33 38 11 50 55 41 30 38 38 20 5 46 6 75 9 41 6 11
27 9 15 75 34 68 28 36 34 40 15 48 19 12 69 25 72 30 69 72 49 5 72 35 37 15 38 56 36 42
61 32 18 48 36 50 42 60 51 57 34 68 70 7 50 72 43 13 58 29 42 29 70 36 4 16 73 36 46 7
55 51 74 22 7 6 66 50 48 12 48 26 63 34 17 64 55 38 7 55 75 14 48 62 13 27 68 45 25 34
66 58 2 64 24 27 4 61 67 41 18 31 67 65 28 47 13 63 12 20 43 36 48 2 14 1 3 23 22 71
73 27 55 68 40 17 34 18 55 60 70 63 42 60 29 9 41 22 72 39 57 43 59 30 54 11 40 13 6 15
46 34 63 14 48 63 57 24 23 59 61 32 5 60 18 74 51 32 10 8 48 58 50 30 35 9 17 32 65 41
69 65 19 57 41 31 31 38 53 10 19 22 17 3 36 55 47 54 11 40 57 61 24 52 6 32 61 33 37 47
47 5 8 40 35 21 1 49 74 52 67 59 72 12 13 61 18 59 65 67 11 9 42 17 65 17 38 28 58 47
19 41 3 46 37 26 35 21 39 26 9 18 31 48 11 46 20 48 35 10 42 23 60 16 63 57 19 72 48 15
33 60 53 44 41 6 9 8 28 32 18 50 44 12 1 44 39 47 36 14 29 69 5 73 53 46 63 57 64 24
54 32 51 16 31 39 29 75 38 65 10 73 47 49 5 63 1 37 66 31 31 59 39 17 30 45 14 21 70 60
0 11 12 12 12 13 15 16 22 23 21 18 14 7
11 0 3 3 6 10 12 13 17 20 21 24 16 11
12 3 0 3 7 12 13 14 18 21 23 25 18 13
12 3 3 0 5 10 11 13 17 20 21 24 16 11
12 6 7 5 0 6 8 9 13 16 17 22 13 10
13 10 12 10 6 0 3 4 10 12 12 17 8 8
15 12 13 11 8 3 0 3 8 10 11 18 8 10
16 13 14 13 9 4 3 0 8 9 10 17 7 10
22 17 18 17 13 10 8 8 0 6 11 22 13 16
23 20 21 20 16 12 10 9 6 0 7 19 11 17
21 21 23 21 17 12 11 10 11 7 0 14 8 16
18 24 25 24 22 17 18 17 22 19 14 0 11 15
14 16 18 16 13 8 8 7 13 11 8 11 0 9
7 11 13 11 10 8 10 10 16 17 16 15 9 0
