12
20
60 24 26 35 47 54 66 14 28 73 59 4 26 55 53 44 61 46 43 60
66 30 28 5 72 49 40 39 37 56 19 23 59 35 13 53 20 42 36 70
20 45 48 70 34 45 58 65 50 71 70 55 64 8 34 63 45 39 33 63
31 40 64 74 29 42 46 71 54 17 31 26 5 1 20 74 36 50 35 40
55 52 9 7 24 15 33 31 54 9 30 49 37 39 73 34 1 5 22 49
20 75 53 32 41 47 64 9 44 27 22 59 6 29 17 38 18 10 67 52
45 60 62 42 52 46 11 74 39 69 25 35 14 63 57 59 74 54 56 52
23 50 12 28 13 32 5 11 68 19 24 2 43 71 10 71 38 61 36 34
75 63 18 16 37 32 31 66 50 29 67 59 38 73 51 24 36 3 43 56
72 50 12 66 72 75 5 10 38 55 56 22 45 13 19 3 24 56 50 5
48 10 21 63 61 31 29 25 52 56 33 8 43 63 12 51 31 25 4 72
43 56 41 67 17 32 22 34 75 33 13 3 22 44 27 6 66 65 47 1
0 6 8 9 9 8 18 13 17 20 11 12 5 3
6 0 4 4 4 5 17 15 19 23 14 16 8 7
8 4 0 2 6 7 20 17 21 25 17 19 11 10
9 4 2 0 5 6 19 17 21 25 17 19 11 10
9 4 6 5 0 3 16 14 18 23 15 18 9 9
8 5 7 6 3 0 14 13 17 21 14 16 8 7
18 17 20 19 16 14 0 9 10 14 15 20 15 16
13 15 17 17 14 13 9 0 6 10 8 12 9 11
17 19 21 21 18 17 10 6 0 6 9 13 13 15
20 23 25 25 23 21 14 10 6 0 12 15 17 18
11 14 17 17 15 14 15 8 9 12 0 6 8 9
12 16 19 19 18 16 20 12 13 15 6 0 10 11
5 8 11 11 9 8 15 9 13 17 8 10 0 3
3 7 10 10 9 7 16 11 15 18 9 11 3 0
