12
30
50 70 55 21 44 28 59 37 28 8 47 3 25 40 49 53 17 71 48 34 67 4 5 74 34 33 33 10 46 6
56 5 30 51 71 17 18 6 41 75 60 72 37 14 59 65 60 7 58 23 9 47 50 50 71 46 27 13 24 70
61 45 32 2 54 31 22 26 63 47 42 57 17 49 56 16 8 44 27 29 20 56 32 68 51 63 38 22 5 55
41 52 15 37 29 38 3 34 46 55 1 45 64 16 22 73 62 32 10 46 12 67 16 9 44 16 43 56 21 2
39 20 30 39 64 73 11 56 8 66 65 23 53 14 58 5 59 52 27 16 36 11 62 45 44 42 5 39 25 69
51 31 31 53 22 49 53 59 38 62 20 74 33 59 36 44 72 2 70 62 31 46 65 40 8 3 48 17 45 71
56 42 13 19 26 59 20 51 42 10 48 42 6 74 54 54 70 47 10 21 66 19 60 39 23 41 44 55 14 50
45 6 1 28 15 72 41 14 17 72 62 15 1 44 73 67 7 57 35 18 30 9 36 9 74 74 74 50 61 43
39 31 42 72 32 62 51 63 24 54 52 54 74 36 59 3 42 28 35 27 26 49 47 22 28 62 5 12 60 11
56 14 6 38 59 14 3 5 12 17 8 74 61 53 65 34 42 31 36 9 36 5 58 24 20 22 23 38 27 7
45 27 27 26 23 10 23 45 47 72 68 73 49 52 53 48 55 42 3 40 56 3 32 6 3 11 43 71 39 75
22 46 42 58 50 66 10 44 46 11 29 41 63 66 4 41 46 44 22 42 49 10 71 38 9 68 21 39 46 53
0 6 8 9 10 19 12 13 12 8 8 7 7 4
6 0 4 9 9 14 8 9 12 12 13 12 11 9
8 4 0 9 8 12 6 8 13 14 15 14 13 11
9 9 9 0 3 15 13 15 19 15 15 13 10 12
10 9 8 3 0 14 13 14 19 16 16 14 11 12
19 14 12 15 14 0 10 11 22 25 25 25 23 22
12 8 6 13 13 10 0 3 13 17 18 18 17 14
13 9 8 15 14 11 3 0 12 17 18 19 18 15
12 12 13 19 19 22 13 12 0 12 13 14 17 12
8 12 14 15 16 25 17 17 12 0 3 5 8 5
8 13 15 15 16 25 18 18 13 3 0 4 8 6
7 12 14 13 14 25 18 19 14 5 4 0 5 5
7 11 13 10 11 23 17 18 17 8 8 5 0 7
4 9 11 12 12 22 14 15 12 5 6 5 7 0
