12
20
68 16 28 55 71 9 68 5 4 51 13 37 17 73 70 45 19 74 74 51
24 22 71 51 52 16 26 38 10 74 26 71 72 9 71 28 38 66 26 21
16 63 55 56 10 60 2 16 70 42 8 7 37 32 57 41 40 56 13 24
65 54 12 8 16 30 69 33 43 15 51 49 36 64 68 38 62 59 3 10
10 11 12 12 75 22 32 57 57 49 29 58 70 32 7 31 55 18 72 3
32 24 23 71 32 33 39 65 26 52 25 54 19 24 72 40 38 35 38 68
34 28 43 40 51 23 31 48 17 2 25 42 47 68 19 6 75 59 44 11
7 5 8 5 27 25 70 58 10 64 20 14 59 5 73 17 23 49 63 62
15 74 50 20 21 50 29 9 69 3 19 6 35 9 41 37 45 34 20 30
24 61 14 68 26 8 21 63 11 33 53 49 13 39 64 30 38 66 69 42
23 28 57 74 11 45 35 73 11 48 40 60 10 28 22 30 21 33 48 53
35 4 12 60 59 29 63 14 48 59 47 58 32 21 47 9 12 44 74 27
0 12 18 16 15 25 21 19 17 15 13 12 11 6
12 0 9 5 5 16 14 12 11 8 8 12 14 12
18 9 0 6 11 18 19 17 18 15 15 20 22 19
16 5 6 0 6 15 15 13 13 10 10 15 18 15
15 5 11 6 0 12 10 9 9 6 7 12 15 13
25 16 18 15 12 0 9 9 12 12 14 18 22 22
21 14 19 15 10 9 0 3 6 8 9 12 15 17
19 12 17 13 9 9 3 0 5 6 8 11 14 16
17 11 18 13 9 12 6 5 0 5 6 7 11 12
15 8 15 10 6 12 8 6 5 0 3 8 11 11
13 8 15 10 7 14 9 8 6 3 0 7 10 10
12 12 20 15 12 18 12 11 7 8 7 0 5 7
11 14 22 18 15 22 15 14 11 11 10 5 0 6
6 12 19 15 13 22 17 16 12 11 10 7 6 0
