12
20
64 8 72 7 39 9 33 71 74 8 65 7 34 41 67 36 10 42 17 35
71 53 26 31 56 41 21 18 30 2 13 10 44 4 64 9 32 14 10 13
23 60 5 1 17 8 10 19 68 52 13 39 42 62 12 70 51 51 55 64
57 65 69 22 23 3 54 52 33 43 47 11 74 19 50 27 49 33 54 14
17 67 39 10 61 12 1 58 74 6 43 1 68 56 59 50 66 3 36 21
73 19 38 11 15 16 75 38 44 54 61 23 66 68 22 23 63 14 64 8
11 29 35 31 72 63 34 21 29 64 9 29 58 37 34 7 16 25 68 18
62 54 50 62 31 59 5 48 15 53 23 6 44 43 5 24 46 37 44 29
37 32 36 71 72 15 43 59 37 26 45 3 17 36 28 31 44 66 74 38
63 13 70 62 73 75 47 14 4 34 15 32 6 1 42 20 5 61 20 14
71 49 60 38 41 15 62 63 53 57 45 14 12 8 27 20 49 46 46 14
67 46 55 71 40 65 48 39 23 34 71 16 65 57 6 50 27 25 43 36
0 12 11 11 17 12 14 16 16 16 16 14 11 12
12 0 5 6 16 15 19 21 22 24 25 24 19 19
11 5 0 3 13 13 16 18 19 21 24 22 17 16
11 6 3 0 11 11 15 16 18 20 23 22 16 15
17 16 13 11 0 8 9 10 12 16 21 20 14 12
12 15 13 11 8 0 5 7 8 11 15 14 8 6
14 19 16 15 9 5 0 3 4 9 13 13 7 5
16 21 18 16 10 7 3 0 4 9 14 13 8 7
16 22 19 18 12 8 4 4 0 7 12 11 7 6
16 24 21 20 16 11 9 9 7 0 7 7 6 7
16 25 24 23 21 15 13 14 12 7 0 3 9 10
14 24 22 22 20 14 13 13 11 7 3 0 8 9
11 19 17 16 14 8 7 8 7 6 9 8 0 3
12 19 16 15 12 6 5 7 6 7 10 9 3 0
