12
10
62 20 48 72 4 53 11 13 60 57
26 58 30 74 13 52 57 64 58 7
67 4 9 71 28 10 60 6 75 19
18 39 7 39 60 23 57 39 15 53
11 29 57 74 74 70 48 13 7 43
3 8 45 46 60 72 65 5 51 9
14 9 38 21 70 14 12 58 71 62
38 38 58 75 61 34 31 7 33 42
7 70 72 60 47 9 17 10 46 11
15 47 59 60 50 74 12 68 21 66
72 21 23 26 1 7 43 20 69 12
48 21 61 39 13 68 73 17 6 2
0 7 8 9 7 14 8 15 16 20 18 10 14 4
7 0 2 11 11 18 14 21 21 25 24 15 15 9
8 2 0 11 11 19 15 21 22 25 24 15 15 9
9 11 11 0 4 10 13 18 19 23 23 17 22 12
7 11 11 4 0 9 10 16 17 21 20 14 20 10
14 18 19 10 9 0 13 16 16 19 20 18 25 16
8 14 15 13 10 13 0 8 9 13 12 7 15 7
15 21 21 18 16 16 8 0 2 6 6 10 18 14
16 21 22 19 17 16 9 2 0 5 5 10 18 14
20 25 25 23 21 19 13 6 5 0 4 13 21 18
18 24 24 23 20 20 12 6 5 4 0 11 19 17
10 15 15 17 14 18 7 10 10 13 11 0 10 8
14 15 15 22 20 25 15 18 18 21 19 10 0 11
4 9 9 12 10 16 7 14 14 18 17 8 11 0
