12
30
11 34 49 34 60 52 61 24 47 70 32 20 15 9 16 70 10 48 58 34 13 43 15 24 59 70 36 33 52 37
56 43 25 10 73 40 62 22 44 2 71 68 6 50 8 17 41 23 56 34 35 33 24 10 31 29 18 16 8 58
35 68 13 57 5 26 14 48 28 2 42 56 10 58 1 60 40 70 4 39 26 15 35 23 32 52 5 56 71 8
10 60 69 37 36 29 27 31 14 4 74 34 55 20 35 44 62 31 38 71 9 8 35 70 60 15 9 53 9 34
17 53 26 25 26 64 41 13 31 70 9 35 12 55 57 38 69 19 10 59 59 42 21 37 14 28 65 3 41 26
6 5 12 45 3 7 22 8 18 43 67 30 69 64 28 62 33 15 13 45 42 46 55 26 64 45 68 74 34 60
5 4 60 39 66 2 36 11 32 29 16 15 54 8 56 24 46 67 69 60 1 52 9 52 71 1 23 19 62 74
18 11 10 72 23 24 67 18 45 45 71 42 63 30 12 42 61 20 1 38 58 46 1 58 66 51 10 21 37 22
67 16 28 72 29 51 17 23 13 59 11 13 31 44 16 73 3 64 32 73 26 56 73 43 44 20 31 13 8 74
45 56 61 35 10 33 70 7 55 68 37 7 19 67 21 48 42 17 10 33 72 38 9 18 70 51 68 72 68 37
37 28 36 10 25 38 62 11 60 44 12 38 32 62 5 5 46 63 46 70 3 52 38 5 35 33 32 17 4 53
21 73 37 40 62 7 61 61 7 15 31 45 48 7 33 44 50 42 49 58 20 11 4 59 16 47 61 44 41 20
0 8 14 21 24 16 21 18 21 19 14 9 9 3
8 0 11 18 23 16 23 22 25 23 18 14 13 8
14 11 0 8 14 9 18 19 22 22 18 16 14 13
21 18 8 0 10 10 19 21 24 25 22 21 19 20
24 23 14 10 0 10 14 18 19 23 20 22 20 23
16 16 9 10 10 0 11 13 16 17 14 14 12 15
21 23 18 19 14 11 0 6 7 11 11 15 14 20
18 22 19 21 18 13 6 0 5 6 6 11 11 17
21 25 22 24 19 16 7 5 0 6 9 14 14 20
19 23 22 25 23 17 11 6 6 0 7 11 12 18
14 18 18 22 20 14 11 6 9 7 0 6 7 13
9 14 16 21 22 14 15 11 14 11 6 0 4 9
9 13 14 19 20 12 14 11 14 12 7 4 0 8
3 8 13 20 23 15 20 17 20 18 13 9 8 0
