12
30
5 55 59 61 15 60 18 42 61 64 22 68 23 65 11 30 1 74 42 13 45 32 28 10 61 34 13 24 70 55
26 11 20 4 62 44 25 35 50 1 37 44 9 60 1 43 60 52 3 70 36 42 34 66 38 63 40 60 55 10
16 15 29 13 45 6 60 54 3 69 18 30 35 61 6 72 66 12 56 32 72 46 26 12 35 1 59 32 43 30
47 31 74 29 57 22 74 56 54 35 11 40 40 45 16 48 37 46 55 9 60 35 42 70 38 3 65 5 73 52
63 65 6 33 36 26 72 18 23 5 59 2 21 63 42 22 54 57 55 23 53 45 36 10 50 6 62 50 25 10
71 7 60 29 9 1 8 31 54 19 33 41 31 45 4 55 27 26 43 41 23 9 31 73 19 63 23 4 15 1
65 4 42 48 2 10 30 9 60 19 19 72 63 5 13 47 45 45 11 74 71 40 38 30 17 27 62 5 52 25
25 27 50 56 43 61 15 8 14 6 65 55 74 1 11 31 4 68 44 7 24 53 2 50 39 3 55 48 57 10
38 74 37 66 38 13 40 68 11 66 63 42 40 61 68 17 57 75 43 35 12 39 11 50 37 17 45 9 45 67
63 9 55 55 66 66 10 27 8 60 24 5 59 40 19 8 37 24 42 44 32 46 10 56 44 13 70 51 13 65
66 38 6 31 54 33 56 61 14 66 46 56 4 4 22 59 65 71 30 54 29 65 67 5 55 44 34 70 10 61
36 57 29 67 55 30 38 46 40 35 70 27 56 75 26 15 47 45 53 32 33 8 59 50 18 48 34 54 72 41
0 3 8 5 8 11 16 15 12 19 20 10 8 7
3 0 7 4 7 10 15 15 11 19 20 10 9 8
8 7 0 8 10 13 16 16 15 24 25 16 13 11
5 4 8 0 4 7 12 12 9 17 19 10 12 11
8 7 10 4 0 4 10 9 6 15 18 10 14 14
11 10 13 7 4 0 8 6 4 13 17 12 17 17
16 15 16 12 10 8 0 3 9 17 21 17 22 22
15 15 16 12 9 6 3 0 8 15 19 16 22 21
12 11 15 9 6 4 9 8 0 11 14 10 17 17
19 19 24 17 15 13 17 15 11 0 6 13 22 23
20 20 25 19 18 17 21 19 14 6 0 12 22 23
10 10 16 10 10 12 17 16 10 13 12 0 11 12
8 9 13 12 14 17 22 22 17 22 22 11 0 4
7 8 11 11 14 17 22 21 17 23 23 12 4 0
