12
30
54 12 9 5 10 47 59 19 1 46 43 14 66 34 62 33 17 75 17 3 9 23 39 48 28 34 42 20 42 2
4 16 34 24 37 45 42 70 70 23 3 59 11 23 47 45 70 5 32 35 18 41 1 4 29 20 34 68 64 43
51 28 42 2 49 56 4 42 19 12 15 32 58 59 51 25 62 70 24 38 57 15 42 39 8 67 56 56 28 58
47 45 21 50 10 53 32 13 59 10 51 26 57 39 18 35 38 69 14 10 57 73 57 42 43 45 42 35 46 23
18 57 40 29 55 41 63 56 52 50 13 39 61 57 64 4 3 52 6 2 56 7 41 71 69 68 47 64 3 37
18 45 62 52 15 30 67 5 72 73 75 19 55 16 60 16 37 10 50 63 47 37 63 62 47 9 18 27 18 61
7 33 41 59 35 65 28 15 75 64 28 34 1 27 47 26 33 23 22 22 16 17 2 41 21 54 62 27 37 16
15 14 51 28 16 15 14 14 69 33 41 60 60 14 61 24 47 74 66 12 58 7 14 7 32 56 20 43 39 9
26 21 46 17 38 44 73 15 73 66 15 17 22 38 52 21 36 3 39 17 25 61 11 57 19 7 3 57 40 4
65 52 33 41 20 5 18 58 57 69 54 37 10 38 10 25 6 11 67 4 2 47 59 68 4 54 46 61 11 33
10 59 71 36 4 45 14 15 65 48 58 44 57 42 51 36 62 13 62 61 5 48 71 58 53 38 62 9 44 33
5 46 50 13 48 52 29 50 42 6 33 4 71 38 15 57 51 20 64 35 50 26 14 42 7 30 18 25 7 48
0 2 6 10 18 19 15 15 6 4 5 4 10 4
2 0 6 10 18 19 15 15 6 4 5 4 10 5
6 6 0 7 13 14 10 11 7 9 10 9 14 8
10 10 7 0 11 12 10 12 12 13 14 12 15 10
18 18 13 11 0 4 7 9 18 20 22 20 24 19
19 19 14 12 4 0 7 8 19 21 23 21 25 20
15 15 10 10 7 7 0 4 13 17 18 17 22 16
15 15 11 12 9 8 4 0 13 17 18 18 23 17
6 6 7 12 18 19 13 13 0 6 7 8 14 9
4 4 9 13 20 21 17 17 6 0 3 4 10 6
5 5 10 14 22 23 18 18 7 3 0 5 10 7
4 4 9 12 20 21 17 18 8 4 5 0 8 4
10 10 14 15 24 25 22 23 14 10 10 8 0 8
4 5 8 10 19 20 16 17 9 6 7 4 8 0
