12
20
20 12 52 30 69 56 26 44 61 21 10 26 25 44 34 13 47 32 19 29
65 48 50 14 30 67 5 34 50 52 47 39 2 24 71 63 3 25 70 13
21 40 45 45 13 19 75 10 50 54 45 28 48 14 40 36 56 32 38 16
4 24 36 13 39 45 29 46 70 10 64 63 57 45 35 40 63 39 46 9
47 67 65 26 51 21 55 72 21 30 14 63 71 60 27 56 61 51 40 44
43 4 4 17 46 45 19 49 44 40 24 27 57 16 62 26 13 10 48 49
28 27 43 13 12 47 1 60 46 28 60 64 65 74 49 50 38 60 8 40
12 46 34 22 14 41 75 54 55 23 49 60 25 8 7 3 1 6 51 60
57 32 64 59 67 42 65 49 31 12 30 52 73 75 28 26 12 69 8 28
38 73 58 36 14 73 26 67 8 57 16 74 55 62 75 65 15 44 33 38
14 32 69 15 39 13 1 7 12 25 5 46 51 66 43 69 40 57 23 50
11 14 37 68 52 56 29 24 39 69 54 63 33 75 22 61 70 63 38 8
0 3 4 6 6 10 13 19 21 23 18 16 15 3
3 0 3 7 8 11 15 21 23 25 20 18 16 4
4 3 0 7 8 11 15 21 23 25 21 19 17 5
6 7 7 0 3 6 10 16 18 20 16 15 14 5
6 8 8 3 0 5 9 14 16 19 15 13 12 5
10 11 11 6 5 0 7 12 13 16 14 12 12 9
13 15 15 10 9 7 0 8 10 12 8 7 8 12
19 21 21 16 14 12 8 0 4 6 8 9 12 18
21 23 23 18 16 13 10 4 0 4 10 11 14 20
23 25 25 20 19 16 12 6 4 0 11 12 15 22
18 20 21 16 15 14 8 8 10 11 0 4 6 17
16 18 19 15 13 12 7 9 11 12 4 0 5 15
15 16 17 14 12 12 8 12 14 15 6 5 0 13
3 4 5 5 5 9 12 18 20 22 17 15 13 0
