12
30
24 25 13 8 30 52 14 21 22 4 19 7 15 48 4 67 40 70 36 13 53 16 42 57 51 13 30 39 8 40
14 27 36 11 28 14 66 10 32 38 8 40 10 61 65 44 44 1 42 1 68 11 42 28 47 33 33 43 14 54
29 28 63 44 45 51 53 6 10 67 32 34 28 33 58 71 24 55 62 5 59 26 54 62 42 35 37 68 59 60
26 51 51 19 68 15 19 37 29 12 20 33 7 11 14 10 63 56 26 63 37 44 10 19 9 33 58 24 45 66
23 67 65 7 50 26 11 69 8 67 12 67 40 61 46 40 61 10 45 35 22 24 46 19 54 69 67 27 44 57
56 1 30 48 40 69 19 41 35 71 5 70 45 20 9 11 17 65 70 3 34 23 63 35 17 36 72 27 43 26
64 5 10 20 4 48 14 28 35 19 16 24 62 17 38 69 59 55 55 37 5 35 9 6 49 46 75 40 66 73
30 12 39 31 30 24 41 47 17 73 61 8 8 5 61 58 1 26 58 8 11 24 73 69 55 22 20 3 55 41
29 17 53 73 60 23 31 75 51 26 4 43 47 23 44 35 9 70 30 29 2 67 54 1 67 18 26 24 30 3
60 62 25 34 65 3 61 11 40 36 12 21 28 67 41 6 4 48 56 15 45 40 16 31 41 46 47 15 39 37
13 4 72 51 8 67 49 10 43 33 34 60 45 72 32 46 46 34 9 4 37 7 56 31 54 2 23 11 31 20
14 17 51 34 14 13 16 50 69 21 63 15 28 36 17 31 52 4 6 3 66 30 51 27 35 22 24 8 40 26
0 4 8 8 19 18 18 13 9 9 8 7 5 4
4 0 6 6 20 19 21 16 11 11 11 9 6 6
8 6 0 2 18 18 24 20 15 15 15 13 9 9
8 6 2 0 18 18 23 19 15 15 14 12 8 9
19 20 18 18 0 4 20 22 24 25 20 17 16 17
18 19 18 18 4 0 17 20 22 24 18 15 15 16
18 21 24 23 20 17 0 9 16 18 12 13 16 16
13 16 20 19 22 20 9 0 9 11 6 9 12 12
9 11 15 15 24 22 16 9 0 3 7 8 10 9
9 11 15 15 25 24 18 11 3 0 8 10 11 10
8 11 15 14 20 18 12 6 7 8 0 4 8 7
7 9 13 12 17 15 13 9 8 10 4 0 5 5
5 6 9 8 16 15 16 12 10 11 8 5 0 3
4 6 9 9 17 16 16 12 9 10 7 5 3 0
