12
20
7 69 39 43 75 5 31 34 26 13 73 47 33 28 54 73 26 27 16 46
61 10 28 36 32 58 74 69 71 65 51 20 27 26 69 61 75 72 10 38
14 75 60 24 29 33 12 62 53 53 5 3 32 32 18 16 29 74 62 58
70 62 2 2 3 74 7 68 60 50 68 67 34 42 13 1 33 60 55 35
51 55 50 15 68 19 25 61 55 38 32 32 44 72 35 6 12 36 35 46
68 75 1 49 38 11 40 3 45 20 68 60 60 26 70 32 54 12 9 3
51 1 30 15 39 48 29 17 13 38 61 44 30 46 4 6 54 37 61 21
8 50 59 37 12 7 6 56 57 72 9 23 46 8 53 43 61 65 75 40
67 45 41 54 67 38 57 31 24 21 19 65 57 19 38 43 39 7 41 16
66 39 17 38 14 12 69 37 14 28 13 11 6 30 66 14 74 74 10 1
27 58 29 6 40 9 25 5 53 45 35 44 59 45 2 19 68 34 39 57
20 47 75 56 34 74 57 68 41 36 38 17 32 30 6 21 56 59 66 68
0 3 14 10 12 22 18 11 12 12 11 9 7 4
3 0 13 9 12 22 19 12 13 14 12 11 8 6
14 13 0 11 15 24 25 19 22 23 22 22 17 16
10 9 11 0 5 16 16 10 13 14 13 15 9 11
12 12 15 5 0 12 12 8 11 12 11 15 9 12
22 22 24 16 12 0 13 15 17 18 18 23 18 22
18 19 25 16 12 13 0 9 8 8 9 14 12 16
11 12 19 10 8 15 9 0 4 6 5 9 5 9
12 13 22 13 11 17 8 4 0 3 3 8 7 10
12 14 23 14 12 18 8 6 3 0 3 7 7 10
11 12 22 13 11 18 9 5 3 3 0 6 6 9
9 11 22 15 15 23 14 9 8 7 6 0 7 7
7 8 17 9 9 18 12 5 7 7 6 7 0 5
4 6 16 11 12 22 16 9 10 10 9 7 5 0
