12
10
51 28 28 34 63 7 62 67 47 70
72 49 66 37 20 40 44 22 70 49
69 40 2 66 44 61 3 8 19 19
55 40 65 60 44 72 72 61 69 73
16 20 4 26 66 20 11 32 46 39
32 51 2 73 52 17 48 61 56 9
52 60 36 38 70 33 26 9 35 17
37 32 18 33 14 47 47 53 64 35
8 15 11 14 66 66 23 13 29 31
31 42 58 54 62 28 67 14 53 43
66 59 23 58 62 42 17 48 20 36
65 70 33 38 17 24 70 15 43 35
0 8 16 21 21 24 25 23 21 16 14 18 18 12
8 0 13 16 15 18 19 17 15 10 8 13 15 9
16 13 0 8 11 16 17 16 17 13 13 22 25 20
21 16 8 0 5 9 11 11 13 11 12 21 25 22
21 15 11 5 0 6 8 8 9 9 11 18 23 20
24 18 16 9 6 0 4 4 7 10 12 18 23 22
25 19 17 11 8 4 0 3 7 10 13 17 22 22
23 17 16 11 8 4 3 0 5 9 11 16 21 20
21 15 17 13 9 7 7 5 0 6 8 12 17 16
16 10 13 11 9 10 10 9 6 0 4 11 16 13
14 8 13 12 11 12 13 11 8 4 0 10 15 11
18 13 22 21 18 18 17 16 12 11 10 0 7 8
18 15 25 25 23 23 22 21 17 16 15 7 0 7
12 9 20 22 20 22 22 20 16 13 11 8 7 0
