12
30
5 23 40 23 29 67 8 26 72 7 58 75 37 5 5 56 25 31 10 16 8 36 55 38 38 30 4 43 74 42
12 32 2 7 57 16 59 51 37 55 35 5 49 35 53 24 26 3 67 64 59 24 62 26 15 31 9 47 41 48
1 23 67 19 33 50 28 72 37 13 34 7 29 23 41 32 48 8 69 16 60 59 52 41 60 28 75 10 37 25
3 70 64 35 58 34 43 67 61 24 17 37 3 30 40 13 57 61 63 34 7 52 51 38 55 18 24 17 53 11
63 20 16 71 14 3 75 73 69 65 62 66 26 75 64 37 49 63 17 35 31 44 7 22 9 33 68 2 31 15
73 28 43 25 39 59 6 2 27 73 8 47 17 59 8 39 56 66 41 11 26 9 39 15 24 57 44 6 38 58
22 39 43 8 34 33 52 68 1 22 13 52 3 9 26 62 66 16 43 4 45 9 68 27 48 5 75 64 51 46
30 51 44 3 55 36 22 35 3 25 49 61 31 30 58 61 37 23 4 38 50 63 62 6 35 59 22 16 54 6
12 43 24 69 48 55 36 54 2 12 72 30 39 43 6 59 25 64 14 11 63 34 58 63 58 22 48 30 74 50
8 23 45 43 64 51 67 36 43 73 73 17 3 2 57 39 31 60 47 10 52 24 37 47 65 48 69 47 56 22
67 30 67 51 71 17 43 26 57 43 62 31 53 44 56 49 75 50 9 24 45 60 52 15 45 67 21 28 59 75
56 8 34 68 63 56 75 52 17 19 75 32 18 38 15 25 10 71 57 31 27 4 8 5 61 71 58 20 20 15
0 12 8 8 9 17 19 20 16 14 13 10 14 5
12 0 9 12 14 21 23 24 21 21 22 20 24 13
8 9 0 5 6 14 16 17 14 13 15 14 20 11
8 12 5 0 3 11 13 14 11 10 12 12 19 12
9 14 6 3 0 10 12 13 10 9 11 11 18 13
17 21 14 11 10 0 4 5 3 7 13 15 23 21
19 23 16 13 12 4 0 3 4 9 14 17 25 23
20 24 17 14 13 5 3 0 6 10 15 18 25 24
16 21 14 11 10 3 4 6 0 6 11 14 22 20
14 21 13 10 9 7 9 10 6 0 7 10 17 17
13 22 15 12 11 13 14 15 11 7 0 5 13 16
10 20 14 12 11 15 17 18 14 10 5 0 9 13
14 24 20 19 18 23 25 25 22 17 13 9 0 14
5 13 11 12 13 21 23 24 20 17 16 13 14 0
