12
10
54 17 48 24 3 67 3 53 41 21
32 15 28 40 20 18 65 25 65 8
39 63 38 75 12 44 7 7 48 20
60 61 8 38 72 19 34 64 71 60
34 67 57 66 59 7 30 71 19 45
36 28 41 16 47 37 1 30 65 9
51 34 15 57 51 18 19 50 7 32
70 34 52 38 50 53 58 21 11 73
72 16 38 17 39 74 17 42 27 69
42 55 10 50 18 17 35 49 13 72
75 37 33 22 19 35 10 60 32 37
17 29 55 60 23 8 17 31 16 40
0 11 11 9 12 13 23 24 21 21 21 18 16 13
11 0 6 8 8 11 21 25 23 24 25 21 19 22
11 6 0 4 3 6 16 20 18 19 21 17 15 20
9 8 4 0 4 6 16 19 17 18 19 15 13 18
12 8 3 4 0 4 14 18 16 18 19 15 13 19
13 11 6 6 4 0 12 16 14 16 17 13 11 20
23 21 16 16 14 12 0 10 11 13 16 13 13 25
24 25 20 19 18 16 10 0 5 6 9 8 10 22
21 23 18 17 16 14 11 5 0 4 7 5 6 19
21 24 19 18 18 16 13 6 4 0 4 5 7 17
21 25 21 19 19 17 16 9 7 4 0 6 7 15
18 21 17 15 15 13 13 8 5 5 6 0 3 15
16 19 15 13 13 11 13 10 6 7 7 3 0 14
13 22 20 18 19 20 25 22 19 17 15 15 14 0
