12
10
59 50 7 43 23 65 37 61 54 59
52 73 60 64 17 26 32 5 20 48
13 70 56 62 57 12 53 65 38 15
54 36 75 14 8 69 29 43 58 43
40 8 68 62 30 28 14 20 68 14
49 57 61 38 3 43 37 38 55 62
4 24 55 23 64 65 70 72 68 53
25 10 55 47 34 50 37 55 33 75
55 47 21 33 35 20 22 44 5 53
7 23 2 48 58 57 6 36 62 8
2 66 12 3 34 33 49 13 68 58
68 11 24 22 19 40 18 29 35 28
0 5 7 11 14 14 16 23 18 14 11 9 9 5
5 0 10 14 17 16 19 25 20 16 12 11 10 7
7 10 0 9 12 14 15 22 19 16 16 12 12 8
11 14 9 0 4 7 7 14 13 11 13 9 9 9
14 17 12 4 0 5 4 11 11 10 14 10 11 11
14 16 14 7 5 0 5 11 8 7 11 9 9 11
16 19 15 7 4 5 0 8 9 10 15 12 12 13
23 25 22 14 11 11 8 0 10 14 19 17 18 20
18 20 19 13 11 8 9 10 0 6 12 11 11 15
14 16 16 11 10 7 10 14 6 0 7 7 7 11
11 12 16 13 14 11 15 19 12 7 0 5 5 9
9 11 12 9 10 9 12 17 11 7 5 0 2 6
9 10 12 9 11 9 12 18 11 7 5 2 0 6
5 7 8 9 11 11 13 20 15 11 9 6 6 0
