12
20
13 37 74 8 28 53 37 38 73 17 2 42 67 56 14 35 27 48 13 67
13 17 27 18 13 71 32 26 43 71 60 29 49 29 18 69 13 11 75 73
8 28 5 72 70 72 55 6 39 52 63 16 71 71 59 48 54 16 12 11
46 39 63 29 4 61 54 57 31 3 51 73 60 74 59 17 73 20 41 74
19 73 66 26 7 22 15 70 33 13 24 9 63 20 5 75 35 35 25 51
57 72 2 42 27 10 38 25 65 34 54 55 4 72 9 26 56 30 30 53
11 69 51 2 10 54 45 65 60 72 5 43 66 9 13 27 49 51 15 50
64 1 7 22 17 66 49 67 68 61 46 69 6 3 39 38 73 24 65 56
6 60 24 72 4 65 46 72 49 62 56 67 70 34 21 51 19 47 32 36
33 3 46 73 75 36 37 53 16 13 12 47 25 32 12 63 13 47 51 16
32 55 50 24 42 34 28 24 17 34 20 3 38 42 46 1 2 71 25 60
43 8 10 58 24 33 12 27 48 23 72 22 25 34 58 42 69 9 47 23
0 4 6 12 14 19 16 16 12 16 23 18 12 13
4 0 7 13 15 21 18 17 14 18 25 21 15 15
6 7 0 8 10 15 12 13 10 14 21 18 13 15
12 13 8 0 3 9 7 9 9 12 18 17 14 18
14 15 10 3 0 7 6 8 9 11 17 17 15 18
19 21 15 9 7 0 6 9 12 12 15 18 18 22
16 18 12 7 6 6 0 5 8 8 12 14 14 17
16 17 13 9 8 9 5 0 5 5 10 11 11 14
12 14 10 9 9 12 8 5 0 5 13 10 7 11
16 18 14 12 11 12 8 5 5 0 9 8 8 12
23 25 21 18 17 15 12 10 13 9 0 10 15 18
18 21 18 17 17 18 14 11 10 8 10 0 8 10
12 15 13 14 15 18 14 11 7 8 15 8 0 5
13 15 15 18 18 22 17 14 11 12 18 10 5 0
