12
20
11 18 39 36 55 6 14 21 25 12 37 54 57 41 42 48 27 27 56 24
44 35 40 38 44 35 38 67 44 58 47 10 46 29 40 54 74 35 52 5
67 16 16 65 70 22 46 35 25 33 13 16 19 7 67 21 24 34 41 29
6 24 53 48 31 38 11 1 26 32 11 8 30 15 49 35 25 12 26 61
8 15 24 41 2 36 40 20 62 7 60 64 65 30 61 51 23 69 9 18
26 60 33 67 2 5 75 64 21 45 6 70 59 56 38 68 39 68 41 73
43 16 20 68 17 22 56 26 28 24 32 9 28 55 5 46 50 20 71 62
67 55 52 26 63 44 70 33 11 29 3 5 26 16 54 62 60 67 60 24
9 70 45 22 61 72 50 20 7 34 60 28 13 53 57 74 42 16 1 72
74 27 14 10 34 9 52 70 73 55 55 37 21 62 40 65 27 64 59 12
64 34 30 3 65 58 52 55 25 68 10 31 3 12 17 35 50 61 37 52
34 40 75 28 73 30 53 44 40 7 23 18 42 57 13 56 16 34 4 12
0 9 8 14 10 17 14 15 15 12 11 10 9 6
9 0 10 18 17 24 20 21 21 18 18 17 15 10
8 10 0 10 12 20 19 20 21 17 15 14 14 12
14 18 10 0 12 20 21 23 25 21 19 17 19 19
10 17 12 12 0 10 11 13 16 11 9 7 10 13
17 24 20 20 10 0 8 9 13 10 9 8 12 17
14 20 19 21 11 8 0 3 7 4 5 6 7 12
15 21 20 23 13 9 3 0 6 5 6 8 8 13
15 21 21 25 16 13 7 6 0 6 9 11 9 12
12 18 17 21 11 10 4 5 6 0 4 6 5 10
11 18 15 19 9 9 5 6 9 4 0 3 5 10
10 17 14 17 7 8 6 8 11 6 3 0 5 10
9 15 14 19 10 12 7 8 9 5 5 5 0 7
6 10 12 19 13 17 12 13 12 10 10 10 7 0
