12
10
23 40 41 62 7 36 55 61 65 8
40 36 51 61 2 24 47 12 33 7
2 19 9 55 1 56 23 5 66 1
25 57 23 7 19 39 31 52 29 60
46 25 23 17 69 72 40 25 46 66
43 56 64 36 3 7 36 32 11 54
22 56 32 30 44 40 27 67 25 45
51 13 34 56 61 19 5 47 4 26
52 15 3 43 35 39 4 54 55 45
75 67 64 35 19 44 11 73 31 8
53 26 33 2 25 14 14 35 6 64
47 50 39 16 9 75 69 45 73 25
0 5 14 15 16 19 25 24 15 16 18 20 14 12
5 0 12 14 15 18 25 23 15 17 19 22 16 13
14 12 0 6 7 8 16 15 12 14 16 22 18 12
15 14 6 0 3 6 13 11 9 11 13 18 15 10
16 15 7 3 0 5 11 10 9 11 12 18 15 10
19 18 8 6 5 0 9 8 11 12 14 20 18 13
25 25 16 13 11 9 0 4 14 14 14 20 20 17
24 23 15 11 10 8 4 0 11 11 12 18 18 14
15 15 12 9 9 11 14 11 0 4 6 11 9 5
16 17 14 11 11 12 14 11 4 0 3 9 8 6
18 19 16 13 12 14 14 12 6 3 0 8 8 7
20 22 22 18 18 20 20 18 11 9 8 0 8 12
14 16 18 15 15 18 20 18 9 8 8 8 0 7
12 13 12 10 10 13 17 14 5 6 7 12 7 0
