12
10
70 31 69 17 23 57 57 66 40 36
21 52 7 72 41 58 31 57 11 26
60 60 49 35 69 51 49 30 20 27
38 24 11 67 7 73 42 12 6 60
26 11 9 65 71 46 42 24 66 25
63 75 6 70 13 70 2 29 31 11
30 72 38 38 7 58 35 61 37 4
43 31 46 19 38 53 64 32 50 67
60 6 2 64 32 11 10 26 73 60
20 2 38 48 68 71 4 53 43 31
69 30 35 41 35 12 24 38 40 51
11 71 62 55 70 49 39 45 8 62
0 6 7 6 6 18 18 13 13 17 15 9 8 4
6 0 6 7 10 23 22 16 14 18 15 8 8 6
7 6 0 3 8 22 24 19 18 22 20 13 12 9
6 7 3 0 6 20 23 18 18 22 20 13 12 9
6 10 8 6 0 16 20 15 17 21 20 14 13 9
18 23 22 20 16 0 15 16 22 25 25 24 22 19
18 22 24 23 20 15 0 7 13 14 16 18 17 17
13 16 19 18 15 16 7 0 8 11 11 12 11 11
13 14 18 18 17 22 13 8 0 6 5 8 8 11
17 18 22 22 21 25 14 11 6 0 4 11 11 15
15 15 20 20 20 25 16 11 5 4 0 9 9 13
9 8 13 13 14 24 18 12 8 11 9 0 3 7
8 8 12 12 13 22 17 11 8 11 9 3 0 5
4 6 9 9 9 19 17 11 11 15 13 7 5 0
