12
30
74 71 6 5 41 41 6 48 36 60 51 59 41 8 62 24 2 24 26 74 75 5 74 27 2 43 5 61 22 68
14 73 61 53 22 45 46 25 47 61 48 7 60 15 32 36 63 45 71 30 42 37 16 27 26 66 64 75 35 66
58 61 20 73 21 32 20 48 43 45 40 46 50 23 28 29 31 42 35 28 19 55 21 13 34 37 33 18 40 73
45 4 11 41 29 11 37 12 68 11 11 15 60 34 72 51 6 47 54 30 74 18 10 60 51 48 20 50 48 9
44 47 44 65 49 51 44 50 60 64 59 18 6 35 68 50 20 6 54 22 17 30 4 63 22 34 23 4 49 13
48 41 35 36 51 6 41 21 53 39 48 24 51 44 10 32 73 74 29 16 25 61 45 6 58 49 13 25 17 35
71 43 9 25 24 62 46 57 42 51 6 21 12 20 36 11 43 70 27 17 6 47 54 7 6 3 48 13 52 38
58 20 67 65 68 46 48 36 31 60 71 64 24 56 29 52 10 48 29 43 7 73 64 24 49 12 20 20 12 9
10 11 42 14 66 41 73 40 71 68 23 43 3 65 34 66 26 46 10 14 14 38 31 29 66 5 39 42 62 33
59 22 49 57 64 52 31 57 40 4 24 58 59 46 48 13 19 74 10 40 23 57 60 35 55 39 51 63 36 62
25 20 67 48 49 32 18 46 4 73 4 65 72 27 6 62 10 52 59 73 35 57 63 36 29 28 47 10 4 40
62 35 65 73 3 50 69 19 3 23 55 5 59 54 56 23 58 58 23 29 40 35 18 64 36 68 47 35 47 8
0 10 12 20 20 24 25 22 18 17 16 16 10 11
10 0 8 13 13 15 18 14 10 11 10 9 6 9
12 8 0 9 9 16 20 16 14 16 15 14 12 15
20 13 9 0 2 14 19 15 16 18 18 17 17 21
20 13 9 2 0 14 19 15 16 18 18 17 18 21
24 15 16 14 14 0 7 5 9 12 12 12 17 19
25 18 20 19 19 7 0 6 9 11 11 12 18 19
22 14 16 15 15 5 6 0 6 9 9 9 14 16
18 10 14 16 16 9 9 6 0 4 5 4 10 12
17 11 16 18 18 12 11 9 4 0 2 3 9 9
16 10 15 18 18 12 11 9 5 2 0 3 8 9
16 9 14 17 17 12 12 9 4 3 3 0 7 9
10 6 12 17 18 17 18 14 10 9 8 7 0 5
11 9 15 21 21 19 19 16 12 9 9 9 5 0
