12
20
49 71 12 38 12 52 6 31 71 54 49 66 24 51 33 11 44 57 57 69
61 25 49 30 6 33 75 64 74 6 32 17 39 18 46 26 2 16 64 37
60 59 10 28 28 22 60 3 27 9 21 45 69 41 70 32 30 20 36 51
13 66 64 14 70 3 14 4 7 75 41 41 59 65 17 44 57 43 50 19
32 44 70 70 9 17 61 71 50 72 31 49 22 43 22 45 16 5 65 3
62 45 60 74 44 64 25 9 12 73 29 39 28 62 72 52 56 31 27 2
3 27 63 26 68 15 39 58 31 41 16 25 66 59 45 18 19 9 24 64
23 7 10 56 70 30 27 5 2 6 33 31 65 18 3 55 59 38 32 40
14 35 46 55 50 19 4 51 20 62 23 48 15 44 19 54 55 28 50 25
65 15 28 74 55 40 70 35 38 67 28 62 7 7 39 66 54 8 35 25
54 62 42 20 63 58 10 36 18 75 5 71 58 54 16 24 39 72 33 53
71 23 66 50 46 46 60 69 62 31 55 24 4 26 64 16 26 29 46 66
0 7 9 9 10 14 12 12 20 11 6 6 9 5
7 0 5 9 11 15 16 17 25 16 11 11 13 8
9 5 0 6 9 12 16 17 25 16 12 14 16 11
9 9 6 0 4 8 12 13 23 13 10 14 17 12
10 11 9 4 0 5 10 11 20 12 10 14 17 13
14 15 12 8 5 0 11 12 20 13 12 17 20 17
12 16 16 12 10 11 0 2 12 4 7 11 15 14
12 17 17 13 11 12 2 0 11 4 8 11 14 14
20 25 25 23 20 20 12 11 0 11 15 17 19 21
11 16 16 13 12 13 4 4 11 0 6 9 12 12
6 11 12 10 10 12 7 8 15 6 0 6 10 8
6 11 14 14 14 17 11 11 17 9 6 0 5 6
9 13 16 17 17 20 15 14 19 12 10 5 0 7
5 8 11 12 13 17 14 14 21 12 8 6 7 0
