12
20
13 61 18 11 46 46 3 68 68 33 47 29 32 19 33 39 23 7 72 18
13 29 35 37 20 56 7 67 31 40 31 75 54 2 68 39 15 37 24 5
25 20 18 71 67 60 28 74 52 75 41 17 34 55 47 29 13 53 44 64
6 44 26 7 35 37 12 4 44 1 23 47 8 63 29 61 8 42 61 71
60 46 12 45 42 24 13 54 10 28 11 58 31 27 42 13 9 31 24 31
65 45 14 19 44 54 63 23 34 34 42 26 67 36 37 4 52 6 50 14
5 55 34 8 48 67 62 70 22 40 69 20 21 33 9 45 2 57 63 6
9 71 18 62 71 54 3 22 41 62 13 3 28 4 13 33 74 69 45 36
28 2 12 16 43 69 27 49 58 68 20 21 25 39 53 71 40 46 21 34
63 53 74 45 68 34 71 7 39 57 38 35 42 44 41 11 71 61 13 67
54 58 46 52 36 27 5 20 69 62 19 57 6 58 37 37 26 63 69 74
67 14 6 16 14 71 47 68 71 20 30 39 22 13 63 24 36 19 71 52
0 15 12 13 14 15 17 23 20 19 13 12 16 10
15 0 6 8 13 13 13 22 22 21 16 18 25 21
12 6 0 4 9 9 10 19 18 18 12 14 21 17
13 8 4 0 7 7 7 16 16 15 10 13 20 16
14 13 9 7 0 2 5 11 10 10 5 9 16 13
15 13 9 7 2 0 4 11 11 10 6 9 17 14
17 13 10 7 5 4 0 10 11 11 9 12 19 17
23 22 19 16 11 11 10 0 6 7 12 13 18 19
20 22 18 16 10 11 11 6 0 2 9 10 13 14
19 21 18 15 10 10 11 7 2 0 8 9 13 14
13 16 12 10 5 6 9 12 9 8 0 5 12 10
12 18 14 13 9 9 12 13 10 9 5 0 9 7
16 25 21 20 16 17 19 18 13 13 12 9 0 7
10 21 17 16 13 14 17 19 14 14 10 7 7 0
