12
20
22 62 69 62 24 25 72 60 23 4 46 36 33 22 66 58 38 2 13 4
42 70 54 27 6 3 37 51 70 4 65 20 27 2 39 53 53 41 22 66
59 51 61 22 65 48 60 27 50 30 38 61 14 3 20 41 37 23 31 8
11 54 46 36 72 36 14 15 48 24 71 57 33 23 42 4 65 25 21 55
36 45 59 70 29 11 65 61 30 16 24 50 37 46 3 33 62 41 68 29
31 15 21 36 28 19 49 47 48 55 44 60 15 41 36 40 55 31 32 5
69 23 13 67 52 40 67 67 73 71 28 53 39 63 60 30 16 25 65 6
8 44 54 21 34 8 38 20 39 8 48 36 59 50 61 42 73 51 54 6
2 45 34 66 74 67 8 33 40 21 38 52 32 37 25 36 22 37 68 6
48 46 28 54 73 7 32 21 60 5 47 61 75 28 4 21 59 23 27 62
21 3 43 45 40 35 37 12 65 40 69 4 46 9 32 19 28 23 45 67
18 7 27 33 72 53 36 19 19 69 72 59 51 56 38 17 22 3 61 48
0 6 7 7 13 15 16 20 18 22 16 13 12 5
6 0 6 8 13 15 17 21 20 25 19 17 16 7
7 6 0 3 9 10 13 17 16 21 16 13 13 4
7 8 3 0 8 9 11 15 14 20 15 12 12 4
13 13 9 8 0 3 6 11 11 18 14 12 14 10
15 15 10 9 3 0 4 9 10 16 14 11 14 11
16 17 13 11 6 4 0 7 8 14 13 11 14 13
20 21 17 15 11 9 7 0 5 10 11 11 14 16
18 20 16 14 11 10 8 5 0 8 8 7 11 15
22 25 21 20 18 16 14 10 8 0 9 10 13 20
16 19 16 15 14 14 13 11 8 9 0 4 5 14
13 17 13 12 12 11 11 11 7 10 4 0 5 11
12 16 13 12 14 14 14 14 11 13 5 5 0 11
5 7 4 4 10 11 13 16 15 20 14 11 11 0
