12
20
43 25 7 38 71 62 43 32 1 34 67 60 7 62 72 49 20 1 65 44
69 25 15 51 55 70 4 50 35 46 41 33 2 36 35 69 53 66 56 45
3 18 12 35 53 38 41 35 17 15 55 3 38 51 25 19 74 43 69 33
48 56 20 26 73 43 35 63 14 22 11 6 48 28 45 71 13 48 8 3
26 69 1 56 71 37 4 73 4 35 75 54 64 67 18 47 32 37 54 64
21 73 49 42 35 32 25 58 26 59 72 13 19 8 62 40 31 21 68 23
30 34 56 30 52 18 19 53 29 58 62 71 41 53 45 38 56 3 3 53
20 61 49 59 75 58 20 20 13 49 18 19 42 59 66 39 63 19 21 9
24 40 46 32 34 7 58 44 59 58 11 71 41 72 39 62 26 34 30 60
17 24 24 23 64 40 59 8 16 57 61 12 16 18 66 59 7 61 46 9
37 20 68 14 20 60 40 73 59 60 57 20 10 24 70 29 66 7 36 15
66 32 68 69 39 53 60 33 27 40 52 9 63 33 74 23 29 45 48 53
0 8 9 10 17 15 15 14 20 17 20 14 6 4
8 0 4 4 10 8 8 8 14 15 20 14 9 10
9 4 0 4 9 8 9 9 16 17 22 17 11 11
10 4 4 0 8 6 7 7 14 16 21 16 11 12
17 10 9 8 0 5 6 8 14 20 25 21 17 19
15 8 8 6 5 0 3 5 11 17 22 18 15 17
15 8 9 7 6 3 0 4 10 15 21 17 15 17
14 8 9 7 8 5 4 0 8 13 19 15 13 16
20 14 16 14 14 11 10 8 0 10 16 15 17 21
17 15 17 16 20 17 15 13 10 0 7 7 13 18
20 20 22 21 25 22 21 19 16 7 0 8 16 20
14 14 17 16 21 18 17 15 15 7 8 0 10 14
6 9 11 11 17 15 15 13 17 13 16 10 0 6
4 10 11 12 19 17 17 16 21 18 20 14 6 0
