12
30
57 18 34 21 10 7 49 4 66 30 33 31 1 44 52 39 44 31 21 50 50 64 7 20 72 39 4 26 1 18
12 44 61 30 70 73 52 36 22 46 53 24 7 7 34 8 18 50 34 58 16 1 18 43 22 36 22 23 26 4
11 9 39 30 18 57 43 43 69 8 53 31 74 67 57 8 4 37 50 19 43 24 3 34 45 16 68 16 57 58
16 13 26 3 45 26 44 75 68 1 33 4 47 73 56 73 32 13 20 10 37 68 58 19 57 37 20 36 42 72
23 58 16 35 73 43 58 73 6 20 4 59 53 55 7 33 70 48 33 39 7 50 6 46 53 41 39 49 55 40
21 66 63 53 38 12 45 11 29 6 8 43 10 68 39 20 5 40 40 32 34 35 22 54 58 68 30 71 1 29
31 72 68 7 62 60 59 53 41 36 36 69 48 32 44 38 22 65 58 22 69 62 11 26 13 35 53 21 53 11
10 34 22 60 27 69 4 19 73 7 3 40 19 16 7 62 65 8 75 33 43 56 4 72 7 26 42 3 12 28
66 49 5 37 11 47 18 62 54 21 67 46 7 62 15 21 73 63 69 63 68 32 31 5 8 43 16 11 34 54
47 68 67 66 24 23 1 53 73 64 55 9 20 25 30 61 56 42 4 66 37 62 7 25 2 19 7 61 48 60
5 54 54 54 60 21 28 61 45 40 62 72 12 41 73 29 47 29 57 23 10 46 26 47 12 28 44 67 67 38
63 65 48 65 10 32 52 40 32 44 49 73 70 70 73 26 32 13 35 26 41 59 32 15 9 69 24 2 22 1
0 5 6 12 14 13 23 24 18 14 13 12 6 6
5 0 6 11 13 15 25 25 21 16 16 15 8 9
6 6 0 8 10 11 21 22 17 14 14 12 7 9
12 11 8 0 5 12 21 22 18 17 18 15 13 14
14 13 10 5 0 10 18 19 16 16 17 15 13 15
13 15 11 12 10 0 12 13 8 8 9 7 10 11
23 25 21 21 18 12 0 3 7 13 14 13 20 20
24 25 22 22 19 13 3 0 7 13 14 13 20 21
18 21 17 18 16 8 7 7 0 7 9 8 15 15
14 16 14 17 16 8 13 13 7 0 3 3 10 10
13 16 14 18 17 9 14 14 9 3 0 4 9 9
12 15 12 15 15 7 13 13 8 3 4 0 8 9
6 8 7 13 13 10 20 20 15 10 9 8 0 3
6 9 9 14 15 11 20 21 15 10 9 9 3 0
