12
30
54 14 70 66 25 27 44 8 20 48 9 65 31 1 19 4 17 20 12 66 42 56 39 4 16 55 16 62 7 38
71 4 32 3 50 37 57 8 24 63 55 63 51 57 22 31 60 17 23 61 23 21 3 60 20 69 46 71 4 42
19 40 57 50 63 55 29 63 56 73 13 57 61 53 32 34 29 19 56 46 64 72 7 14 28 36 15 15 11 49
67 64 44 57 17 47 2 13 42 74 27 36 68 4 26 42 67 63 5 1 54 31 45 56 75 75 8 5 4 28
21 65 14 39 71 46 50 31 33 50 35 32 44 67 23 33 69 30 5 2 44 25 12 41 60 10 18 67 22 30
3 66 69 39 58 69 14 64 29 35 71 31 53 10 73 71 48 39 66 4 46 57 28 31 30 63 53 60 4 50
67 12 14 48 45 2 65 23 13 50 40 13 17 52 58 68 73 18 63 54 17 39 24 48 34 28 43 8 64 31
25 28 74 31 40 51 75 71 24 56 38 56 38 4 46 28 3 7 63 38 71 12 17 74 15 73 66 58 51 71
47 61 27 69 60 5 2 7 21 4 53 50 42 23 6 27 26 36 63 74 47 17 44 26 53 72 5 53 26 73
58 11 65 13 59 4 6 71 69 64 63 27 68 25 56 57 44 4 45 72 74 46 35 5 9 51 10 75 53 24
51 32 12 2 25 29 26 38 31 52 44 4 15 11 20 31 18 56 8 32 70 66 10 61 16 18 16 4 42 49
60 60 36 68 27 53 62 18 31 53 3 56 62 31 60 3 57 56 67 59 19 72 36 56 66 45 8 65 58 26
0 12 17 19 23 25 17 19 17 14 12 10 6 3
12 0 7 9 14 16 15 21 19 14 12 9 12 14
17 7 0 3 9 11 15 22 20 16 14 12 16 19
19 9 3 0 7 9 14 21 20 15 14 12 17 20
23 14 9 7 0 3 14 21 20 16 16 15 20 24
25 16 11 9 3 0 15 21 21 18 17 17 22 25
17 15 15 14 14 15 0 9 8 5 7 9 13 17
19 21 22 21 21 21 9 0 4 8 10 13 14 19
17 19 20 20 20 21 8 4 0 6 8 11 12 16
14 14 16 15 16 18 5 8 6 0 4 7 9 14
12 12 14 14 16 17 7 10 8 4 0 5 8 12
10 9 12 12 15 17 9 13 11 7 5 0 6 10
6 12 16 17 20 22 13 14 12 9 8 6 0 6
3 14 19 20 24 25 17 19 16 14 12 10 6 0
