12
20
70 39 28 21 3 46 33 73 19 40 37 15 60 44 23 23 9 25 20 72
63 70 51 46 75 72 43 46 2 22 67 75 66 51 19 23 4 72 21 71
50 2 72 39 38 74 6 75 46 24 39 23 69 70 41 22 50 61 67 30
72 11 49 28 27 11 10 53 69 54 57 7 38 1 63 39 18 58 59 70
29 59 28 71 71 26 67 41 6 16 28 74 48 34 61 25 20 24 20 68
46 10 60 21 9 63 67 68 63 5 66 36 57 8 34 65 12 36 13 25
28 64 58 73 55 56 64 4 39 25 56 39 26 35 42 40 22 12 37 9
12 13 30 32 12 46 23 14 59 60 34 5 75 40 2 70 25 48 73 45
2 65 42 32 52 8 44 29 39 49 51 75 63 5 32 25 71 45 64 45
36 70 13 34 23 3 29 18 69 24 27 55 55 61 35 71 19 37 7 63
61 31 59 5 19 57 33 43 37 66 28 31 26 38 71 4 21 6 24 16
8 73 50 58 72 20 44 11 63 13 42 14 49 44 56 54 20 35 52 8
0 15 15 17 15 14 23 25 21 22 19 21 6 3
15 0 2 5 6 11 15 17 18 20 18 25 16 16
15 2 0 5 6 11 15 17 18 20 18 25 16 16
17 5 5 0 4 11 12 14 16 18 16 25 18 18
15 6 6 4 0 8 11 13 14 16 14 22 16 16
14 11 11 11 8 0 11 12 10 11 8 16 12 14
23 15 15 12 11 11 0 3 8 10 9 19 21 23
25 17 17 14 13 12 3 0 8 10 10 20 23 25
21 18 18 16 14 10 8 8 0 3 4 13 19 21
22 20 20 18 16 11 10 10 3 0 4 12 19 22
19 18 18 16 14 8 9 10 4 4 0 11 17 19
21 25 25 25 22 16 19 20 13 12 11 0 17 20
6 16 16 18 16 12 21 23 19 19 17 17 0 5
3 16 16 18 16 14 23 25 21 22 19 20 5 0
