12
20
29 8 18 46 47 64 14 47 60 60 70 64 23 21 40 7 62 20 20 46
38 41 44 9 2 7 3 74 50 13 28 28 30 20 23 25 23 53 53 34
13 73 29 3 73 32 49 11 50 72 60 57 16 8 34 57 6 47 30 74
70 65 65 31 39 65 22 75 27 16 53 51 44 25 46 59 40 73 45 59
2 58 36 20 41 23 15 6 24 72 36 25 7 48 37 23 75 25 70 53
35 33 5 6 39 67 52 33 23 13 40 59 61 42 37 53 10 11 13 68
53 65 43 47 16 32 9 35 54 29 47 15 64 4 54 73 48 1 34 30
46 6 9 34 57 53 69 14 27 47 56 53 62 37 64 74 31 7 19 42
38 27 55 72 14 58 35 51 31 11 46 15 7 9 33 55 63 57 3 17
9 25 36 4 32 38 9 60 49 58 71 43 66 71 26 65 50 56 43 54
1 45 74 27 75 9 59 43 70 53 68 3 19 35 28 55 21 25 48 21
21 31 27 15 27 19 8 28 27 51 55 37 1 70 4 25 62 15 31 7
0 4 8 9 11 11 13 13 14 15 17 11 14 6
4 0 7 8 8 9 10 11 12 14 17 14 16 8
8 7 0 2 7 9 9 7 7 10 14 17 20 13
9 8 2 0 7 9 9 7 6 9 13 18 21 14
11 8 7 7 0 4 4 5 8 14 19 21 23 15
11 9 9 9 4 0 4 8 10 17 21 21 24 15
13 10 9 9 4 4 0 6 9 16 21 22 25 17
13 11 7 7 5 8 6 0 4 12 17 22 25 18
14 12 7 6 8 10 9 4 0 10 15 22 25 18
15 14 10 9 14 17 16 12 10 0 7 20 23 18
17 17 14 13 19 21 21 17 15 7 0 19 22 19
11 14 17 18 21 21 22 22 22 20 19 0 5 7
14 16 20 21 23 24 25 25 25 23 22 5 0 10
6 8 13 14 15 15 17 18 18 18 19 7 10 0
