12
20
23 74 7 21 70 38 37 74 3 46 66 20 9 16 27 45 36 29 74 73
5 46 11 11 73 45 41 56 1 40 43 75 59 64 53 24 15 14 61 33
25 72 35 42 48 30 62 73 35 7 9 75 40 74 52 28 45 34 9 17
40 55 32 11 70 41 63 70 63 41 73 28 22 34 40 3 11 16 37 9
51 48 21 61 52 2 14 18 15 38 59 52 63 61 54 1 5 31 34 34
25 70 21 22 13 45 49 19 39 51 60 32 46 25 37 54 60 51 10 9
75 40 5 33 23 21 74 32 71 71 38 13 16 21 1 29 38 7 8 67
45 49 30 13 51 69 57 25 47 48 2 20 64 29 40 9 5 14 73 61
37 35 61 65 22 20 68 35 5 43 9 22 42 75 61 71 41 34 8 47
45 4 60 6 46 63 18 22 44 35 8 55 7 68 22 13 65 30 44 15
6 26 69 12 49 74 19 12 15 62 1 16 16 43 39 13 35 8 60 75
2 69 23 26 70 73 5 62 11 17 37 72 74 68 23 52 25 61 69 48
0 8 17 24 25 25 24 16 20 23 20 16 8 8
8 0 11 19 20 21 20 12 17 23 21 16 11 8
17 11 0 10 13 15 15 10 16 25 24 18 18 14
24 19 10 0 6 9 10 12 15 24 25 19 23 19
25 20 13 6 0 5 6 11 12 21 23 18 22 20
25 21 15 9 5 0 4 11 10 19 21 16 22 19
24 20 15 10 6 4 0 9 7 17 18 14 19 17
16 12 10 12 11 11 9 0 8 16 16 10 13 10
20 17 16 15 12 10 7 8 0 11 12 8 15 13
23 23 25 24 21 19 17 16 11 0 5 9 16 17
20 21 24 25 23 21 18 16 12 5 0 8 13 15
16 16 18 19 18 16 14 10 8 9 8 0 10 10
8 11 18 23 22 22 19 13 15 16 13 10 0 5
8 8 14 19 20 19 17 10 13 17 15 10 5 0
