12
30
60 51 33 26 60 45 70 50 26 4 4 15 11 28 74 10 10 14 41 8 23 46 55 30 68 19 39 16 44 50
65 68 16 73 23 59 5 35 70 12 56 19 75 35 18 62 24 7 60 14 47 3 15 14 52 26 13 35 65 39
62 73 28 10 32 32 57 16 17 67 40 22 45 17 56 13 53 9 43 15 5 11 19 9 73 67 58 9 22 4
44 19 51 44 44 75 41 43 19 35 22 31 69 46 60 23 29 31 41 32 58 72 22 36 1 9 37 72 70 56
10 18 64 17 44 3 74 67 14 75 33 3 25 63 73 3 49 58 63 31 20 8 16 40 21 66 36 40 6 43
55 70 8 43 5 26 32 70 14 35 21 9 42 67 11 8 34 15 9 73 69 62 62 20 13 72 9 36 13 3
63 67 45 53 19 63 65 66 54 19 39 66 21 35 42 75 40 39 58 62 57 54 28 43 19 60 33 3 22 16
28 72 15 14 11 64 5 1 68 16 52 7 23 19 13 7 6 45 1 27 5 33 4 67 20 61 74 42 6 18
5 8 62 49 18 15 63 8 29 70 29 55 30 53 40 58 24 40 33 57 10 66 32 70 59 35 33 5 18 72
30 32 22 74 47 25 57 43 10 19 49 16 10 21 19 56 18 12 32 56 64 49 20 62 41 24 38 36 19 1
44 46 45 26 1 55 34 32 64 34 32 62 8 9 23 37 75 61 21 27 56 39 49 5 32 1 66 14 59 24
26 33 13 71 26 8 52 75 70 9 25 65 75 50 20 12 42 47 10 49 6 9 8 60 60 61 14 43 29 27
0 8 8 21 19 18 19 17 15 13 19 14 10 8
8 0 7 18 19 18 20 18 17 17 24 20 15 13
8 7 0 14 13 12 15 13 12 13 20 16 13 10
21 18 14 0 10 10 14 13 16 20 25 25 22 20
19 19 13 10 0 3 6 5 9 13 18 17 17 15
18 18 12 10 3 0 6 5 8 12 17 17 16 14
19 20 15 14 6 6 0 4 6 10 14 14 15 14
17 18 13 13 5 5 4 0 5 9 14 14 13 12
15 17 12 16 9 8 6 5 0 6 11 10 10 9
13 17 13 20 13 12 10 9 6 0 8 6 6 7
19 24 20 25 18 17 14 14 11 8 0 6 10 12
14 20 16 25 17 17 14 14 10 6 6 0 6 8
10 15 13 22 17 16 15 13 10 6 10 6 0 4
8 13 10 20 15 14 14 12 9 7 12 8 4 0
