12
30
67 54 29 19 17 36 62 17 75 12 56 66 7 31 29 6 54 4 73 72 17 75 21 40 60 36 11 68 75 57
38 10 13 55 12 9 51 41 20 54 9 64 11 68 71 23 6 13 11 55 9 62 7 64 35 4 8 27 24 15
75 12 11 31 2 31 7 30 64 42 51 61 21 37 26 51 69 4 56 20 6 12 36 74 44 54 6 71 49 43
5 15 45 66 55 11 55 17 13 39 12 5 25 74 49 56 38 34 39 59 32 29 34 18 3 52 34 11 41 69
40 49 58 4 44 42 29 61 11 41 69 12 30 22 14 23 45 51 35 34 22 4 56 16 38 28 12 68 5 13
17 31 41 51 73 35 54 32 74 56 60 1 44 74 41 32 69 14 62 44 17 71 75 30 55 9 60 53 22 27
57 59 17 3 72 41 40 22 73 52 29 3 1 19 58 60 45 62 5 57 26 9 53 47 33 9 67 36 7 66
71 68 55 40 11 12 36 39 8 50 58 13 30 71 29 66 63 17 31 69 37 50 27 35 14 51 8 24 11 11
48 33 4 67 65 24 21 69 24 33 55 74 4 9 6 4 45 58 46 7 28 5 17 26 16 1 8 61 59 6
19 42 19 53 16 65 20 6 7 22 33 26 63 16 51 56 69 75 37 37 40 66 50 30 2 26 1 10 15 21
33 21 70 60 69 43 67 43 49 20 67 62 10 41 11 10 24 53 47 65 75 67 17 9 31 34 39 6 11 67
45 27 2 47 28 38 13 47 30 59 61 41 53 24 20 60 45 44 17 1 5 64 36 72 32 35 67 29 69 75
0 3 5 10 10 11 8 22 23 19 14 10 9 7
3 0 6 10 8 10 6 20 22 17 14 10 8 8
5 6 0 7 9 11 10 23 25 21 18 14 12 10
10 10 7 0 8 9 12 22 25 22 22 17 17 15
10 8 9 8 0 4 7 16 19 16 17 13 13 15
11 10 11 9 4 0 7 14 17 14 17 14 14 16
8 6 10 12 7 7 0 16 17 13 12 8 8 11
22 20 23 22 16 14 16 0 5 7 18 18 19 24
23 22 25 25 19 17 17 5 0 7 18 18 20 25
19 17 21 22 16 14 13 7 7 0 12 13 15 20
14 14 18 22 17 17 12 18 18 12 0 6 7 13
10 10 14 17 13 14 8 18 18 13 6 0 3 9
9 8 12 17 13 14 8 19 20 15 7 3 0 7
7 8 10 15 15 16 11 24 25 20 13 9 7 0
