12
10
5 51 24 6 40 46 58 37 20 71
41 30 18 19 56 51 61 21 19 25
17 37 72 35 64 7 34 57 21 32
47 28 16 32 42 44 20 73 20 60
62 25 66 34 42 48 27 13 16 15
21 71 5 26 53 48 66 8 44 62
13 52 7 21 63 54 15 64 52 10
73 43 19 75 28 55 73 44 33 28
25 42 16 23 2 40 68 62 31 54
1 63 29 5 14 54 28 53 29 13
20 61 24 11 31 68 51 70 22 29
53 36 56 13 3 11 35 61 2 11
0 7 8 14 17 17 16 15 15 9 11 11 12 7
7 0 9 17 19 22 22 20 19 14 17 17 17 12
8 9 0 9 12 18 20 21 21 15 17 16 16 10
14 17 9 0 4 14 21 24 24 19 19 18 17 13
17 19 12 4 0 13 21 25 25 20 20 19 18 15
17 22 18 14 13 0 12 17 18 16 14 12 10 12
16 22 20 21 21 12 0 8 9 10 7 6 6 12
15 20 21 24 25 17 8 0 3 8 6 7 9 13
15 19 21 24 25 18 9 3 0 7 7 8 10 13
9 14 15 19 20 16 10 8 7 0 5 6 7 7
11 17 17 19 20 14 7 6 7 5 0 3 5 8
11 17 16 18 19 12 6 7 8 6 3 0 4 7
12 17 16 17 18 10 6 9 10 7 5 4 0 7
7 12 10 13 15 12 12 13 13 7 8 7 7 0
