12
20
60 24 28 14 47 21 16 11 19 70 4 42 31 63 50 64 10 15 19 63
35 11 43 46 42 28 5 48 61 47 74 45 17 21 62 65 22 40 50 60
4 7 41 75 45 59 1 51 2 20 64 36 35 55 12 58 23 67 38 13
48 3 65 66 9 61 26 12 69 53 11 27 6 47 9 25 19 23 35 48
29 74 55 47 59 54 44 49 72 68 71 14 42 56 8 39 17 57 1 72
26 5 50 5 2 50 42 62 43 4 13 51 62 14 1 56 3 25 39 1
47 43 67 23 2 75 64 49 19 22 36 13 29 42 26 65 57 67 40 69
19 13 46 7 35 42 11 38 8 3 28 5 28 74 28 41 29 29 62 15
15 30 28 5 26 67 71 33 71 54 35 74 9 9 62 60 45 6 33 41
24 69 70 22 48 2 19 15 62 47 30 41 58 22 36 48 66 1 57 43
10 42 26 67 6 44 50 14 37 38 68 74 37 10 41 22 56 39 8 8
29 26 52 34 44 45 14 52 27 52 44 25 10 54 18 63 28 15 4 57
0 2 7 11 20 18 9 17 11 11 8 7 5 7
2 0 6 10 20 18 9 17 11 11 8 7 6 7
7 6 0 8 16 15 11 21 15 15 12 12 11 11
11 10 8 0 11 9 8 18 14 13 11 13 13 16
20 20 16 11 0 6 17 25 23 22 21 23 23 25
18 18 15 9 6 0 14 21 20 18 18 20 21 23
9 9 11 8 17 14 0 11 8 6 5 9 10 14
17 17 21 18 25 21 11 0 8 8 10 13 15 19
11 11 15 14 23 20 8 8 0 3 5 6 9 13
11 11 15 13 22 18 6 8 3 0 4 7 10 13
8 8 12 11 21 18 5 10 5 4 0 5 7 11
7 7 12 13 23 20 9 13 6 7 5 0 4 8
5 6 11 13 23 21 10 15 9 10 7 4 0 5
7 7 11 16 25 23 14 19 13 13 11 8 5 0
