12
10
6 17 30 19 15 32 10 41 48 36
1 48 13 3 19 8 14 44 18 45
41 3 24 38 34 20 45 33 13 33
12 5 44 43 38 6 1 12 14 23
41 11 18 27 16 9 48 40 19 22
40 21 50 45 16 29 29 8 9 41
10 45 48 41 46 2 13 1 25 43
45 24 3 46 15 16 4 46 39 46
11 4 18 24 41 25 50 42 45 35
12 18 10 42 23 42 25 21 19 30
10 14 19 2 5 7 30 4 9 41
17 39 34 50 48 2 24 20 23 2
0 7 9 11 11 13 11 14 13 11 14 17 7 6
7 0 8 13 12 12 10 10 10 6 9 14 9 10
9 8 0 7 5 6 4 8 8 7 12 21 13 13
11 13 7 0 4 7 7 12 12 13 18 25 17 15
11 12 5 4 0 5 5 10 10 11 16 25 17 16
13 12 6 7 5 0 4 7 7 10 14 25 18 17
11 10 4 7 5 4 0 7 6 8 12 22 16 15
14 10 8 12 10 7 7 0 2 6 9 21 17 18
13 10 8 12 10 7 6 2 0 6 9 21 17 17
11 6 7 13 11 10 8 6 6 0 6 17 13 14
14 9 12 18 16 14 12 9 9 6 0 15 15 17
17 14 21 25 25 25 22 21 21 17 15 0 13 15
7 9 13 17 17 18 16 17 17 13 15 13 0 4
6 10 13 15 16 17 15 18 17 14 17 15 4 0
