12
20
30 1 37 20 35 21 40 20 15 30 6 32 31 23 27 17 16 7 34 4
15 13 5 5 1 13 47 27 5 34 4 22 8 13 8 8 36 34 9 17
44 41 32 11 6 9 50 15 20 45 25 9 10 23 14 22 11 17 36 37
13 41 23 18 8 7 26 45 9 25 31 11 20 50 43 26 49 19 49 35
49 27 33 44 27 50 1 28 32 15 19 46 36 11 10 14 38 36 5 20
32 15 17 5 20 40 35 13 41 45 18 13 22 45 36 17 47 16 7 6
49 6 43 28 39 21 22 6 11 8 9 23 2 13 41 50 32 27 35 19
13 5 25 14 49 32 22 39 19 46 30 43 50 2 30 12 12 47 25 23
18 36 16 13 8 24 40 16 36 27 12 32 8 11 29 1 23 49 15 14
28 36 6 14 20 33 3 30 20 47 44 42 42 17 47 34 44 32 31 3
39 9 50 29 32 30 9 3 44 41 40 7 47 43 27 5 47 37 21 45
44 44 15 27 6 11 30 33 11 22 23 2 6 45 24 1 30 8 9 48
0 7 10 15 15 19 22 25 22 19 16 14 10 8
7 0 4 9 10 14 16 20 16 13 11 14 12 9
10 4 0 6 8 12 13 18 13 10 9 15 14 11
15 9 6 0 5 8 9 15 10 8 9 18 18 16
15 10 8 5 0 6 11 18 13 11 12 21 20 17
19 14 12 8 6 0 12 20 15 13 15 25 25 22
22 16 13 9 11 12 0 9 5 6 9 21 23 20
25 20 18 15 18 20 9 0 6 9 11 21 24 22
22 16 13 10 13 15 5 6 0 5 7 19 21 19
19 13 10 8 11 13 6 9 5 0 5 17 19 16
16 11 9 9 12 15 9 11 7 5 0 13 15 13
14 14 15 18 21 25 21 21 19 17 13 0 6 7
10 12 14 18 20 25 23 24 21 19 15 6 0 4
8 9 11 16 17 22 20 22 19 16 13 7 4 0
