12
10
1 11 40 41 7 35 23 1 35 33
11 45 5 14 37 28 2 37 39 16
4 44 39 38 12 31 32 37 17 5
17 30 33 18 28 20 24 22 45 7
10 16 30 30 37 34 43 30 14 3
34 22 41 25 15 30 18 11 14 26
17 16 22 11 36 41 37 40 20 28
3 12 18 16 38 19 18 49 16 7
38 31 10 10 31 21 28 18 25 17
23 9 20 16 1 38 5 30 36 16
38 2 50 11 7 9 12 6 23 33
27 37 24 1 34 7 25 9 15 24
0 5 5 11 12 21 25 19 19 17 13 10 11 10
5 0 2 8 10 18 23 18 18 16 11 9 11 12
5 2 0 8 9 18 22 17 17 15 10 9 10 11
11 8 8 0 9 14 20 20 21 18 13 13 14 18
12 10 9 9 0 11 15 12 13 10 5 7 8 13
21 18 18 14 11 0 7 16 18 16 13 16 17 23
25 23 22 20 15 7 0 15 18 16 16 19 19 25
19 18 17 20 12 16 15 0 4 4 8 10 9 14
19 18 17 21 13 18 18 4 0 4 9 10 9 13
17 16 15 18 10 16 16 4 4 0 7 8 7 12
13 11 10 13 5 13 16 8 9 7 0 5 5 11
10 9 9 13 7 16 19 10 10 8 5 0 3 8
11 11 10 14 8 17 19 9 9 7 5 3 0 8
10 12 11 18 13 23 25 14 13 12 11 8 8 0
