12
30
46 2 47 17 30 27 3 6 6 36 2 13 48 37 20 37 32 9 33 5 32 24 26 29 47 13 46 32 9 26
2 50 18 1 1 31 6 9 22 41 49 28 2 7 37 38 21 43 14 49 6 45 30 32 18 25 18 4 14 15
10 40 29 5 3 5 10 8 19 40 32 41 28 5 30 40 38 1 35 10 14 35 36 1 27 8 15 16 34 8
33 26 39 42 46 11 9 48 28 24 45 50 8 42 16 28 26 29 28 8 19 47 8 6 30 4 1 10 35 8
29 14 27 33 37 50 10 23 18 32 41 46 2 27 44 39 45 33 43 42 41 30 15 17 14 23 34 16 6 19
47 31 46 29 39 12 15 20 11 3 39 7 5 5 45 37 31 21 7 11 17 26 41 31 42 26 13 12 11 9
25 17 37 15 5 15 27 24 48 30 37 39 40 41 11 5 31 42 34 3 16 47 26 15 7 11 6 12 7 33
28 48 50 9 28 18 41 16 4 46 13 40 9 19 12 28 45 50 17 44 25 5 5 45 31 27 38 29 29 41
29 2 26 29 14 28 8 5 9 7 8 10 13 46 39 18 9 36 42 8 33 23 3 24 29 47 50 40 39 11
35 24 30 26 45 1 43 9 34 39 43 34 35 15 48 15 35 23 17 44 29 34 43 37 20 19 35 31 10 33
20 18 32 47 41 38 6 30 24 42 24 43 23 6 49 4 40 2 39 39 35 3 17 12 28 26 33 38 49 34
24 13 16 50 27 42 49 38 32 23 49 5 8 43 43 49 31 29 42 13 20 29 31 24 44 29 26 48 12 1
0 10 11 14 18 19 23 19 17 12 14 15 5 6
10 0 3 7 9 10 18 17 14 12 15 19 10 9
11 3 0 6 9 10 17 16 13 11 14 19 10 9
14 7 6 0 7 8 12 12 9 10 13 19 12 11
18 9 9 7 0 3 14 17 14 15 18 24 17 16
19 10 10 8 3 0 15 18 15 17 20 25 18 17
23 18 17 12 14 15 0 9 8 13 14 21 20 19
19 17 16 12 17 18 9 0 5 8 8 14 15 15
17 14 13 9 14 15 8 5 0 6 8 14 13 12
12 12 11 10 15 17 13 8 6 0 5 11 9 8
14 15 14 13 18 20 14 8 8 5 0 8 10 10
15 19 19 19 24 25 21 14 14 11 8 0 12 13
5 10 10 12 17 18 20 15 13 9 10 12 0 3
6 9 9 11 16 17 19 15 12 8 10 13 3 0
