12
10
14 16 26 10 21 31 5 18 7 50
45 47 38 25 13 28 29 38 41 22
17 7 39 10 26 20 8 35 10 29
48 36 10 4 36 33 8 3 41 16
28 13 40 28 6 29 16 27 24 49
43 39 24 7 25 39 38 10 39 5
16 34 11 31 1 35 40 39 38 21
34 4 41 5 8 24 26 44 24 5
36 33 5 31 35 41 6 31 18 45
36 13 3 40 23 19 28 12 29 7
28 48 33 32 19 26 14 26 36 20
35 11 44 49 12 42 23 25 14 37
0 6 7 9 11 19 22 18 17 13 10 10 7 5
6 0 5 7 10 16 18 15 14 12 10 7 3 4
7 5 0 4 7 13 16 18 17 15 13 10 7 7
9 7 4 0 5 12 16 19 19 17 15 12 9 9
11 10 7 5 0 11 16 22 22 20 18 15 12 12
19 16 13 12 11 0 10 25 25 25 24 19 18 19
22 18 16 16 16 10 0 22 23 25 24 19 19 20
18 15 18 19 22 25 22 0 3 9 11 10 13 14
17 14 17 19 22 25 23 3 0 7 10 9 13 13
13 12 15 17 20 25 25 9 7 0 4 8 10 9
10 10 13 15 18 24 24 11 10 4 0 7 8 7
10 7 10 12 15 19 19 10 9 8 7 0 5 6
7 3 7 9 12 18 19 13 13 10 8 5 0 3
5 4 7 9 12 19 20 14 13 9 7 6 3 0
