12
20
24 48 7 49 11 15 20 12 36 10 45 3 11 25 7 40 9 29 23 35
16 50 35 21 15 9 46 50 43 27 26 48 47 2 32 15 32 23 43 12
4 47 23 24 30 25 41 39 32 28 42 2 18 41 21 9 45 42 29 3
40 15 17 47 38 29 15 47 30 1 24 44 48 4 23 21 50 31 10 5
44 41 30 28 6 37 22 12 24 7 35 44 21 41 34 18 23 25 7 23
8 4 30 39 21 42 17 36 48 40 18 47 8 31 20 38 2 23 23 4
34 35 36 25 12 48 38 22 8 21 47 2 18 25 20 47 9 10 6 45
28 1 11 49 35 36 46 18 43 36 50 45 45 18 12 11 34 6 41 36
44 8 44 36 20 26 36 38 19 22 8 22 22 33 12 32 7 49 13 2
22 19 34 13 45 50 36 45 17 41 6 25 37 7 17 43 42 24 8 32
14 12 10 20 46 30 18 48 46 8 48 45 1 44 11 12 37 50 28 13
49 14 12 20 10 43 1 3 22 35 30 3 35 13 33 41 28 13 47 24
0 4 8 8 13 15 19 23 18 21 20 17 15 5
4 0 5 5 10 15 17 20 15 18 18 14 13 7
8 5 0 4 8 15 15 18 12 15 14 11 10 9
8 5 4 0 7 13 14 17 12 15 15 12 11 10
13 10 8 7 0 12 9 12 7 11 13 11 11 15
15 15 15 13 12 0 12 15 15 21 23 21 21 19
19 17 15 14 9 12 0 5 7 12 16 15 17 22
23 20 18 17 12 15 5 0 8 12 16 16 18 25
18 15 12 12 7 15 7 8 0 7 10 10 11 20
21 18 15 15 11 21 12 12 7 0 6 7 10 22
20 18 14 15 13 23 16 16 10 6 0 5 7 21
17 14 11 12 11 21 15 16 10 7 5 0 4 18
15 13 10 11 11 21 17 18 11 10 7 4 0 15
5 7 9 10 15 19 22 25 20 22 21 18 15 0
