12
30
20 31 2 23 44 13 10 50 41 6 1 9 23 39 18 19 25 37 12 6 39 19 13 46 36 34 14 49 9 2
16 22 31 18 41 33 18 40 33 23 38 46 9 15 48 40 42 42 9 5 10 21 23 10 28 5 44 29 12 12
17 7 28 30 21 41 28 3 38 16 5 49 15 31 32 4 33 8 48 39 19 19 35 39 2 1 13 28 2 18
8 40 29 10 34 6 32 12 27 13 40 23 39 38 19 14 22 45 24 9 21 37 4 42 37 11 24 8 32 3
11 14 7 42 19 25 41 4 38 27 41 15 25 26 38 26 46 35 24 10 8 23 6 4 32 9 46 48 14 15
2 41 29 12 32 40 35 20 32 19 16 4 12 34 20 23 46 21 27 10 45 25 19 31 8 7 31 34 38 14
12 29 36 18 38 8 17 34 33 46 33 43 19 37 17 22 14 46 24 24 23 8 25 12 24 44 21 13 46 41
1 50 6 31 38 33 34 47 35 20 5 14 31 10 46 12 10 50 42 37 29 6 29 40 8 23 46 50 33 11
50 42 25 3 45 24 37 14 25 48 44 30 46 10 11 43 41 3 23 31 21 44 34 47 31 36 25 20 25 23
50 43 5 4 12 41 43 29 26 15 17 47 25 45 18 8 8 30 25 24 31 40 30 27 23 47 31 19 17 27
28 28 36 13 35 7 3 33 24 8 9 45 40 14 42 33 38 36 43 31 5 40 43 43 43 9 8 45 26 12
18 4 24 8 10 40 36 34 13 49 34 37 11 43 46 23 29 19 9 23 31 21 46 12 11 36 44 18 47 25
0 5 14 14 18 18 20 20 21 22 25 23 16 2
5 0 10 10 15 15 16 17 18 19 22 20 14 5
14 10 0 3 7 8 9 9 9 10 14 15 11 13
14 10 3 0 6 7 8 8 9 10 13 14 10 14
18 15 7 6 0 2 3 4 8 8 10 10 9 18
18 15 8 7 2 0 3 4 8 8 9 10 9 18
20 16 9 8 3 3 0 3 8 7 8 10 10 20
20 17 9 8 4 4 3 0 7 6 7 11 11 20
21 18 9 9 8 8 8 7 0 4 7 16 16 21
22 19 10 10 8 8 7 6 4 0 5 15 16 22
25 22 14 13 10 9 8 7 7 5 0 14 16 25
23 20 15 14 10 10 10 11 16 15 14 0 8 23
16 14 11 10 9 9 10 11 16 16 16 8 0 16
2 5 13 14 18 18 20 20 21 22 25 23 16 0
