12
10
49 47 34 8 21 28 36 50 22 35
13 48 2 42 8 49 15 9 35 38
21 20 2 27 35 32 50 18 9 45
33 37 21 43 3 6 50 11 5 31
11 21 50 44 4 9 10 50 27 42
29 16 19 17 18 19 9 17 46 20
25 7 12 13 11 41 28 16 24 3
30 47 49 29 22 28 1 8 39 33
40 27 40 4 7 27 31 32 42 42
15 39 27 36 48 36 39 16 28 11
25 46 35 35 16 34 24 3 7 29
32 39 37 4 7 50 6 44 37 42
0 12 17 20 21 18 22 24 25 21 18 16 7 8
12 0 6 11 14 12 18 19 21 21 20 18 13 17
17 6 0 9 12 11 16 17 19 22 21 19 17 21
20 11 9 0 4 6 10 10 12 17 17 16 17 22
21 14 12 4 0 5 7 7 9 15 16 15 18 22
18 12 11 6 5 0 7 8 10 12 13 11 14 19
22 18 16 10 7 7 0 4 5 10 13 12 18 22
24 19 17 10 7 8 4 0 4 12 15 14 20 24
25 21 19 12 9 10 5 4 0 11 14 14 21 25
21 21 22 17 15 12 10 12 11 0 5 7 16 17
18 20 21 17 16 13 13 15 14 5 0 4 13 14
16 18 19 16 15 11 12 14 14 7 4 0 11 13
7 13 17 17 18 14 18 20 21 16 13 11 0 6
8 17 21 22 22 19 22 24 25 17 14 13 6 0
