12
30
42 2 28 15 36 15 15 49 47 32 45 17 49 29 40 32 29 31 24 22 34 42 35 2 7 10 4 36 23 30
4 12 7 38 22 45 34 13 18 30 2 29 21 34 6 9 21 2 44 27 45 50 17 45 27 36 40 41 26 16
49 46 20 32 20 16 28 7 27 22 22 7 30 23 3 47 23 16 36 6 21 35 42 16 8 23 7 29 30 38
9 12 6 33 1 41 23 46 15 19 34 6 21 19 24 15 21 44 1 30 2 27 22 33 39 15 8 20 18 21
20 19 31 39 47 20 13 39 5 42 38 40 19 1 43 32 14 40 39 22 27 28 28 28 42 13 49 38 4 37
5 46 39 31 17 49 9 8 19 39 32 50 30 10 27 21 7 41 45 22 14 31 47 16 21 16 39 45 35 6
43 45 18 45 24 4 25 37 11 38 26 13 32 22 23 25 33 19 17 49 40 1 9 38 25 3 10 21 44 20
38 9 36 47 49 8 25 12 25 17 21 43 2 42 27 43 36 10 47 16 27 24 48 19 27 33 36 29 6 35
2 6 20 4 26 25 45 33 40 42 38 30 1 46 40 41 1 48 7 12 38 15 5 13 30 27 37 14 1 4
48 33 7 1 28 46 17 42 40 5 40 38 43 35 34 3 24 8 12 10 48 45 11 7 14 20 46 33 18 41
29 39 36 19 48 12 8 34 7 39 23 42 34 8 7 6 10 39 3 29 26 9 28 48 10 32 34 36 12 6
14 18 46 23 5 12 30 37 12 15 23 1 8 31 4 22 13 12 10 43 20 49 20 25 41 46 32 47 1 48
0 5 9 9 6 6 13 10 13 17 10 15 7 5
5 0 7 9 6 7 16 14 17 20 12 12 7 7
9 7 0 4 5 7 15 16 20 24 17 17 12 12
9 9 4 0 5 6 13 15 19 24 17 19 14 13
6 6 5 5 0 3 12 12 17 21 14 17 10 9
6 7 7 6 3 0 10 11 15 20 14 18 11 9
13 16 15 13 12 10 0 7 12 20 18 25 17 15
10 14 16 15 12 11 7 0 7 14 13 22 13 12
13 17 20 19 17 15 12 7 0 9 12 23 15 13
17 20 24 24 21 20 20 14 9 0 10 21 15 14
10 12 17 17 14 14 18 13 12 10 0 12 6 6
15 12 17 19 17 18 25 22 23 21 12 0 10 12
7 7 12 14 10 11 17 13 15 15 6 10 0 3
5 7 12 13 9 9 15 12 13 14 6 12 3 0
