12
30
13 38 8 11 21 50 41 44 30 7 18 19 7 23 12 22 29 1 13 41 9 8 32 4 20 44 35 39 12 35
20 6 40 30 14 26 10 42 47 12 5 2 2 37 17 20 48 29 31 3 7 11 1 5 35 36 50 27 32 40
45 32 17 18 12 41 18 43 19 46 15 35 42 34 22 22 1 32 28 6 46 15 24 47 32 46 16 33 27 44
40 36 16 4 18 12 12 45 23 20 16 2 35 4 30 31 9 31 43 25 20 31 47 39 19 29 46 5 45 12
4 45 10 25 26 40 33 39 39 14 14 6 44 28 6 49 5 20 16 47 6 47 14 3 29 27 23 9 40 46
2 22 45 7 37 8 26 1 43 9 21 32 40 18 35 13 34 16 24 2 14 12 26 19 6 25 6 38 43 40
28 24 41 22 50 35 15 34 21 48 44 23 34 27 21 22 33 19 50 41 19 23 29 43 8 24 11 29 33 6
34 7 34 21 42 11 31 17 22 11 39 10 18 14 44 2 21 27 50 20 10 40 38 20 22 21 48 39 34 7
10 32 36 38 27 46 40 40 40 9 45 3 37 2 26 4 10 34 28 41 6 8 3 29 3 18 21 5 27 42
49 22 21 26 14 50 27 35 38 48 21 11 23 16 40 23 15 10 26 29 1 22 40 7 47 19 21 22 23 38
36 16 2 39 36 17 38 10 25 18 19 43 6 34 44 24 38 41 9 48 34 45 22 5 46 49 31 22 31 38
16 14 10 21 23 47 1 28 44 9 28 40 47 14 9 25 50 5 27 45 21 31 20 14 22 48 49 35 9 45
0 2 9 14 11 11 9 12 14 12 12 13 12 12
2 0 8 13 10 11 9 13 14 12 13 14 12 12
9 8 0 8 9 12 11 18 20 19 19 20 15 12
14 13 8 0 8 11 11 20 23 24 24 25 21 18
11 10 9 8 0 5 6 14 17 19 20 22 21 19
11 11 12 11 5 0 4 12 15 18 19 22 22 21
9 9 11 11 6 4 0 10 13 16 16 19 20 19
12 13 18 20 14 12 10 0 4 11 11 16 22 22
14 14 20 23 17 15 13 4 0 9 10 15 22 24
12 12 19 24 19 18 16 11 9 0 2 7 16 18
12 13 19 24 20 19 16 11 10 2 0 6 16 18
13 14 20 25 22 22 19 16 15 7 6 0 12 16
12 12 15 21 21 22 20 22 22 16 16 12 0 6
12 12 12 18 19 21 19 22 24 18 18 16 6 0
