12
30
41 26 18 34 16 50 16 4 29 14 23 27 31 39 13 37 41 24 48 40 12 32 10 1 4 16 31 2 9 5
27 31 3 4 30 31 38 45 5 48 22 13 13 42 40 13 28 49 33 25 22 28 14 11 16 5 5 4 36 36
24 47 27 16 23 40 50 49 32 3 8 18 3 5 3 45 22 1 49 31 22 30 33 7 18 41 43 42 21 7
8 19 2 34 9 47 29 34 1 22 25 27 49 9 48 30 38 17 20 18 9 43 41 45 19 12 15 47 49 27
29 40 36 3 17 7 5 1 22 39 38 9 38 12 23 21 33 37 45 22 13 34 37 47 31 37 21 4 32 14
45 49 46 5 42 11 46 3 12 8 39 10 1 46 10 37 28 8 40 32 40 14 21 27 16 23 4 45 32 3
12 24 3 32 24 42 49 29 20 34 29 34 25 42 42 4 9 21 39 36 42 18 18 48 33 27 37 3 13 37
50 18 17 5 6 39 5 40 1 37 23 3 41 1 50 29 38 32 31 32 50 27 4 50 37 40 35 44 5 32
29 14 49 25 20 3 3 30 37 18 24 22 20 47 18 32 11 3 16 30 35 8 49 42 48 39 25 10 1 5
7 45 19 18 26 21 34 23 33 46 50 38 39 22 29 27 33 23 7 21 23 31 35 11 43 12 36 12 45 49
30 42 41 19 5 22 32 19 3 50 6 22 33 31 49 7 6 35 22 48 26 31 19 40 13 11 33 8 3 15
45 9 34 17 10 50 42 28 1 38 34 35 11 5 9 7 42 8 24 42 41 46 48 29 46 15 45 37 1 14
0 2 10 17 11 13 8 5 7 10 9 8 6 5
2 0 10 17 11 13 7 5 7 10 10 9 6 5
10 10 0 9 9 14 13 11 15 19 17 12 10 13
17 17 9 0 14 19 20 18 22 25 23 17 16 19
11 11 9 14 0 7 10 9 13 17 19 16 14 14
13 13 14 19 7 0 9 10 12 17 21 20 17 17
8 7 13 20 10 9 0 4 4 10 13 14 12 10
5 5 11 18 9 10 4 0 5 10 12 12 9 8
7 7 15 22 13 12 4 5 0 7 11 13 11 9
10 10 19 25 17 17 10 10 7 0 9 13 13 9
9 10 17 23 19 21 13 12 11 9 0 8 9 6
8 9 12 17 16 20 14 12 13 13 8 0 4 6
6 6 10 16 14 17 12 9 11 13 9 4 0 5
5 5 13 19 14 17 10 8 9 9 6 6 5 0
