12
10
43 8 17 21 33 23 30 21 17 18
19 22 30 12 13 42 28 25 11 38
12 42 43 30 16 25 46 16 39 1
12 48 6 25 9 23 50 42 27 28
28 22 46 35 49 30 37 44 7 10
39 16 6 5 13 6 36 36 49 16
17 41 5 43 47 36 3 34 37 48
40 20 47 14 33 34 31 12 2 36
4 32 22 2 13 46 20 27 40 34
6 26 33 46 37 32 32 16 23 18
43 30 49 15 19 48 46 49 29 5
49 14 18 6 44 25 10 26 24 38
0 8 13 20 20 24 25 23 21 18 13 12 10 4
8 0 8 13 13 17 23 22 21 17 14 11 7 7
13 8 0 9 10 12 19 19 18 15 14 10 6 12
20 13 9 0 2 6 24 25 24 21 21 17 14 18
20 13 10 2 0 6 24 25 25 22 22 18 15 19
24 17 12 6 6 0 23 25 25 23 24 20 17 22
25 23 19 24 24 23 0 7 8 9 15 15 18 23
23 22 19 25 25 25 7 0 3 6 11 13 16 21
21 21 18 24 25 25 8 3 0 5 9 11 15 19
18 17 15 21 22 23 9 6 5 0 7 8 12 16
13 14 14 21 22 24 15 11 9 7 0 5 9 11
12 11 10 17 18 20 15 13 11 8 5 0 6 10
10 7 6 14 15 17 18 16 15 12 9 6 0 8
4 7 12 18 19 22 23 21 19 16 11 10 8 0
