12
20
4 25 12 39 20 42 30 16 29 44 3 18 12 24 2 15 49 32 13 2
21 5 37 48 22 11 17 41 48 1 39 7 39 11 49 4 48 33 46 4
50 24 33 26 40 17 33 49 38 18 27 6 5 13 9 20 25 13 25 6
22 10 41 14 31 47 19 15 15 28 12 19 5 15 27 24 11 43 44 33
47 5 50 24 36 45 47 15 35 28 47 47 22 34 43 31 16 48 32 2
6 14 5 23 11 3 21 5 30 16 14 4 20 14 47 20 6 32 49 2
42 29 42 48 16 49 27 50 42 32 15 25 19 39 6 12 48 25 31 39
40 3 36 16 40 19 12 16 11 3 8 29 4 25 23 13 21 10 2 38
41 26 30 45 7 45 49 7 3 46 9 35 50 37 13 2 41 3 7 42
49 28 5 37 1 33 13 13 36 6 18 7 34 44 16 37 16 13 45 36
7 34 14 18 32 15 47 4 13 15 50 25 30 24 30 14 34 41 24 4
24 34 28 21 3 47 45 37 46 16 27 40 20 24 46 44 44 48 49 48
0 4 17 18 11 13 16 22 23 22 20 15 14 7
4 0 16 17 9 11 14 19 21 20 18 14 13 6
17 16 0 4 14 18 15 17 17 24 24 25 24 19
18 17 4 0 13 17 13 15 16 23 23 25 24 19
11 9 14 13 0 6 7 12 13 14 13 13 12 9
13 11 18 17 6 0 7 12 13 10 9 10 9 9
16 14 15 13 7 7 0 7 8 11 11 15 14 13
22 19 17 15 12 12 7 0 3 12 13 20 19 19
23 21 17 16 13 13 8 3 0 12 14 21 20 20
22 20 24 23 14 10 11 12 12 0 4 13 13 17
20 18 24 23 13 9 11 13 14 4 0 11 10 15
15 14 25 25 13 10 15 20 21 13 11 0 3 10
14 13 24 24 12 9 14 19 20 13 10 3 0 9
7 6 19 19 9 9 13 19 20 17 15 10 9 0
