12
30
23 36 8 29 47 7 21 17 45 18 24 49 48 10 26 22 44 30 44 41 33 29 33 48 5 22 3 33 37 43
19 47 24 9 2 40 2 19 44 35 20 43 9 32 36 43 15 21 5 47 18 38 29 39 19 3 44 34 25 6
32 46 8 19 32 26 41 1 24 11 1 45 33 24 15 13 38 34 19 27 1 2 29 20 28 9 33 22 27 36
24 40 3 38 3 45 25 39 48 3 5 47 15 44 33 16 30 28 28 10 39 27 13 47 4 23 4 3 34 37
48 22 16 49 50 8 25 39 22 47 25 8 17 25 34 33 16 17 1 42 40 34 45 25 2 42 18 29 8 34
9 29 16 6 17 4 9 3 32 31 21 35 33 28 16 37 21 22 12 19 20 8 23 15 5 33 41 32 25 6
25 1 40 8 32 39 35 7 17 9 43 17 27 34 21 8 48 19 43 9 1 29 21 46 18 30 39 39 47 39
45 1 10 35 14 28 45 33 23 39 44 50 25 32 23 9 22 17 42 4 47 7 20 4 39 41 33 11 33 50
18 4 33 45 49 46 12 35 6 35 12 46 3 39 10 9 5 13 48 38 16 41 29 7 44 34 12 48 22 39
17 3 8 23 7 40 14 7 10 40 39 30 14 50 47 1 12 45 29 34 12 48 25 47 29 9 2 30 41 43
25 3 25 18 40 29 47 17 45 48 4 33 7 27 11 27 35 15 2 23 11 50 7 45 32 36 20 12 19 1
26 21 30 30 26 32 49 43 22 29 10 6 10 5 30 13 26 24 24 3 30 21 25 22 43 11 35 6 12 32
0 5 14 15 13 13 14 21 21 9 11 12 8 8
5 0 11 15 12 12 14 22 22 11 14 15 11 11
14 11 0 12 12 12 14 21 25 16 22 23 20 20
15 15 12 0 4 4 4 10 16 11 17 18 21 21
13 12 12 4 0 2 3 11 15 8 15 16 18 18
13 12 12 4 2 0 3 11 15 8 15 15 18 18
14 14 14 4 3 3 0 9 13 8 15 15 19 19
21 22 21 10 11 11 9 0 10 14 19 19 25 25
21 22 25 16 15 15 13 10 0 13 14 14 22 23
9 11 16 11 8 8 8 14 13 0 8 9 12 13
11 14 22 17 15 15 15 19 14 8 0 2 10 11
12 15 23 18 16 15 15 19 14 9 2 0 10 11
8 11 20 21 18 18 19 25 22 12 10 10 0 2
8 11 20 21 18 18 19 25 23 13 11 11 2 0
