12
30
4 4 49 18 26 18 25 6 22 10 42 17 5 17 27 39 17 42 28 32 5 9 35 47 42 5 12 6 27 41
34 33 1 9 37 40 50 8 24 26 23 31 12 38 20 42 50 41 38 3 12 19 13 5 17 42 35 17 43 31
44 32 31 44 2 26 49 17 33 20 45 46 45 34 26 8 47 39 28 28 31 34 8 21 34 48 43 47 8 47
24 50 37 20 7 9 49 13 24 35 17 21 13 9 33 18 14 30 12 19 33 46 46 10 37 33 10 41 15 7
20 21 45 12 25 2 37 4 23 33 6 34 1 39 26 21 32 36 21 14 47 13 24 34 29 49 46 38 9 4
14 32 44 22 26 27 10 35 36 21 12 23 19 44 37 25 4 16 22 34 35 21 25 47 15 35 11 43 14 44
10 34 42 41 38 49 14 16 49 13 34 45 39 50 33 24 31 29 45 27 25 29 47 25 17 20 42 18 27 43
30 8 11 16 16 50 19 44 41 5 21 50 15 46 34 43 48 50 42 36 21 18 25 44 16 30 9 40 48 48
28 47 3 35 17 21 25 16 49 33 2 29 27 38 19 2 34 42 3 16 39 28 15 33 14 8 50 42 42 30
48 13 42 14 24 45 48 34 15 9 11 37 24 41 20 15 16 13 36 7 44 18 38 7 50 26 27 7 6 2
35 48 18 41 10 2 7 50 30 4 42 36 4 7 37 32 27 4 10 42 24 11 45 16 15 16 50 46 16 5
2 16 13 35 32 28 18 26 4 8 1 9 14 30 2 8 35 7 50 49 24 17 49 42 17 40 44 44 40 44
0 17 23 22 23 21 20 20 17 18 12 12 13 5
17 0 18 19 22 20 20 20 20 25 21 22 25 20
23 18 0 5 7 7 8 8 11 17 18 18 23 24
22 19 5 0 4 3 4 4 8 14 15 15 19 22
23 22 7 4 0 4 5 5 8 13 15 16 20 23
21 20 7 3 4 0 3 3 6 12 13 14 18 20
20 20 8 4 5 3 0 2 5 11 12 13 17 20
20 20 8 4 5 3 2 0 5 11 12 13 17 19
17 20 11 8 8 6 5 5 0 8 8 9 13 16
18 25 17 14 13 12 11 11 8 0 8 8 10 16
12 21 18 15 15 13 12 12 8 8 0 3 7 10
12 22 18 15 16 14 13 13 9 8 3 0 6 10
13 25 23 19 20 18 17 17 13 10 7 6 0 10
5 20 24 22 23 20 20 19 16 16 10 10 10 0
