12
20
13 10 47 6 15 37 9 46 24 33 46 24 27 29 16 30 3 8 21 11
8 35 33 5 41 46 16 45 25 25 5 8 46 4 28 22 47 21 4 3
20 42 35 27 25 15 31 16 11 43 25 7 21 34 24 12 23 35 35 21
15 22 49 14 10 7 40 2 43 30 17 48 30 3 20 4 19 10 23 9
25 27 10 35 8 8 11 41 31 6 36 42 14 17 13 32 10 19 50 18
22 39 36 17 49 8 35 6 41 47 34 41 27 13 2 23 24 37 6 30
28 19 30 12 8 44 15 35 7 40 19 28 6 12 11 1 17 2 29 27
18 45 47 7 17 33 45 27 50 22 14 23 45 28 27 50 19 44 12 39
25 20 50 19 5 16 38 17 1 11 35 26 17 4 9 28 3 30 48 25
16 11 38 23 10 34 9 25 41 43 10 22 40 1 12 11 43 24 41 33
43 7 36 45 43 28 24 14 3 40 39 31 3 36 45 1 9 38 2 21
35 33 42 38 8 35 15 23 12 11 39 21 9 45 27 27 47 38 28 11
0 6 11 18 20 15 20 20 16 15 14 7 7 7
6 0 8 15 17 10 15 15 12 11 12 5 9 12
11 8 0 9 11 9 15 17 15 14 18 12 15 15
18 15 9 0 3 10 15 18 18 17 23 18 22 22
20 17 11 3 0 11 15 19 19 18 24 20 24 24
15 10 9 10 11 0 8 10 10 9 16 13 17 20
20 15 15 15 15 8 0 6 9 9 16 16 21 25
20 15 17 18 19 10 6 0 6 6 13 15 19 25
16 12 15 18 19 10 9 6 0 2 9 11 15 21
15 11 14 17 18 9 9 6 2 0 9 10 15 20
14 12 18 23 24 16 16 13 9 9 0 9 10 18
7 5 12 18 20 13 16 15 11 10 9 0 6 12
7 9 15 22 24 17 21 19 15 15 10 6 0 9
7 12 15 22 24 20 25 25 21 20 18 12 9 0
