12
30
9 5 48 37 46 16 22 6 19 26 17 30 38 36 21 2 47 38 10 43 2 45 33 1 1 7 10 42 41 42
50 11 23 24 31 21 36 24 46 5 1 18 9 28 3 45 48 40 22 2 49 12 4 33 16 18 24 3 37 46
24 37 20 30 14 25 49 37 41 3 18 43 34 39 24 5 18 8 41 32 21 16 10 43 17 39 23 39 38 15
43 46 37 36 5 5 26 10 34 31 44 49 25 49 17 23 29 48 7 19 32 47 29 41 16 49 29 26 31 18
13 39 46 35 19 20 1 44 17 43 47 3 38 26 12 6 39 20 6 28 8 29 48 43 18 19 33 23 18 49
33 16 17 33 42 28 48 33 37 32 9 36 15 5 29 44 37 18 22 33 28 37 47 24 19 30 19 13 14 42
41 5 47 7 15 11 38 27 13 27 26 37 20 49 14 24 23 38 16 42 44 44 20 13 34 22 8 41 34 3
1 44 29 27 17 9 45 25 42 26 6 12 19 3 24 23 6 44 5 37 36 1 31 5 46 21 10 29 21 21
42 25 11 43 15 29 49 2 48 10 22 12 8 48 41 36 30 1 14 35 7 30 8 9 4 3 1 18 47 7
32 8 10 35 47 33 47 36 30 4 24 3 23 27 12 16 45 35 43 42 28 25 6 14 9 14 15 23 30 11
45 9 28 7 32 1 16 38 44 42 1 34 40 50 14 7 2 21 15 9 49 41 24 16 2 47 33 23 7 21
18 33 25 18 11 47 9 50 44 44 43 12 26 40 18 10 19 48 38 46 19 36 45 46 25 42 11 8 29 41
0 7 11 15 10 12 8 10 10 10 13 10 7 5
7 0 9 9 5 10 8 10 13 15 18 14 12 10
11 9 0 11 12 17 16 17 20 18 18 13 12 14
15 9 11 0 8 13 15 16 20 22 25 21 19 18
10 5 12 8 0 7 8 9 13 17 21 18 15 13
12 10 17 13 7 0 7 6 11 17 24 21 18 15
8 8 16 15 8 7 0 3 7 12 18 16 13 10
10 10 17 16 9 6 3 0 7 12 20 18 15 11
10 13 20 20 13 11 7 7 0 9 17 16 14 10
10 15 18 22 17 17 12 12 9 0 10 11 9 6
13 18 18 25 21 24 18 20 17 10 0 7 8 10
10 14 13 21 18 21 16 18 16 11 7 0 4 8
7 12 12 19 15 18 13 15 14 9 8 4 0 6
5 10 14 18 13 15 10 11 10 6 10 8 6 0
