12
10
36 39 14 13 30 26 18 48 13 7
37 40 46 7 36 11 5 41 42 16
9 31 20 14 17 29 27 12 47 12
6 31 35 18 4 2 26 15 1 45
35 30 32 36 17 30 23 24 50 36
15 42 36 49 26 33 43 7 34 37
39 14 30 12 42 39 48 22 35 24
49 34 8 26 31 49 22 32 31 43
36 27 40 26 34 2 9 49 33 36
10 43 3 25 2 43 39 24 19 47
20 22 47 15 39 12 22 11 23 15
28 46 33 8 46 20 39 31 3 36
0 15 14 25 23 18 20 20 15 13 11 8 8 3
15 0 4 22 22 19 24 24 18 14 15 14 14 15
14 4 0 20 20 17 22 22 16 12 13 12 12 14
25 22 20 0 7 10 14 15 13 14 17 19 19 24
23 22 20 7 0 6 8 10 9 12 13 16 17 21
18 19 17 10 6 0 7 8 5 8 9 12 12 17
20 24 22 14 8 7 0 3 8 11 11 14 14 18
20 24 22 15 10 8 3 0 8 12 11 14 14 18
15 18 16 13 9 5 8 8 0 5 6 9 9 14
13 14 12 14 12 8 11 12 5 0 4 6 7 11
11 15 13 17 13 9 11 11 6 4 0 4 5 9
8 14 12 19 16 12 14 14 9 6 4 0 2 7
8 14 12 19 17 12 14 14 9 7 5 2 0 6
3 15 14 24 21 17 18 18 14 11 9 7 6 0
