12
10
15 40 50 44 15 40 17 38 21 49
8 38 22 14 1 7 36 43 46 20
48 26 10 26 37 13 20 5 14 25
36 11 41 25 38 27 49 23 14 20
43 10 6 1 18 5 43 13 28 15
46 47 48 13 42 13 21 25 28 15
26 2 20 23 16 41 42 12 21 13
12 28 20 48 21 6 35 44 14 3
5 1 18 48 26 15 40 28 47 47
48 25 17 1 28 38 50 36 41 1
13 44 5 18 21 1 35 45 11 13
39 10 23 21 20 15 28 15 37 35
0 6 6 18 12 15 18 11 9 7 11 11 9 6
6 0 2 14 12 16 20 12 11 11 15 16 13 10
6 2 0 14 12 16 20 12 11 11 15 16 14 10
18 14 14 0 10 15 18 13 15 19 24 25 24 22
12 12 12 10 0 7 11 5 7 11 16 18 17 16
15 16 16 15 7 0 6 6 8 12 15 18 17 18
18 20 20 18 11 6 0 10 11 14 16 19 19 20
11 12 12 13 5 6 10 0 4 8 13 15 14 14
9 11 11 15 7 8 11 4 0 6 11 13 12 11
7 11 11 19 11 12 14 8 6 0 6 8 7 8
11 15 15 24 16 15 16 13 11 6 0 5 5 9
11 16 16 25 18 18 19 15 13 8 5 0 4 8
9 13 14 24 17 17 19 14 12 7 5 4 0 6
6 10 10 22 16 18 20 14 11 8 9 8 6 0
