12
10
26 35 12 30 13 29 19 27 50 12
17 49 20 21 33 2 31 16 44 47
16 30 42 30 29 19 27 47 22 4
8 4 26 42 3 28 27 44 12 39
3 43 32 32 25 14 47 28 40 11
30 29 41 25 33 5 31 3 50 22
47 38 20 41 49 48 32 32 42 22
16 7 47 20 5 32 8 28 1 36
23 38 50 44 38 18 47 13 28 26
15 45 47 16 46 4 8 44 31 18
39 43 36 43 43 31 37 13 31 2
18 35 22 25 8 50 10 49 31 50
0 3 11 12 11 17 19 18 23 16 17 17 10 7
3 0 11 11 10 16 18 16 22 15 16 17 10 7
11 11 0 6 9 18 17 10 14 7 7 9 7 7
12 11 6 0 5 14 12 7 12 6 10 13 11 10
11 10 9 5 0 11 10 9 15 9 14 16 13 11
17 16 18 14 11 0 7 15 21 18 23 25 22 19
19 18 17 12 10 7 0 11 17 15 21 23 21 20
18 16 10 7 9 15 11 0 8 6 12 15 15 15
23 22 14 12 15 21 17 8 0 9 11 14 18 19
16 15 7 6 9 18 15 6 9 0 7 10 12 12
17 16 7 10 14 23 21 12 11 7 0 5 10 12
17 17 9 13 16 25 23 15 14 10 5 0 9 12
10 10 7 11 13 22 21 15 18 12 10 9 0 5
7 7 7 10 11 19 20 15 19 12 12 12 5 0
