12
10
26 30 32 11 19 20 50 13 22 16
13 39 2 28 9 11 25 4 14 36
2 48 45 29 3 43 42 31 26 49
49 43 15 31 26 39 3 48 23 39
35 3 15 26 35 46 3 30 41 37
24 45 22 2 28 9 47 50 38 5
6 24 33 7 13 18 2 28 32 50
44 47 47 20 4 43 2 24 14 5
36 23 43 23 42 32 15 18 49 32
1 4 21 10 17 49 29 5 33 1
49 22 5 14 15 10 8 8 39 13
45 36 13 31 6 24 8 22 17 11
0 5 9 15 14 19 15 12 17 23 17 14 11 6
5 0 9 13 14 19 15 14 20 25 20 17 15 9
9 9 0 7 6 12 8 10 16 21 16 15 17 9
15 13 7 0 4 8 8 14 19 23 20 19 23 14
14 14 6 4 0 7 5 11 17 21 18 17 21 13
19 19 12 8 7 0 6 14 18 20 19 19 25 17
15 15 8 8 5 6 0 9 14 17 15 15 20 13
12 14 10 14 11 14 9 0 8 13 8 7 13 8
17 20 16 19 17 18 14 8 0 7 4 6 15 13
23 25 21 23 21 20 17 13 7 0 9 11 20 19
17 20 16 20 18 19 15 8 4 9 0 4 13 12
14 17 15 19 17 19 15 7 6 11 4 0 10 10
11 15 17 23 21 25 20 13 15 20 13 10 0 10
6 9 9 14 13 17 13 8 13 19 12 10 10 0
