12
30
29 32 19 49 44 24 14 4 33 23 40 3 40 3 20 25 15 37 14 15 21 23 10 9 21 44 44 18 39 26
32 12 50 28 44 30 9 43 31 31 39 14 47 25 41 7 40 21 5 49 3 8 24 22 2 1 20 47 44 44
24 49 39 46 30 28 21 27 25 18 44 33 10 39 38 9 43 7 50 14 7 43 40 34 38 11 41 7 25 36
4 10 21 25 11 39 20 23 9 28 10 34 26 29 5 3 30 24 38 49 15 33 38 9 17 22 25 34 24 11
41 33 23 34 1 43 29 12 20 49 33 29 8 4 6 4 39 38 37 7 9 1 43 9 19 37 22 8 1 4
30 22 29 8 35 9 25 17 33 32 46 47 33 22 31 41 9 48 9 8 47 43 49 15 33 15 20 31 1 22
47 27 47 2 37 48 22 46 25 21 33 24 11 49 9 26 33 7 12 10 27 31 34 32 43 36 15 47 39 1
35 46 32 50 46 39 7 40 29 1 42 47 39 12 42 24 1 7 24 39 36 22 1 15 8 47 16 8 29 33
25 7 33 16 42 24 21 44 16 22 48 27 27 8 5 27 26 36 46 39 38 42 19 35 50 41 38 27 16 29
12 34 39 10 48 7 15 31 39 4 45 15 24 35 14 37 9 33 50 32 17 19 11 22 20 21 36 6 40 47
45 49 48 21 35 7 26 26 39 20 37 31 23 13 19 22 3 44 39 10 1 30 20 11 12 50 28 34 10 41
16 5 39 7 39 33 37 22 37 1 37 24 16 16 26 6 12 50 48 36 5 10 23 34 33 18 49 40 10 28
0 9 13 16 17 24 23 20 18 18 16 10 15 11
9 0 7 10 11 19 21 19 16 15 15 10 19 17
13 7 0 4 6 14 18 15 13 11 12 10 19 19
16 10 4 0 3 11 16 14 12 10 11 11 20 21
17 11 6 3 0 10 15 13 11 9 11 12 20 21
24 19 14 11 10 0 11 11 11 9 12 17 22 25
23 21 18 16 15 11 0 4 6 8 8 15 16 21
20 19 15 14 13 11 4 0 4 5 6 12 14 18
18 16 13 12 11 11 6 4 0 4 3 10 13 17
18 15 11 10 9 9 8 5 4 0 4 10 15 18
16 15 12 11 11 12 8 6 3 4 0 8 12 15
10 10 10 11 12 17 15 12 10 10 8 0 11 11
15 19 19 20 20 22 16 14 13 15 12 11 0 7
11 17 19 21 21 25 21 18 17 18 15 11 7 0
