12
20
43 33 34 2 46 49 46 50 27 36 35 22 10 30 19 20 25 9 10 14
6 32 13 16 43 48 7 42 22 28 44 31 29 22 36 24 33 18 46 6
1 15 27 4 30 41 22 38 48 37 21 41 23 36 41 33 7 46 35 2
6 38 35 5 33 29 27 27 17 26 2 45 10 19 12 1 1 24 34 41
13 30 14 11 21 22 33 20 16 5 6 46 3 32 9 14 12 4 8 5
25 5 2 37 44 48 46 41 3 35 30 42 15 11 20 39 34 17 4 13
3 5 34 44 29 16 6 4 3 43 26 41 17 31 28 8 46 19 4 43
48 48 3 36 20 8 40 34 2 32 49 2 38 47 12 12 34 27 30 6
5 35 12 50 43 31 41 21 4 14 14 47 15 45 23 15 41 13 35 20
31 14 49 48 29 33 1 22 4 35 11 13 5 46 48 38 19 9 42 1
15 28 35 39 24 21 30 49 24 17 43 20 7 50 47 34 39 8 15 45
43 21 41 36 3 26 49 9 45 20 38 45 18 10 31 5 31 14 49 8
0 6 15 23 19 21 15 20 18 17 13 11 12 7
6 0 13 19 15 16 11 16 15 14 11 10 11 8
15 13 0 19 18 21 20 25 25 25 22 22 23 19
23 19 19 0 6 8 14 16 18 21 21 23 24 23
19 15 18 6 0 5 10 12 14 16 16 18 19 19
21 16 21 8 5 0 9 9 11 15 15 18 19 19
15 11 20 14 10 9 0 7 7 9 8 10 12 13
20 16 25 16 12 9 7 0 4 8 10 13 14 16
18 15 25 18 14 11 7 4 0 6 8 11 11 14
17 14 25 21 16 15 9 8 6 0 5 8 8 12
13 11 22 21 16 15 8 10 8 5 0 4 5 8
11 10 22 23 18 18 10 13 11 8 4 0 3 6
12 11 23 24 19 19 12 14 11 8 5 3 0 6
7 8 19 23 19 19 13 16 14 12 8 6 6 0
