12
10
34 47 3 22 26 6 42 47 47 17
10 20 25 6 22 48 30 47 31 12
2 27 43 9 49 20 43 44 21 2
12 27 31 26 33 14 36 37 50 29
41 9 8 27 20 19 14 5 7 20
17 49 17 30 9 26 12 39 23 8
43 6 11 8 32 8 2 10 49 50
3 35 18 22 30 46 32 31 15 25
24 16 46 33 19 20 27 3 37 41
25 16 27 47 13 35 8 12 42 35
26 36 8 25 25 35 25 49 25 7
25 45 22 6 20 21 49 32 32 45
0 5 12 15 17 18 22 22 20 18 21 11 5 2
5 0 9 13 15 16 20 20 19 18 22 14 9 6
12 9 0 10 10 10 15 15 16 16 23 20 15 12
15 13 10 0 4 6 9 9 8 8 16 19 16 15
17 15 10 4 0 3 7 7 7 10 18 21 19 17
18 16 10 6 3 0 6 7 8 11 19 23 20 18
22 20 15 9 7 6 0 3 7 11 19 25 23 22
22 20 15 9 7 7 3 0 6 10 18 25 23 22
20 19 16 8 7 8 7 6 0 6 13 22 21 20
18 18 16 8 10 11 11 10 6 0 10 18 18 18
21 22 23 16 18 19 19 18 13 10 0 17 20 21
11 14 20 19 21 23 25 25 22 18 17 0 7 10
5 9 15 16 19 20 23 23 21 18 20 7 0 5
2 6 12 15 17 18 22 22 20 18 21 10 5 0
