12
20
40 8 18 41 14 15 43 26 15 40 1 20 31 1 33 1 2 46 21 3
50 40 6 13 44 47 31 42 24 32 28 44 38 28 45 48 48 16 13 20
36 40 26 21 7 24 35 29 1 31 13 50 7 23 1 6 5 12 47 42
7 33 48 14 6 48 35 16 49 49 3 26 15 7 45 31 2 30 40 9
31 20 8 18 35 12 45 19 20 36 37 50 1 32 7 27 41 25 28 1
17 41 4 29 50 31 39 22 39 47 47 1 49 38 20 24 36 46 29 22
16 15 18 47 26 19 16 10 49 28 4 44 41 1 19 37 4 37 50 8
4 11 8 31 31 26 31 26 18 10 6 16 3 37 43 4 36 3 44 20
19 38 25 25 17 32 29 19 22 6 48 49 50 1 23 42 22 32 27 31
14 17 40 22 35 13 45 23 42 16 12 33 6 36 44 4 50 48 18 19
33 31 7 6 17 4 2 35 19 18 8 30 38 17 24 22 2 40 36 35
28 43 4 9 40 35 46 32 29 2 40 28 46 6 3 10 27 1 37 8
0 8 16 16 22 20 16 17 15 8 7 6 4 3
8 0 12 18 25 24 21 21 21 12 12 12 9 9
16 12 0 16 23 23 22 23 25 16 17 21 18 17
16 18 16 0 8 9 9 10 15 10 12 17 17 16
22 25 23 8 0 5 9 10 15 15 17 21 22 21
20 24 23 9 5 0 6 7 12 13 15 19 20 19
16 21 22 9 9 6 0 3 7 10 11 15 16 15
17 21 23 10 10 7 3 0 7 11 12 15 17 16
15 21 25 15 15 12 7 7 0 11 11 12 14 14
8 12 16 10 15 13 10 11 11 0 3 9 9 7
7 12 17 12 17 15 11 12 11 3 0 7 7 6
6 12 21 17 21 19 15 15 12 9 7 0 5 5
4 9 18 17 22 20 16 17 14 9 7 5 0 3
3 9 17 16 21 19 15 16 14 7 6 5 3 0
