12
10
41 47 19 29 48 6 32 36 38 9
17 37 3 18 19 3 18 22 8 33
30 4 41 47 11 47 37 41 47 49
13 10 32 13 32 18 49 10 39 27
8 15 25 46 46 12 49 34 9 36
39 15 2 5 3 16 10 2 7 24
39 30 8 42 17 23 8 20 37 44
34 43 18 33 8 1 27 10 45 28
36 18 40 39 49 20 34 30 38 9
38 28 9 25 50 6 47 43 48 29
32 9 47 26 19 2 16 40 5 23
5 21 45 32 23 38 41 6 37 21
0 6 5 11 12 12 16 17 19 18 10 12 10 6
6 0 5 11 12 9 13 13 15 15 7 11 9 5
5 5 0 8 9 9 13 14 18 18 10 14 12 8
11 11 8 0 2 10 15 15 23 25 17 21 19 15
12 12 9 2 0 10 15 16 23 25 17 21 20 16
12 9 9 10 10 0 7 7 15 18 11 17 16 13
16 13 13 15 15 7 0 2 11 17 12 19 18 16
17 13 14 15 16 7 2 0 11 17 12 19 18 16
19 15 18 23 23 15 11 11 0 9 11 15 15 17
18 15 18 25 25 18 17 17 9 0 10 10 11 14
10 7 10 17 17 11 12 12 11 10 0 8 7 7
12 11 14 21 21 17 19 19 15 10 8 0 3 8
10 9 12 19 20 16 18 18 15 11 7 3 0 6
6 5 8 15 16 13 16 16 17 14 7 8 6 0
