12
30
35 37 19 50 22 26 27 6 35 11 15 37 43 17 6 34 22 26 46 10 24 19 42 50 13 4 5 16 35 29
32 24 41 47 24 18 10 29 39 28 1 30 43 36 42 14 9 31 7 45 50 15 47 25 36 37 13 12 31 16
12 36 34 33 21 18 31 48 46 42 17 10 10 41 26 43 34 1 29 15 24 8 7 48 9 49 42 1 11 50
50 50 38 18 44 14 19 11 20 40 34 32 34 41 34 6 47 47 21 48 42 29 20 15 45 47 10 24 23 16
42 17 41 44 21 14 37 36 21 29 27 8 25 14 8 25 21 26 17 1 47 43 49 36 7 2 34 45 24 20
46 2 12 27 6 28 49 6 23 42 7 47 46 45 6 23 22 23 4 18 5 7 21 13 31 12 38 22 43 13
29 32 17 7 18 48 12 31 50 26 8 22 2 45 30 14 27 30 9 22 19 20 30 6 25 50 9 47 39 30
17 23 40 32 36 21 48 13 19 31 7 5 23 8 5 15 23 42 44 5 40 31 4 26 38 33 3 9 43 38
21 43 14 9 31 2 13 47 5 3 17 48 34 7 17 41 23 46 30 11 21 45 47 19 4 32 2 13 5 43
11 50 14 31 25 11 40 44 36 40 8 18 41 34 4 25 43 12 14 17 42 3 43 14 23 33 20 2 28 39
29 25 9 17 14 38 16 6 11 20 29 30 15 30 28 28 10 34 8 6 12 9 7 34 8 47 42 14 42 10
9 6 26 34 46 18 27 33 33 2 47 30 17 24 16 1 27 28 33 3 20 18 17 28 37 29 28 46 42 11
0 9 8 8 9 15 24 24 22 19 14 10 8 4
9 0 4 6 4 9 19 18 15 13 10 6 8 9
8 4 0 3 3 9 18 18 16 15 12 8 9 9
8 6 3 0 3 8 18 18 15 17 14 10 11 10
9 4 3 3 0 7 17 17 14 15 13 9 10 10
15 9 9 8 7 0 11 11 9 16 16 13 16 16
24 19 18 18 17 11 0 4 6 20 24 22 25 25
24 18 18 18 17 11 4 0 4 18 22 21 24 25
22 15 16 15 14 9 6 4 0 16 20 18 21 22
19 13 15 17 15 16 20 18 16 0 9 11 14 18
14 10 12 14 13 16 24 22 20 9 0 6 7 12
10 6 8 10 9 13 22 21 18 11 6 0 5 9
8 8 9 11 10 16 25 24 21 14 7 5 0 6
4 9 9 10 10 16 25 25 22 18 12 9 6 0
