12
30
38 18 35 47 28 42 37 19 42 5 15 14 35 16 2 1 35 50 31 21 43 12 14 13 19 26 2 34 25 40
20 10 40 30 25 7 15 16 34 12 45 29 30 45 39 2 3 5 2 36 39 27 23 42 25 17 1 24 4 37
9 33 3 41 44 17 7 33 3 19 16 14 12 28 41 49 23 50 39 21 2 43 31 39 19 31 43 6 29 47
44 19 46 24 2 22 32 24 17 12 43 16 23 26 48 37 38 6 31 4 9 50 45 8 48 50 47 36 28 48
17 9 45 31 49 30 18 10 41 8 8 33 48 43 50 16 45 47 45 46 7 48 7 32 47 3 26 35 19 45
37 27 38 44 42 50 14 27 25 10 17 18 9 26 14 48 18 6 36 33 20 40 11 15 12 16 6 43 11 34
42 49 31 12 40 40 33 14 26 37 32 3 15 29 25 16 16 9 17 17 33 20 1 45 40 31 35 37 44 25
21 42 25 50 39 9 7 37 46 24 20 39 17 47 11 3 28 50 19 26 47 47 22 28 44 27 22 15 31 32
33 29 44 1 7 13 43 43 43 1 37 21 38 24 13 29 19 21 33 9 23 13 38 19 14 34 5 23 41 15
11 40 36 41 23 45 49 5 24 15 25 27 49 11 15 40 2 35 7 33 11 8 39 22 7 31 11 38 1 16
30 48 25 33 2 28 48 27 42 31 22 27 3 28 29 8 24 18 4 23 22 35 9 20 34 50 41 5 4 39
30 2 37 14 32 22 32 29 20 17 15 12 9 8 32 7 29 21 47 11 29 28 43 5 40 30 19 16 25 21
0 8 7 10 14 15 16 15 19 15 6 5 6 7
8 0 9 10 14 16 19 20 25 22 13 12 12 11
7 9 0 4 9 10 11 12 18 18 8 8 11 12
10 10 4 0 6 7 11 13 19 21 11 10 14 15
14 14 9 6 0 4 11 14 21 24 15 14 18 19
15 16 10 7 4 0 8 12 19 24 15 15 19 20
16 19 11 11 11 8 0 5 13 20 14 13 19 20
15 20 12 13 14 12 5 0 9 17 13 12 17 20
19 25 18 19 21 19 13 9 0 14 16 15 20 22
15 22 18 21 24 24 20 17 14 0 12 12 12 14
6 13 8 11 15 15 14 13 16 12 0 2 6 8
5 12 8 10 14 15 13 12 15 12 2 0 7 9
6 12 11 14 18 19 19 17 20 12 6 7 0 4
7 11 12 15 19 20 20 20 22 14 8 9 4 0
