12
30
27 44 26 16 40 15 30 35 1 12 7 1 31 12 8 25 27 41 23 36 8 16 3 50 21 21 20 37 31 19
2 49 19 18 14 12 26 7 38 21 4 12 43 28 42 43 22 6 20 8 2 33 18 44 39 40 45 45 37 34
45 21 3 26 8 15 49 15 2 45 41 21 36 32 29 13 2 50 46 7 7 20 44 34 26 2 46 48 24 17
1 43 1 25 13 29 38 14 16 47 36 17 32 37 40 40 22 12 34 28 10 3 46 43 28 1 1 30 48 32
12 15 14 6 47 10 36 34 47 13 27 19 29 41 33 45 6 15 16 3 35 22 8 18 29 44 21 24 12 15
42 41 48 2 50 29 13 30 11 44 8 20 9 13 47 7 48 3 35 16 47 35 49 22 13 28 34 48 22 7
23 40 14 15 17 9 12 12 22 15 31 16 49 31 15 16 42 4 47 19 49 23 23 22 4 33 14 33 24 10
12 2 33 9 8 40 21 35 32 23 43 44 5 38 18 2 47 20 37 50 2 31 35 38 7 11 21 30 5 8
8 27 11 44 47 13 28 11 16 40 17 47 18 28 23 38 40 26 41 32 33 31 27 30 8 32 27 29 40 1
18 29 26 9 12 9 13 41 29 12 38 13 49 5 39 4 3 22 18 29 42 28 37 21 46 5 43 11 27 41
39 18 24 32 45 49 25 19 41 26 42 34 10 10 43 27 1 46 13 14 44 27 39 40 34 39 14 44 14 2
30 26 14 11 4 2 37 1 14 1 15 4 6 19 9 28 48 14 17 30 13 16 43 39 6 32 6 35 34 24
0 3 4 5 7 7 8 10 17 17 24 20 9 6
3 0 3 5 7 5 7 8 15 16 23 20 10 7
4 3 0 4 6 4 6 7 14 15 22 20 10 7
5 5 4 0 3 4 6 8 15 14 21 17 9 6
7 7 6 3 0 5 6 8 15 13 19 15 9 7
7 5 4 4 5 0 3 5 12 12 19 18 11 8
8 7 6 6 6 3 0 3 11 11 18 19 13 10
10 8 7 8 8 5 3 0 9 11 17 20 15 12
17 15 14 15 15 12 11 9 0 9 13 24 22 19
17 16 15 14 13 12 11 11 9 0 8 18 19 18
24 23 22 21 19 19 18 17 13 8 0 21 25 24
20 20 20 17 15 18 19 20 24 18 21 0 15 17
9 10 10 9 9 11 13 15 22 19 25 15 0 5
6 7 7 6 7 8 10 12 19 18 24 17 5 0
