12
20
43 32 38 4 31 29 50 33 21 46 3 32 14 40 14 4 35 10 36 23
28 12 23 20 21 23 3 11 11 30 37 15 48 7 46 1 45 33 12 46
15 10 39 10 5 35 42 34 16 39 18 28 39 50 44 43 21 19 17 1
41 38 31 48 40 27 47 28 40 27 39 10 2 34 3 33 20 26 22 43
28 43 37 36 29 26 5 33 33 31 2 48 24 41 22 19 24 35 33 32
14 3 32 20 29 36 3 5 25 6 2 11 28 32 4 19 3 32 48 16
8 49 39 18 6 24 41 15 27 2 23 20 38 50 1 5 34 18 21 37
30 45 27 50 1 28 9 45 41 39 31 12 18 8 25 39 36 3 36 29
22 45 28 29 50 27 35 15 50 42 47 28 25 43 12 13 34 3 8 12
16 37 3 24 29 31 37 37 23 10 26 27 5 22 13 44 35 6 41 15
3 36 44 36 30 42 24 1 44 38 22 14 38 46 6 21 47 42 48 30
4 37 32 4 20 8 42 45 17 11 49 31 23 26 9 47 23 44 6 41
0 7 12 8 10 11 16 17 22 24 25 20 13 10
7 0 9 9 12 14 16 15 20 20 20 15 8 7
12 9 0 9 10 13 12 9 13 14 15 13 11 13
8 9 9 0 4 7 10 11 17 21 22 20 15 14
10 12 10 4 0 4 8 9 15 22 23 21 17 17
11 14 13 7 4 0 9 12 17 25 25 24 20 18
16 16 12 10 8 9 0 5 10 20 21 22 21 21
17 15 9 11 9 12 5 0 7 16 17 19 18 20
22 20 13 17 15 17 10 7 0 14 15 20 22 25
24 20 14 21 22 25 20 16 14 0 3 10 18 22
25 20 15 22 23 25 21 17 15 3 0 10 18 22
20 15 13 20 21 24 22 19 20 10 10 0 10 15
13 8 11 15 17 20 21 18 22 18 18 10 0 6
10 7 13 14 17 18 21 20 25 22 22 15 6 0
