12
10
20 31 41 32 10 24 40 6 17 48
42 41 32 12 43 16 27 38 1 2
26 50 39 39 6 45 47 29 34 27
25 21 23 19 20 44 5 10 36 3
50 44 1 34 3 48 11 38 21 12
49 31 39 48 13 19 14 16 13 41
1 20 16 7 20 8 17 18 28 40
2 35 5 29 32 49 40 21 19 35
49 23 29 9 39 42 6 6 33 44
19 46 32 36 38 35 47 29 33 39
44 33 40 34 50 30 21 48 23 23
37 4 41 21 32 42 5 13 45 28
0 4 14 14 15 13 8 11 16 17 10 8 6 11
4 0 11 12 13 11 7 11 16 18 11 9 7 13
14 11 0 7 11 10 12 17 20 25 21 19 16 22
14 12 7 0 5 4 9 13 15 22 19 17 15 24
15 13 11 5 0 4 9 11 13 20 19 17 15 25
13 11 10 4 4 0 7 10 13 19 17 15 13 23
8 7 12 9 9 7 0 7 11 15 12 10 8 18
11 11 17 13 11 10 7 0 6 11 10 9 9 19
16 16 20 15 13 13 11 6 0 9 13 12 13 23
17 18 25 22 20 19 15 11 9 0 10 11 13 21
10 11 21 19 19 17 12 10 13 10 0 4 6 12
8 9 19 17 17 15 10 9 12 11 4 0 4 12
6 7 16 15 15 13 8 9 13 13 6 4 0 12
11 13 22 24 25 23 18 19 23 21 12 12 12 0
