12
20
37 40 19 23 37 11 7 47 32 32 43 27 10 32 20 18 3 24 25 1
11 39 45 37 36 13 8 4 11 17 18 28 46 42 32 14 15 12 5 30
23 41 4 4 46 42 46 34 19 16 33 15 1 49 11 44 25 48 46 35
37 12 27 36 41 35 26 21 28 23 47 36 45 6 35 17 18 12 40 44
8 38 8 27 9 5 28 6 4 24 43 36 33 35 8 43 45 32 20 50
27 46 21 31 24 16 31 33 1 26 44 3 45 24 29 7 47 44 43 47
34 49 23 37 24 11 1 34 26 23 44 12 46 11 14 47 34 2 3 34
14 35 43 15 43 1 12 29 49 38 19 6 17 22 46 30 7 37 25 19
23 9 2 42 32 26 27 36 25 11 13 32 10 34 5 27 48 5 37 10
2 19 30 42 14 41 48 9 35 37 13 37 12 45 18 7 44 48 21 50
44 16 5 13 37 37 40 20 27 17 39 27 48 27 36 7 35 15 2 40
27 15 44 12 38 38 8 39 2 9 46 42 45 35 22 33 10 12 5 25
0 7 13 13 13 16 19 22 19 17 13 14 9 5
7 0 11 9 8 11 14 17 14 12 9 11 9 10
13 11 0 7 8 12 15 21 17 15 15 20 19 16
13 9 7 0 3 6 9 15 12 10 10 16 16 16
13 8 8 3 0 6 9 14 11 9 9 15 15 16
16 11 12 6 6 0 5 10 8 6 9 15 17 20
19 14 15 9 9 5 0 8 6 6 10 16 19 23
22 17 21 15 14 10 8 0 5 7 10 15 19 25
19 14 17 12 11 8 6 5 0 4 8 13 17 23
17 12 15 10 9 6 6 7 4 0 6 12 15 20
13 9 15 10 9 9 10 10 8 6 0 8 11 17
14 11 20 16 15 15 16 15 13 12 8 0 7 16
9 9 19 16 15 17 19 19 17 15 11 7 0 11
5 10 16 16 16 20 23 25 23 20 17 16 11 0
