12
20
13 83 92 57 14 77 63 49 50 77 66 10 100 100 50 7 54 74 89 81
97 14 95 24 7 12 21 90 98 25 29 59 7 26 21 77 10 44 46 14
17 16 63 5 68 9 96 25 93 95 5 87 28 55 36 24 75 99 17 34
68 28 39 96 15 42 60 80 54 61 49 31 34 1 10 98 51 19 15 15
92 82 73 61 77 71 77 13 22 13 71 91 84 43 13 96 100 41 17 96
43 18 51 22 3 44 38 5 67 47 25 59 23 43 77 33 52 44 97 49
26 46 32 12 79 32 62 24 73 67 16 71 55 11 24 20 44 33 93 16
4 59 23 57 16 24 93 2 37 17 14 91 83 81 91 36 64 42 42 96
10 35 33 13 79 76 6 76 68 7 14 75 96 36 95 63 77 86 98 4
87 20 11 69 92 41 52 55 74 91 56 66 38 99 67 84 92 64 62 5
56 92 94 14 83 99 4 51 15 24 43 25 33 86 89 80 88 74 46 79
33 57 33 87 55 62 10 79 25 9 55 52 8 3 91 100 34 12 67 32
0 30 41 43 50 39 29 28 34 37 33 32 25 10
30 0 23 28 37 33 25 28 34 43 45 44 41 32
41 23 0 7 15 17 17 21 22 32 38 37 38 37
43 28 7 0 11 13 16 19 19 28 35 34 37 38
50 37 15 11 0 16 23 25 22 30 37 37 41 45
39 33 17 13 16 0 11 12 8 17 24 23 27 32
29 25 17 16 23 11 0 5 10 19 24 22 23 23
28 28 21 19 25 12 5 0 8 16 20 18 19 21
34 34 22 19 22 8 10 8 0 11 18 17 20 27
37 43 32 28 30 17 19 16 11 0 10 10 16 28
33 45 38 35 37 24 24 20 18 10 0 3 10 24
32 44 37 34 37 23 22 18 17 10 3 0 9 23
25 41 38 37 41 27 23 19 20 16 10 9 0 16
10 32 37 38 45 32 23 21 27 28 24 23 16 0
