12
30
8 58 97 66 55 37 88 34 59 2 98 65 92 51 82 25 84 24 89 68 13 40 12 70 93 11 94 87 75 94
28 6 83 11 36 81 66 6 92 84 13 47 11 65 60 69 43 23 99 29 46 67 40 56 32 30 22 11 62 57
1 39 57 7 42 34 67 39 39 5 39 47 8 53 55 24 77 39 88 11 49 76 4 65 27 74 68 99 91 14
7 24 99 14 33 38 58 32 27 76 54 23 26 34 17 72 68 100 53 68 23 56 3 21 27 92 61 3 80 89
69 62 65 88 19 92 16 97 16 38 17 67 13 49 23 87 76 72 8 9 66 4 21 14 82 34 13 33 11 8
96 99 69 75 16 8 84 57 71 47 93 15 10 71 59 89 3 34 42 54 33 1 78 10 90 78 97 32 48 16
42 36 49 25 100 71 13 25 83 81 52 92 83 62 7 72 76 72 69 61 82 77 11 66 57 28 52 25 4 91
71 17 56 12 68 34 54 62 92 94 38 43 53 12 3 97 1 21 32 56 39 34 53 35 75 11 69 58 41 2
67 47 60 56 16 4 93 53 45 39 22 30 46 5 54 92 91 66 62 50 44 12 95 80 87 28 51 65 39 15
22 70 35 8 81 88 82 53 57 45 18 39 6 32 67 89 14 86 94 7 96 5 90 42 88 47 11 46 6 89
90 96 66 99 22 49 2 3 65 44 93 14 43 30 84 82 19 18 56 78 19 47 31 9 10 53 56 85 72 11
43 32 37 17 45 8 95 28 69 30 11 51 10 29 32 97 19 99 65 22 92 12 57 3 82 5 73 61 31 67
0 15 16 26 36 45 42 49 50 31 30 26 22 27
15 0 4 13 25 34 34 41 45 24 24 20 25 34
16 4 0 11 22 32 31 38 43 21 22 18 24 34
26 13 11 0 18 26 29 37 43 21 24 21 31 43
36 25 22 18 0 11 14 21 29 11 16 16 30 43
45 34 32 26 11 0 12 17 26 18 22 23 38 50
42 34 31 29 14 12 0 9 17 12 15 18 30 42
49 41 38 37 21 17 9 0 11 19 20 24 34 45
50 45 43 43 29 26 17 11 0 23 23 27 33 41
31 24 21 21 11 18 12 19 23 0 6 7 21 33
30 24 22 24 16 22 15 20 23 6 0 6 17 29
26 20 18 21 16 23 18 24 27 7 6 0 16 29
22 25 24 31 30 38 30 34 33 21 17 16 0 14
27 34 34 43 43 50 42 45 41 33 29 29 14 0
