12
10
10 82 66 85 34 6 60 100 85 34
25 70 83 59 68 60 21 38 68 90
57 50 53 80 60 77 95 50 50 6
92 25 64 46 72 25 98 26 23 15
91 25 96 35 50 85 24 17 62 65
9 61 44 64 72 8 18 15 96 23
9 91 94 67 48 1 39 58 83 70
78 74 49 31 38 20 2 80 27 63
44 48 54 11 58 33 39 76 7 45
62 1 24 28 61 64 82 63 79 98
85 95 22 23 26 73 49 47 40 82
89 67 5 36 76 43 75 92 44 8
0 7 17 24 17 14 16 21 27 24 30 16 10 13
7 0 12 19 13 14 17 20 27 26 35 21 16 18
17 12 0 9 9 18 21 21 28 30 45 30 26 28
24 19 9 0 11 22 25 22 30 34 50 36 32 35
17 13 9 11 0 12 15 14 21 24 41 26 24 28
14 14 18 22 12 0 5 8 14 14 32 17 18 24
16 17 21 25 15 5 0 9 13 11 29 15 17 24
21 20 21 22 14 8 9 0 9 14 36 22 24 30
27 27 28 30 21 14 13 9 0 10 35 24 28 34
24 26 30 34 24 14 11 14 10 0 26 16 22 29
30 35 45 50 41 32 29 36 35 26 0 16 21 23
16 21 30 36 26 17 15 22 24 16 16 0 9 15
10 16 26 32 24 18 17 24 28 22 21 9 0 8
13 18 28 35 28 24 24 30 34 29 23 15 8 0
