12
20
75 36 94 60 82 20 38 7 13 80 38 91 13 98 1 47 70 78 22 56
33 61 65 62 7 30 14 79 28 16 46 39 46 16 60 85 25 39 90 78
63 33 25 8 5 8 87 54 53 31 49 59 54 93 58 4 34 54 45 34
24 58 19 70 65 77 80 45 100 44 93 99 36 40 17 29 25 32 77 1
74 43 66 13 86 30 75 38 60 87 90 38 49 79 74 59 13 13 54 39
13 61 27 85 71 63 22 96 13 64 91 21 82 58 58 43 12 93 34 5
40 42 8 4 97 59 15 31 46 70 60 42 79 98 64 48 64 22 36 8
86 55 90 19 62 4 72 37 46 45 60 32 82 88 65 97 68 98 97 32
76 66 17 51 55 18 30 96 74 28 84 49 73 54 78 96 2 44 61 82
2 100 62 47 34 23 10 98 59 55 19 74 20 23 4 30 43 81 41 10
39 58 57 61 29 16 1 68 50 49 54 12 46 9 76 42 15 19 73 93
24 19 56 28 53 67 27 94 5 46 46 66 14 3 34 28 72 73 39 75
0 13 13 13 32 37 37 43 45 27 31 31 24 21
13 0 2 2 23 27 26 32 35 18 25 28 24 25
13 2 0 2 22 27 25 32 35 18 26 28 24 26
13 2 2 0 22 27 25 31 35 17 25 27 24 26
32 23 22 22 0 7 16 27 37 26 40 43 43 46
37 27 27 27 7 0 13 24 35 27 42 45 46 50
37 26 25 25 16 13 0 12 23 18 32 36 39 45
43 32 32 31 27 24 12 0 13 19 29 34 38 47
45 35 35 35 37 35 23 13 0 19 24 27 34 44
27 18 18 17 26 27 18 19 19 0 16 20 22 30
31 25 26 25 40 42 32 29 24 16 0 6 13 23
31 28 28 27 43 45 36 34 27 20 6 0 10 21
24 24 24 24 43 46 39 38 34 22 13 10 0 12
21 25 26 26 46 50 45 47 44 30 23 21 12 0
