12
10
67 32 99 60 80 5 24 95 63 100
48 19 4 26 87 41 68 59 49 60
50 82 44 17 23 29 44 55 44 50
12 18 48 67 97 18 26 100 27 57
45 64 95 4 40 100 4 23 75 62
24 83 31 83 37 95 30 99 38 76
8 93 87 15 47 77 25 17 13 98
44 3 85 58 52 71 41 2 51 51
68 86 79 56 52 95 51 48 14 76
70 72 6 57 17 94 73 61 57 99
4 74 35 26 51 14 97 33 71 91
13 17 96 10 44 78 9 1 43 64
0 10 31 33 33 35 43 40 41 34 27 27 19 18
10 0 28 29 29 29 38 36 41 41 32 32 24 20
31 28 0 5 6 15 14 10 16 38 28 27 26 19
33 29 5 0 2 11 12 9 18 42 32 31 30 22
33 29 6 2 0 10 12 9 19 43 33 31 30 22
35 29 15 11 10 0 14 15 27 50 40 39 36 29
43 38 14 12 12 14 0 7 19 50 40 39 39 32
40 36 10 9 9 15 7 0 14 45 35 34 34 27
41 41 16 18 19 27 19 14 0 36 28 27 30 26
34 41 38 42 43 50 50 45 36 0 12 13 18 25
27 32 28 32 33 40 40 35 28 12 0 3 9 15
27 32 27 31 31 39 39 34 27 13 3 0 9 14
19 24 26 30 30 36 39 34 30 18 9 9 0 9
18 20 19 22 22 29 32 27 26 25 15 14 9 0
