12
10
16 38 90 40 2 97 70 31 12 83
92 100 30 50 54 45 49 20 80 46
67 59 96 85 39 12 54 51 21 45
64 35 45 9 70 10 36 83 13 85
65 43 71 51 68 30 45 100 79 82
94 61 1 24 46 82 48 66 76 58
50 65 97 71 69 26 50 50 89 38
95 50 40 83 49 53 47 79 42 47
92 65 40 63 86 35 81 32 62 97
46 34 72 1 16 71 82 17 93 56
29 88 8 4 32 71 88 58 11 25
67 17 14 95 35 98 18 42 53 35
0 8 18 21 22 39 39 39 39 40 40 31 14 9
8 0 12 16 19 34 35 36 37 39 39 32 20 15
18 12 0 5 27 38 41 43 46 47 47 42 30 24
21 16 5 0 30 40 43 46 48 50 50 45 33 27
22 19 27 30 0 20 19 19 20 22 22 18 26 26
39 34 38 40 20 0 8 14 20 21 23 29 44 44
39 35 41 43 19 8 0 8 14 15 17 24 42 43
39 36 43 46 19 14 8 0 7 9 11 19 40 42
39 37 46 48 20 20 14 7 0 3 5 15 38 41
40 39 47 50 22 21 15 9 3 0 4 15 39 42
40 39 47 50 22 23 17 11 5 4 0 14 38 41
31 32 42 45 18 29 24 19 15 15 14 0 27 31
14 20 30 33 26 44 42 40 38 39 38 27 0 8
9 15 24 27 26 44 43 42 41 42 41 31 8 0
