12
20
31 100 80 92 20 60 72 18 5 66 34 24 2 95 21 3 28 78 98 44
46 70 97 3 50 22 38 44 93 36 60 42 50 42 100 73 54 75 36 9
51 75 13 31 12 71 54 28 3 97 82 12 66 74 24 64 7 92 57 57
25 100 97 39 6 3 16 64 16 63 44 49 93 48 52 89 76 18 84 53
44 43 84 78 37 82 93 2 80 65 25 36 5 66 60 11 24 65 71 74
4 36 94 55 54 69 70 4 57 92 49 43 81 50 61 67 100 84 56 93
80 89 70 74 5 87 16 75 14 27 31 47 10 63 2 85 25 89 99 99
44 57 67 16 86 38 28 13 1 20 66 97 76 75 65 2 77 84 58 15
61 3 31 34 1 83 75 28 44 33 3 46 3 45 80 63 9 84 90 76
7 15 51 32 3 40 25 83 13 28 9 8 67 100 82 68 48 75 70 45
52 3 31 5 54 45 23 13 61 5 61 90 83 55 61 74 33 21 2 84
63 59 15 81 59 35 54 97 19 88 24 94 25 66 77 31 35 78 33 3
0 11 24 34 29 18 15 27 39 43 44 42 28 10
11 0 17 28 24 16 17 31 39 47 49 47 37 18
24 17 0 14 11 14 19 30 31 44 47 46 46 27
34 28 14 0 7 19 24 29 24 40 44 42 50 35
29 24 11 7 0 14 19 25 23 37 41 39 45 29
18 16 14 19 14 0 7 18 24 34 36 34 34 17
15 17 19 24 19 7 0 15 26 32 33 31 28 12
27 31 30 29 25 18 15 0 18 18 20 18 26 21
39 39 31 24 23 24 26 18 0 19 24 23 42 35
43 47 44 40 37 34 32 18 19 0 7 7 34 36
44 49 47 44 41 36 33 20 24 7 0 3 31 36
42 47 46 42 39 34 31 18 23 7 3 0 30 34
28 37 46 50 45 34 28 26 42 34 31 30 0 21
10 18 27 35 29 17 12 21 35 36 36 34 21 0
