12
20
61 4 82 37 18 50 17 73 46 49 62 63 21 26 90 93 48 75 76 54
77 42 84 25 75 49 51 53 87 17 22 78 32 41 81 69 47 5 73 100
52 84 91 61 51 55 76 100 13 31 98 25 27 39 4 71 77 3 46 93
46 32 22 53 35 48 19 19 29 42 28 61 26 86 16 10 52 96 40 61
28 11 90 39 38 40 24 74 69 61 97 65 57 73 55 97 50 91 37 90
18 72 15 52 68 54 53 62 49 7 5 28 96 61 66 67 11 78 74 60
40 82 70 1 5 57 65 31 32 26 5 9 53 3 74 54 91 12 99 25
46 95 46 34 74 57 19 54 70 97 18 57 64 63 36 92 67 17 3 61
31 88 95 59 10 54 94 28 9 80 61 98 50 39 54 32 29 50 65 99
35 37 40 9 23 76 34 40 89 51 84 88 68 46 53 15 51 31 26 16
94 76 78 88 98 99 49 32 25 40 62 1 3 90 7 96 87 92 98 41
15 89 18 22 91 88 17 72 67 38 35 55 40 32 43 92 53 27 33 46
0 8 19 23 30 33 30 28 45 46 37 41 30 19
8 0 19 23 33 36 35 33 49 50 43 47 37 25
19 19 0 5 17 21 23 22 36 37 32 38 43 26
23 23 5 0 16 20 23 23 35 36 33 39 46 29
30 33 17 16 0 6 11 13 20 22 20 27 44 27
33 36 21 20 6 0 8 10 16 18 16 23 44 27
30 35 23 23 11 8 0 4 16 17 11 18 38 21
28 33 22 23 13 10 4 0 18 19 12 17 35 19
45 49 36 35 20 16 16 18 0 4 13 17 48 34
46 50 37 36 22 18 17 19 4 0 12 16 47 35
37 43 32 33 20 16 11 12 13 12 0 8 37 24
41 47 38 39 27 23 18 17 17 16 8 0 35 26
30 37 43 46 44 44 38 35 48 47 37 35 0 19
19 25 26 29 27 27 21 19 34 35 24 26 19 0
