12
20
22 87 71 41 46 31 78 100 98 94 75 85 55 49 80 70 9 50 82 31
66 76 2 53 42 30 5 26 15 62 55 83 19 28 88 2 92 79 73 76
40 35 7 67 34 58 38 64 57 90 70 14 15 34 36 49 50 90 20 6
77 32 37 73 12 79 47 51 72 87 46 91 65 71 90 45 85 93 100 79
84 100 58 94 32 67 68 94 59 20 79 19 3 22 33 48 35 83 45 97
82 40 49 21 12 78 91 78 73 13 38 62 56 86 4 33 94 35 45 36
48 6 30 30 70 58 42 70 25 33 65 96 52 92 11 23 84 43 60 85
64 14 71 13 40 57 38 62 45 2 67 79 30 26 34 84 29 47 25 44
83 85 83 12 65 6 29 86 66 40 96 12 65 55 53 18 71 86 7 58
97 89 80 66 32 10 8 19 71 16 20 63 51 38 89 96 38 53 8 97
62 31 2 46 93 20 11 99 92 38 18 65 89 44 17 89 39 50 60 45
90 20 76 14 65 87 1 76 79 86 57 89 44 40 20 71 72 68 50 26
0 6 11 12 19 20 21 34 44 46 40 21 20 17
6 0 15 16 24 24 26 38 49 50 44 26 24 21
11 15 0 3 12 13 14 26 37 41 39 21 23 17
12 16 3 0 10 11 12 24 35 39 38 19 22 16
19 24 12 10 0 2 4 16 27 31 32 16 21 16
20 24 13 11 2 0 3 16 26 31 31 15 21 15
21 26 14 12 4 3 0 15 25 29 29 14 20 15
34 38 26 24 16 16 15 0 12 23 32 24 31 27
44 49 37 35 27 26 25 12 0 19 33 32 39 35
46 50 41 39 31 31 29 23 19 0 18 27 33 32
40 44 39 38 32 31 29 32 33 18 0 20 22 25
21 26 21 19 16 15 14 24 32 27 20 0 8 6
20 24 23 22 21 21 20 31 39 33 22 8 0 7
17 21 17 16 16 15 15 27 35 32 25 6 7 0
