12
10
2 88 12 59 71 8 45 75 83 94
31 71 34 55 18 47 77 23 68 68
48 57 46 51 24 60 95 58 16 92
88 37 74 90 100 65 87 26 66 27
69 23 11 100 55 57 60 54 11 8
10 100 48 50 33 53 42 74 14 17
24 35 73 80 60 26 43 31 25 95
44 27 32 1 80 95 79 72 60 72
43 95 61 32 77 40 70 86 74 73
23 26 60 99 43 57 54 28 62 1
61 33 32 86 52 90 57 94 93 96
7 34 49 2 82 46 31 80 81 42
0 19 19 26 33 39 34 50 35 32 38 31 16 7
19 0 3 13 22 29 17 34 18 16 25 23 18 17
19 3 0 12 21 28 17 34 19 17 26 24 19 17
26 13 12 0 10 17 17 35 22 23 33 34 30 26
33 22 21 10 0 9 22 38 28 30 40 42 38 34
39 29 28 17 9 0 29 43 35 37 47 49 45 40
34 17 17 17 22 29 0 19 8 12 21 25 30 32
50 34 34 35 38 43 19 0 17 21 22 31 43 47
35 18 19 22 28 35 8 17 0 7 15 21 28 32
32 16 17 23 30 37 12 21 7 0 12 15 23 28
38 25 26 33 40 47 21 22 15 12 0 11 26 33
31 23 24 34 42 49 25 31 21 15 11 0 18 26
16 18 19 30 38 45 30 43 28 23 26 18 0 11
7 17 17 26 34 40 32 47 32 28 33 26 11 0
