12
30
71 54 20 30 71 61 64 39 60 43 69 16 95 91 83 28 74 78 75 93 53 49 87 69 46 7 58 32 26 38
7 75 68 14 74 48 37 54 79 44 11 21 20 6 3 83 38 16 24 21 67 53 58 51 69 41 66 8 18 42
59 46 60 64 66 16 82 55 10 35 90 99 89 99 56 97 83 83 67 9 20 47 15 89 7 50 19 23 93 67
65 45 92 65 86 22 5 39 92 71 32 21 28 72 38 25 100 57 35 30 95 35 29 49 65 31 13 14 38 4
27 17 49 18 17 1 96 51 31 26 69 1 97 19 81 12 53 52 4 93 77 6 44 25 95 32 80 94 78 78
62 26 75 50 92 97 76 100 30 49 73 12 98 33 5 54 26 75 21 33 77 8 12 10 32 67 19 3 19 24
2 4 61 22 9 8 83 29 88 92 32 8 53 55 42 19 19 3 97 65 81 70 2 12 47 77 4 94 71 30
58 81 4 77 42 70 76 67 56 37 21 65 5 78 77 2 21 71 10 30 31 21 57 81 38 35 30 68 16 73
45 50 16 79 76 46 82 51 57 59 59 6 82 3 29 93 90 22 33 19 58 78 41 97 18 46 67 41 35 42
51 40 58 94 64 53 65 97 25 28 91 36 98 91 12 37 10 27 67 48 29 58 34 75 43 77 93 39 53 63
100 81 76 40 31 67 87 24 15 41 91 81 88 16 6 95 24 38 75 24 95 96 93 3 7 1 81 40 26 92
2 57 49 8 63 76 60 80 50 94 58 58 66 31 74 99 88 86 7 17 28 13 52 28 4 6 95 57 9 82
0 16 25 34 30 42 27 36 37 32 25 18 17 7
16 0 15 23 17 28 18 29 33 28 24 17 15 15
25 15 0 11 11 25 30 40 45 41 38 30 29 26
34 23 11 0 10 21 36 44 50 47 45 38 36 36
30 17 11 10 0 16 27 35 42 38 37 30 29 30
42 28 25 21 16 0 29 34 41 39 41 37 36 41
27 18 30 36 27 29 0 12 17 13 14 12 13 22
36 29 40 44 35 34 12 0 9 10 17 20 21 31
37 33 45 50 42 41 17 9 0 7 15 21 22 32
32 28 41 47 38 39 13 10 7 0 10 16 17 27
25 24 38 45 37 41 14 17 15 10 0 9 11 19
18 17 30 38 30 37 12 20 21 16 9 0 3 13
17 15 29 36 29 36 13 21 22 17 11 3 0 12
7 15 26 36 30 41 22 31 32 27 19 13 12 0
