12
20
7 63 65 34 88 16 80 68 46 43 89 95 14 32 68 36 62 71 60 20
64 77 61 30 39 69 35 66 56 60 72 77 91 98 55 89 80 16 53 72
69 73 58 70 24 95 41 37 1 52 75 26 94 91 42 73 5 26 22 54
80 57 7 3 11 35 36 44 57 37 89 88 92 50 33 31 57 59 48 100
61 97 60 38 68 91 68 61 5 25 83 30 40 36 64 13 59 93 89 73
92 23 4 82 76 89 27 87 65 58 74 72 11 17 76 81 44 23 51 33
23 7 98 66 21 81 63 6 96 8 11 17 89 41 76 74 73 98 18 40
20 37 78 14 45 7 14 17 37 8 62 90 1 3 73 30 55 61 24 3
73 64 74 50 80 90 35 57 42 53 7 99 93 52 78 13 84 51 9 94
91 50 30 56 71 16 52 75 5 1 98 56 57 18 81 42 29 76 75 89
62 22 34 42 7 21 25 60 91 4 39 53 77 87 93 49 94 12 33 53
65 13 37 61 75 49 82 49 63 24 67 81 19 36 35 93 26 63 25 9
0 8 30 44 50 44 41 37 31 34 26 20 21 3
8 0 24 38 45 39 36 32 26 30 22 18 21 8
30 24 0 16 23 17 14 11 15 21 14 25 27 30
44 38 16 0 10 10 10 11 23 27 25 37 39 44
50 45 23 10 0 9 11 15 25 28 29 41 42 50
44 39 17 10 9 0 5 8 18 21 21 34 35 44
41 36 14 10 11 5 0 5 16 20 19 31 33 41
37 32 11 11 15 8 5 0 13 18 16 28 30 37
31 26 15 23 25 18 16 13 0 8 6 17 19 30
34 30 21 27 28 21 20 18 8 0 10 17 18 33
26 22 14 25 29 21 19 16 6 10 0 14 16 26
20 18 25 37 41 34 31 28 17 17 14 0 4 18
21 21 27 39 42 35 33 30 19 18 16 4 0 20
3 8 30 44 50 44 41 37 30 33 26 18 20 0
