12
30
20 58 15 86 36 43 76 57 52 9 39 93 99 63 18 17 19 15 6 46 96 33 92 1 10 9 59 16 15 53
33 21 48 78 36 15 89 13 53 35 64 68 92 72 58 33 29 81 37 96 87 70 25 3 21 48 63 17 81 31
27 94 92 34 7 89 90 51 99 3 75 84 48 92 7 51 15 20 41 26 52 19 6 59 80 67 22 38 51 92
18 38 91 70 17 67 84 83 13 47 61 21 82 49 53 4 20 28 67 45 85 38 79 3 50 7 18 87 66 34
27 85 11 31 67 77 22 39 19 45 2 97 14 99 53 34 67 17 62 13 83 80 69 72 97 36 59 73 42 72
42 65 67 85 50 84 63 40 45 86 26 6 71 72 64 78 71 16 45 70 74 27 3 53 33 42 29 20 28 94
22 90 43 17 58 76 53 99 69 76 95 23 51 81 14 9 16 79 37 21 33 81 61 61 40 60 70 22 32 65
49 41 12 67 45 23 58 55 89 74 63 80 76 72 77 47 17 46 41 96 10 41 60 46 57 67 100 12 97 58
12 5 57 88 76 92 65 3 66 21 76 56 58 3 67 27 34 84 53 93 77 24 91 38 74 37 94 38 25 94
52 38 67 39 67 39 23 21 86 40 72 19 23 94 26 4 63 37 22 18 87 28 92 15 10 26 34 34 71 98
7 69 8 55 53 73 46 37 38 83 58 82 62 89 16 71 28 70 42 30 6 12 92 87 3 98 25 16 99 98
86 35 5 75 97 98 19 91 74 96 100 85 9 95 24 53 47 7 86 12 70 22 93 29 18 27 83 44 90 57
0 3 28 32 35 43 29 21 14 9 12 13 12 6
3 0 27 30 34 43 30 22 16 11 13 14 12 7
28 27 0 14 25 44 50 45 41 36 37 35 32 31
32 30 14 0 13 33 47 44 43 39 36 34 31 32
35 34 25 13 0 22 42 41 43 40 36 32 30 34
43 43 44 33 22 0 35 39 46 45 38 35 33 40
29 30 50 47 42 35 0 10 21 24 18 18 21 24
21 22 45 44 41 39 10 0 12 16 11 12 15 17
14 16 41 43 43 46 21 12 0 6 9 13 15 12
9 11 36 39 40 45 24 16 6 0 9 12 13 8
12 13 37 36 36 38 18 11 9 9 0 5 8 8
13 14 35 34 32 35 18 12 13 12 5 0 5 9
12 12 32 31 30 33 21 15 15 13 8 5 0 8
6 7 31 32 34 40 24 17 12 8 8 9 8 0
