12
30
36 81 19 17 27 71 61 70 38 98 37 62 33 33 74 41 30 96 70 63 44 27 33 60 68 88 76 20 64 24
29 15 28 95 26 46 84 27 63 100 26 11 22 52 43 3 70 29 31 80 57 64 19 15 60 98 98 7 49 54
46 97 26 57 11 73 92 85 64 60 53 34 11 53 3 54 84 3 48 92 42 13 18 50 48 42 49 77 20 52
45 64 81 18 94 10 69 91 13 25 6 46 36 69 61 22 71 73 16 79 83 24 89 91 30 38 32 23 30 45
86 15 80 92 23 21 68 11 17 45 26 76 59 22 77 48 79 60 55 22 48 8 18 70 59 88 84 56 99 97
3 56 63 35 33 48 95 82 22 37 93 30 35 43 81 93 76 34 24 45 82 79 93 8 82 18 47 93 54 23
12 12 20 87 39 84 62 30 96 83 96 10 48 33 51 37 49 99 36 73 35 45 19 65 87 34 34 69 70 55
70 51 12 61 41 30 84 29 100 94 27 23 58 50 4 32 74 40 60 46 30 44 37 32 42 95 94 38 76 54
21 29 73 83 33 27 20 54 3 41 89 47 81 1 56 78 60 9 95 56 75 36 26 33 90 62 24 72 36 3
69 100 94 87 26 21 66 48 53 62 35 92 78 35 22 89 71 64 10 70 19 3 34 10 12 77 90 96 92 58
75 67 25 28 30 52 80 26 91 95 3 96 28 17 81 34 5 53 75 40 30 92 86 99 90 52 9 97 74 96
43 90 74 19 76 10 13 79 7 8 20 13 52 94 61 16 64 43 38 52 36 49 67 53 19 76 96 30 25 87
0 14 19 28 27 48 33 33 36 36 31 16 14 8
14 0 12 20 26 50 38 38 41 44 42 28 27 20
19 12 0 11 18 42 32 32 35 39 40 29 29 25
28 20 11 0 18 40 34 34 37 43 46 37 38 34
27 26 18 18 0 26 17 18 20 26 32 28 30 30
48 50 42 40 26 0 19 19 18 24 37 44 47 50
33 38 32 34 17 19 0 2 5 11 21 26 30 33
33 38 32 34 18 19 2 0 4 11 21 26 30 33
36 41 35 37 20 18 5 4 0 9 21 28 32 36
36 44 39 43 26 24 11 11 9 0 14 25 29 35
31 42 40 46 32 37 21 21 21 14 0 17 20 28
16 28 29 37 28 44 26 26 28 25 17 0 5 12
14 27 29 38 30 47 30 30 32 29 20 5 0 9
8 20 25 34 30 50 33 33 36 35 28 12 9 0
