12
10
49 97 45 40 17 11 84 21 44 8
50 10 89 96 100 4 54 29 62 4
43 62 62 15 73 73 74 29 81 94
45 70 84 80 30 85 83 23 16 36
76 22 26 100 58 70 84 83 44 11
100 87 86 76 23 31 32 18 1 8
1 70 53 32 79 100 19 16 84 5
7 61 75 56 93 77 94 13 85 59
24 93 28 69 28 46 39 94 80 26
69 79 66 23 3 86 60 36 85 30
64 45 72 89 81 93 83 1 4 86
1 34 47 79 90 15 29 47 60 11
0 16 15 22 24 35 33 34 38 33 36 23 21 16
16 0 4 32 34 45 44 45 50 48 50 37 36 29
15 4 0 30 32 43 42 43 49 46 50 36 35 28
22 32 30 0 4 15 14 15 21 24 37 22 21 13
24 34 32 4 0 13 12 13 19 23 37 22 22 14
35 45 43 15 13 0 7 8 15 26 42 30 30 24
33 44 42 14 12 7 0 3 11 20 37 25 26 21
34 45 43 15 13 8 3 0 9 19 36 25 26 21
38 50 49 21 19 15 11 9 0 15 32 24 25 24
33 48 46 24 23 26 20 19 15 0 19 14 16 20
36 50 50 37 37 42 37 36 32 19 0 17 18 27
23 37 36 22 22 30 25 25 24 14 17 0 3 12
21 36 35 21 22 30 26 26 25 16 18 3 0 11
16 29 28 13 14 24 21 21 24 20 27 12 11 0
