12
30
55 59 2 43 84 11 21 63 16 41 82 6 17 40 20 9 16 78 15 43 25 8 57 63 32 70 27 86 40 68
42 95 82 6 69 56 13 87 98 72 76 100 26 75 71 75 23 87 74 91 35 92 80 63 60 92 51 1 27 2
61 88 36 1 39 65 52 17 18 34 56 89 97 72 21 50 49 84 11 11 75 32 97 85 96 71 84 68 91 80
65 80 80 64 81 84 44 30 64 64 86 48 64 2 45 74 96 53 24 15 89 65 70 47 9 91 31 35 1 58
9 25 68 12 65 81 27 83 36 79 26 27 63 27 20 19 96 29 85 10 48 83 14 28 2 78 75 22 79 72
29 100 40 92 48 69 90 71 72 85 15 96 36 83 84 34 98 12 17 82 83 66 65 28 40 35 100 4 66 74
62 74 92 67 23 97 3 61 65 23 69 29 48 41 50 58 34 34 22 41 55 32 48 18 92 94 56 40 2 26
71 70 80 32 13 75 84 12 22 37 68 19 92 8 73 37 98 23 11 71 30 58 63 31 57 10 67 7 79 63
83 41 13 6 96 16 51 16 27 25 37 66 97 72 7 22 61 28 72 41 4 19 71 74 32 79 100 89 77 96
9 89 68 90 6 4 31 23 76 66 11 36 50 62 36 95 84 90 100 93 4 58 17 75 6 77 25 29 69 89
79 43 9 70 90 75 67 45 95 5 3 44 24 19 38 84 31 32 72 92 59 86 81 24 5 76 5 61 26 8
77 95 48 48 33 14 83 23 12 45 36 20 59 14 72 6 8 85 82 2 4 61 90 75 62 3 33 41 85 96
0 18 23 25 29 31 34 48 40 37 28 17 20 12
18 0 7 9 12 15 22 39 32 28 32 23 32 27
23 7 0 4 9 10 18 35 30 26 34 26 36 32
25 9 4 0 7 8 17 35 30 26 35 28 38 34
29 12 9 7 0 10 22 38 34 31 41 33 43 38
31 15 10 8 10 0 13 30 26 23 36 30 42 38
34 22 18 17 22 13 0 19 15 11 30 27 39 39
48 39 35 35 38 30 19 0 10 13 34 37 48 50
40 32 30 30 34 26 15 10 0 5 25 28 39 42
37 28 26 26 31 23 11 13 5 0 24 26 37 39
28 32 34 35 41 36 30 34 25 24 0 12 17 24
17 23 26 28 33 30 27 37 28 26 12 0 13 15
20 32 36 38 43 42 39 48 39 37 17 13 0 11
12 27 32 34 38 38 39 50 42 39 24 15 11 0
