12
10
69 16 28 28 27 41 19 61 76 63
69 79 18 76 59 6 32 24 96 60
57 93 40 30 10 5 19 52 49 60
10 9 62 30 28 5 74 96 9 65
18 26 51 45 89 88 7 41 78 77
67 34 37 28 84 98 9 82 14 62
34 80 78 77 38 91 34 19 25 79
95 92 98 82 8 52 75 64 59 95
97 45 58 3 6 54 27 38 94 26
6 63 28 81 72 87 50 37 60 19
75 30 5 40 21 45 81 45 63 27
97 64 98 9 7 46 19 66 9 29
0 16 18 20 21 33 25 23 21 33 27 13 25 16
16 0 20 20 22 34 30 29 29 42 38 25 39 29
18 20 0 4 5 17 12 11 12 24 21 14 38 30
20 20 4 0 3 16 13 12 15 25 24 17 41 32
21 22 5 3 0 14 12 11 14 24 23 18 42 34
33 34 17 16 14 0 11 13 17 20 23 26 50 43
25 30 12 13 12 11 0 3 8 15 15 17 41 34
23 29 11 12 11 13 3 0 6 15 14 15 39 32
21 29 12 15 14 17 8 6 0 14 11 11 35 29
33 42 24 25 24 20 15 15 14 0 8 21 41 37
27 38 21 24 23 23 15 14 11 8 0 16 34 31
13 25 14 17 18 26 17 15 11 21 16 0 26 19
25 39 38 41 42 50 41 39 35 41 34 26 0 11
16 29 30 32 34 43 34 32 29 37 31 19 11 0
