12
10
26 91 11 49 98 35 7 28 64 93
54 72 38 40 6 46 4 49 10 77
33 38 27 57 31 44 16 94 11 97
94 27 46 14 36 37 59 14 23 44
88 8 5 47 45 15 8 48 54 64
15 36 70 3 96 98 50 39 82 90
29 42 58 92 7 4 84 43 94 68
75 35 100 27 27 59 76 23 29 64
12 14 41 20 16 25 66 61 100 1
22 67 30 48 51 30 76 92 89 94
72 97 50 43 63 62 30 10 100 39
7 83 38 12 21 51 28 74 68 97
0 4 10 12 21 26 36 38 38 17 19 30 22 13
4 0 9 9 19 24 34 36 37 15 20 31 25 14
10 9 0 9 21 27 36 39 42 21 27 38 31 21
12 9 9 0 14 19 29 32 36 16 24 35 32 20
21 19 21 14 0 7 16 19 25 12 22 32 38 23
26 24 27 19 7 0 11 14 22 15 24 33 41 27
36 34 36 29 16 11 0 4 19 23 30 37 49 35
38 36 39 32 19 14 4 0 17 24 31 37 50 36
38 37 42 36 25 22 19 17 0 23 24 25 44 32
17 15 21 16 12 15 23 24 23 0 11 22 28 14
19 20 27 24 22 24 30 31 24 11 0 13 22 10
30 31 38 35 32 33 37 37 25 22 13 0 23 19
22 25 31 32 38 41 49 50 44 28 22 23 0 16
13 14 21 20 23 27 35 36 32 14 10 19 16 0
