12
20
38 84 43 10 61 83 39 77 6 44 6 66 75 59 21 18 13 46 74 23
12 47 16 24 61 100 59 54 60 21 81 33 4 1 74 78 6 97 62 19
100 47 52 93 55 8 39 41 29 13 92 16 18 40 64 66 58 66 77 98
77 63 45 16 43 19 87 77 58 23 29 80 85 52 42 14 93 86 66 68
97 83 91 40 61 29 51 25 63 14 80 56 29 36 8 21 10 82 87 61
28 54 23 35 22 85 3 90 84 48 97 29 35 50 72 53 39 91 19 75
96 25 74 81 50 82 80 79 98 48 18 26 86 37 23 2 43 61 69 6
97 74 1 21 1 49 33 51 81 47 17 2 30 38 41 10 3 38 28 49
21 43 19 50 31 64 14 75 91 70 73 50 31 16 37 76 43 51 6 82
17 43 48 82 74 85 22 65 50 2 90 81 25 91 43 16 81 38 4 65
40 42 70 42 75 79 41 17 36 97 33 18 82 86 57 45 92 9 41 7
15 14 22 72 19 27 87 81 46 46 64 10 41 33 1 38 4 69 53 99
0 21 20 27 19 21 25 26 42 33 32 16 12 10
21 0 6 13 23 26 30 33 41 40 48 30 32 26
20 6 0 11 19 22 26 29 37 36 44 27 30 26
27 13 11 0 18 21 24 28 30 34 46 30 36 34
19 23 19 18 0 5 9 12 24 19 29 15 26 28
21 26 22 21 5 0 6 9 23 16 26 14 26 29
25 30 26 24 9 6 0 5 20 12 25 16 29 33
26 33 29 28 12 9 5 0 21 9 21 15 29 34
42 41 37 30 24 23 20 21 0 19 38 34 47 50
33 40 36 34 19 16 12 9 19 0 20 21 34 40
32 48 44 46 29 26 25 21 38 20 0 19 27 36
16 30 27 30 15 14 16 15 34 21 19 0 15 21
12 32 30 36 26 26 29 29 47 34 27 15 0 11
10 26 26 34 28 29 33 34 50 40 36 21 11 0
