12
10
85 14 33 74 80 69 28 54 75 73
72 42 45 76 94 14 52 90 26 28
56 78 30 51 6 82 61 40 86 47
6 3 58 69 71 12 71 14 45 9
64 5 8 32 80 32 88 85 77 23
80 15 68 24 14 34 74 27 27 4
48 89 34 73 69 60 7 75 95 83
86 11 10 62 25 68 41 28 24 70
20 51 12 31 76 72 70 67 5 62
33 37 61 70 51 54 84 100 96 39
63 100 13 14 75 42 91 52 32 19
29 82 100 82 54 16 10 40 10 45
0 18 35 35 45 39 42 38 38 41 38 39 24 19
18 0 19 20 34 29 35 32 33 44 45 45 22 23
35 19 0 5 21 19 27 27 28 46 50 50 26 32
35 20 5 0 18 16 24 24 25 44 48 48 24 31
45 34 21 18 0 7 11 15 16 37 43 44 25 34
39 29 19 16 7 0 9 11 12 33 38 39 19 28
42 35 27 24 11 9 0 7 7 27 34 35 21 29
38 32 27 24 15 11 7 0 3 24 30 30 16 24
38 33 28 25 16 12 7 3 0 22 28 29 16 23
41 44 46 44 37 33 27 24 22 0 9 10 24 24
38 45 50 48 43 38 34 30 28 9 0 2 26 23
39 45 50 48 44 39 35 30 29 10 2 0 27 23
24 22 26 24 25 19 21 16 16 24 26 27 0 10
19 23 32 31 34 28 29 24 23 24 23 23 10 0
