12
20
70 95 84 53 83 69 42 88 31 45 24 98 82 69 29 50 83 33 32 31
55 14 75 98 74 72 24 78 86 100 29 14 59 21 82 20 43 41 66 29
58 91 49 21 18 10 93 3 23 56 14 51 51 64 11 60 12 9 41 37
72 13 96 48 47 14 16 26 25 87 71 90 65 69 38 86 3 68 96 86
22 68 22 99 39 24 88 80 59 77 16 97 5 63 16 22 53 75 72 45
33 1 59 71 43 3 41 86 69 79 57 96 59 2 11 73 63 90 35 56
36 30 86 31 51 27 46 62 18 35 33 6 32 74 8 45 1 31 69 7
94 25 51 97 70 44 34 2 66 97 57 38 27 41 74 40 22 66 89 80
86 50 83 95 42 93 52 12 49 95 43 35 41 64 90 46 46 32 67 64
32 63 55 51 59 5 29 30 84 39 66 38 62 65 74 38 37 96 39 32
99 20 35 36 95 2 59 41 63 58 12 23 64 12 11 7 26 38 72 57
9 83 24 41 77 61 4 62 74 58 11 32 43 41 59 68 32 88 68 64
0 12 14 23 24 12 18 38 36 34 15 16 8 8
12 0 9 13 18 15 20 40 42 43 25 23 18 14
14 9 0 10 11 12 14 34 37 41 28 28 21 18
23 13 10 0 10 20 20 37 43 49 36 35 29 25
24 18 11 10 0 17 15 29 36 44 36 38 31 28
12 15 12 20 17 0 8 28 28 30 22 25 17 18
18 20 14 20 15 8 0 23 24 31 27 31 23 24
38 40 34 37 29 28 23 0 16 33 44 50 43 45
36 42 37 43 36 28 24 16 0 19 37 45 38 41
34 43 41 49 44 30 31 33 19 0 28 37 32 38
15 25 28 36 36 22 27 44 37 28 0 10 9 15
16 23 28 35 38 25 31 50 45 37 10 0 9 11
8 18 21 29 31 17 23 43 38 32 9 9 0 7
8 14 18 25 28 18 24 45 41 38 15 11 7 0
