12
10
21 14 9 73 90 99 98 85 78 59
85 33 34 30 99 70 3 64 44 90
49 98 76 23 35 93 14 84 76 29
58 24 16 19 2 49 64 47 37 54
12 69 94 2 39 66 23 22 82 95
36 94 27 31 99 31 94 42 98 71
56 19 61 7 41 84 4 2 18 91
30 16 90 47 22 12 19 54 23 67
1 22 57 42 34 24 98 64 21 29
70 55 21 4 14 57 18 78 11 86
6 14 95 8 14 98 21 31 64 54
9 56 31 25 37 80 51 45 10 95
0 8 18 25 25 27 44 50 48 40 44 42 16 5
8 0 13 20 19 21 37 44 42 34 39 38 11 6
18 13 0 8 10 18 32 41 41 34 43 43 20 18
25 20 8 0 8 18 29 38 40 34 45 46 24 24
25 19 10 8 0 12 24 33 34 28 39 40 21 23
27 21 18 18 12 0 18 25 24 17 28 29 17 24
44 37 32 29 24 18 0 11 18 16 31 34 33 41
50 44 41 38 33 25 11 0 11 15 27 31 38 47
48 42 41 40 34 24 18 11 0 9 17 22 34 44
40 34 34 34 28 17 16 15 9 0 16 20 26 36
44 39 43 45 39 28 31 27 17 16 0 7 30 40
42 38 43 46 40 29 34 31 22 20 7 0 28 38
16 11 20 24 21 17 33 38 34 26 30 28 0 12
5 6 18 24 23 24 41 47 44 36 40 38 12 0
