12
10
2 82 56 76 85 68 7 36 81 27
33 100 83 14 80 59 60 83 55 19
83 2 7 88 42 11 87 59 80 39
47 44 14 94 63 32 25 94 18 29
13 18 77 19 92 2 68 71 73 7
71 49 12 63 68 90 52 20 64 97
20 62 41 39 51 76 28 27 65 57
34 1 15 53 80 63 81 78 86 59
26 74 42 44 65 35 76 61 93 5
53 68 60 38 87 14 54 88 60 89
8 12 50 78 92 11 2 4 91 47
18 23 81 29 71 4 93 34 19 57
0 15 33 39 50 49 36 31 41 32 24 26 29 23
15 0 23 31 43 42 32 27 42 36 29 33 37 31
33 23 0 10 23 22 18 17 33 35 32 35 40 37
39 31 10 0 14 14 13 14 28 33 32 35 40 38
50 43 23 14 0 4 18 22 28 38 39 42 46 46
49 42 22 14 4 0 16 21 26 35 37 39 43 44
36 32 18 13 18 16 0 6 17 22 22 25 30 29
31 27 17 14 22 21 6 0 19 20 19 22 27 26
41 42 33 28 28 26 17 19 0 14 20 20 23 26
32 36 35 33 38 35 22 20 14 0 9 8 10 14
24 29 32 32 39 37 22 19 20 9 0 5 10 9
26 33 35 35 42 39 25 22 20 8 5 0 6 7
29 37 40 40 46 43 30 27 23 10 10 6 0 8
23 31 37 38 46 44 29 26 26 14 9 7 8 0
