12
30
55 85 88 67 30 23 7 25 58 22 64 83 71 64 60 60 35 38 54 86 5 18 46 18 79 16 51 93 58 61
76 99 5 44 23 60 6 45 26 67 54 2 88 3 25 54 21 72 70 60 55 36 73 87 25 6 33 57 97 8
75 5 10 62 45 51 7 26 6 39 85 34 52 15 51 36 72 62 85 38 15 65 20 53 99 76 75 30 17 44
21 16 44 47 16 58 97 70 25 25 89 43 99 27 13 98 88 50 62 35 13 21 97 93 62 60 82 71 64 12
30 24 57 33 53 72 45 80 6 60 42 56 73 30 100 2 64 11 66 64 32 13 63 5 9 97 35 63 2 26
89 37 49 72 26 89 11 43 59 91 21 13 29 58 61 8 72 59 17 91 66 6 11 24 90 70 74 13 59 27
5 13 39 38 60 54 14 29 81 76 10 41 30 84 27 21 50 49 25 86 3 58 78 80 17 31 32 77 54 81
99 26 48 3 46 79 8 91 81 88 56 43 28 98 70 41 99 40 10 40 17 59 7 16 47 99 48 93 45 39
13 20 67 45 46 35 28 64 97 79 69 9 92 56 7 64 2 78 8 26 72 61 86 42 36 89 20 98 79 28
61 55 30 74 11 20 84 44 26 47 59 90 66 30 31 15 50 73 10 76 51 76 60 92 67 53 29 8 72 79
2 49 61 36 90 32 93 57 7 63 70 89 84 57 10 10 92 77 30 37 22 11 60 11 38 8 18 45 49 52
9 7 18 3 85 82 9 53 96 69 6 34 88 19 24 75 84 83 47 18 86 92 74 98 87 26 42 26 100 50
0 8 23 9 23 31 31 22 15 21 27 22 18 6
8 0 17 13 30 38 38 28 19 24 28 22 17 12
23 17 0 22 41 49 50 44 35 39 42 35 30 28
9 13 22 0 20 28 30 26 21 27 34 29 25 12
23 30 41 20 0 9 12 22 26 31 40 38 37 22
31 38 49 28 9 0 9 27 33 38 46 45 44 29
31 38 50 30 12 9 0 21 29 33 42 41 41 28
22 28 44 26 22 27 21 0 12 14 22 23 25 18
15 19 35 21 26 33 29 12 0 8 16 13 14 11
21 24 39 27 31 38 33 14 8 0 10 11 14 17
27 28 42 34 40 46 42 22 16 10 0 9 14 24
22 22 35 29 38 45 41 23 13 11 9 0 7 19
18 17 30 25 37 44 41 25 14 14 14 7 0 17
6 12 28 12 22 29 28 18 11 17 24 19 17 0
