12
20
28 61 57 59 2 1 50 99 84 2 45 18 37 67 30 54 50 86 58 21
46 41 32 94 74 21 49 10 87 42 75 62 72 65 79 62 87 3 74 40
33 17 61 11 10 20 34 53 34 64 28 9 65 75 80 69 86 14 9 91
62 20 95 46 15 98 72 7 52 95 66 92 9 12 23 84 34 69 39 43
99 88 26 7 72 92 97 42 91 8 56 4 81 88 76 45 65 51 17 68
16 71 77 73 3 16 75 6 88 45 87 51 99 13 13 68 92 59 90 59
95 20 7 57 6 19 57 73 46 33 89 77 69 51 47 45 91 56 47 68
17 3 62 73 36 40 84 5 43 60 20 53 24 5 25 85 51 74 60 67
33 11 69 82 83 70 17 1 33 53 89 46 24 16 72 50 81 100 9 49
98 88 68 23 42 83 3 91 93 98 87 93 18 7 12 71 6 44 42 82
99 88 63 36 88 15 42 93 79 17 91 6 32 72 96 7 19 16 10 37
9 27 99 32 2 57 20 17 2 32 21 56 3 20 20 83 62 25 63 58
0 14 15 8 19 32 31 29 39 35 20 13 24 21
14 0 4 9 25 32 34 37 50 46 31 25 35 31
15 4 0 9 24 30 33 37 50 46 32 26 37 34
8 9 9 0 18 28 28 30 43 39 24 18 31 28
19 25 24 18 0 18 13 14 30 26 17 15 34 33
32 32 30 28 18 0 11 23 42 39 33 31 50 49
31 34 33 28 13 11 0 14 33 30 27 26 45 45
29 37 37 30 14 23 14 0 21 18 18 20 37 38
39 50 50 43 30 42 33 21 0 6 21 27 34 38
35 46 46 39 26 39 30 18 6 0 17 23 31 35
20 31 32 24 17 33 27 18 21 17 0 8 21 22
13 25 26 18 15 31 26 20 27 23 8 0 21 21
24 35 37 31 34 50 45 37 34 31 21 21 0 7
21 31 34 28 33 49 45 38 38 35 22 21 7 0
