12
10
92 83 33 31 91 57 77 23 44 42
81 27 90 49 82 66 6 13 86 50
99 5 49 26 48 86 41 12 93 46
93 64 75 75 96 71 67 99 9 63
80 82 18 78 84 4 2 32 9 35
29 44 98 18 41 99 15 58 19 80
96 2 29 36 3 9 84 71 46 58
100 66 98 33 44 86 100 71 82 48
59 71 10 88 1 96 10 23 98 59
5 57 94 30 91 48 49 64 18 55
29 69 3 43 100 63 1 89 91 34
75 11 68 18 80 42 80 26 10 33
0 10 9 16 28 33 35 30 25 20 29 15 10 10
10 0 9 11 22 27 29 22 18 18 28 19 12 18
9 9 0 9 22 27 30 26 25 24 34 22 16 14
16 11 9 0 14 19 22 19 22 27 37 28 21 22
28 22 22 14 0 7 9 12 25 35 46 39 32 35
33 27 27 19 7 0 5 13 28 40 50 45 37 40
35 29 30 22 9 5 0 12 28 40 50 46 38 42
30 22 26 19 12 13 12 0 18 31 41 39 31 38
25 18 25 22 25 28 28 18 0 17 25 28 21 33
20 18 24 27 35 40 40 31 17 0 12 14 11 25
29 28 34 37 46 50 50 41 25 12 0 18 20 33
15 19 22 28 39 45 46 39 28 14 18 0 9 16
10 12 16 21 32 37 38 31 21 11 20 9 0 16
10 18 14 22 35 40 42 38 33 25 33 16 16 0
