12
20
210 62 176 185 239 19 109 26 49 126 148 283 219 101 229 59 167 217 118 17
161 1 41 276 134 259 140 197 286 68 112 145 105 268 35 15 269 105 269 101
83 59 83 290 294 126 48 240 186 5 202 291 283 64 64 204 155 197 24 239
81 189 45 131 151 131 52 174 300 245 81 155 241 129 141 73 144 228 190 199
221 97 18 277 207 211 246 204 149 119 220 261 114 50 115 289 206 48 239 138
69 265 126 6 235 113 9 51 24 249 107 253 57 204 244 156 40 211 35 38
2 7 206 37 89 224 85 5 2 33 133 25 129 17 211 242 214 212 24 156
142 125 36 174 65 34 222 81 136 209 40 31 263 11 165 291 34 45 36 77
32 59 73 212 269 273 87 67 238 4 101 217 3 122 153 66 283 49 242 270
87 45 21 212 26 130 288 189 243 267 196 68 250 66 109 108 266 78 170 165
60 54 231 96 13 280 53 249 235 209 204 74 267 207 207 175 183 135 240 204
249 72 199 57 298 266 69 54 102 150 6 173 83 210 300 139 5 176 31 35
0 16 28 31 24 21 30 32 21 21 31 24 21 9
16 0 20 17 10 8 21 23 22 23 32 29 28 22
28 20 0 21 21 22 37 39 41 41 50 46 45 30
31 17 21 0 9 12 21 23 33 35 41 40 41 37
24 10 21 9 0 5 17 20 26 27 34 33 33 30
21 8 22 12 5 0 16 18 23 24 31 30 30 28
30 21 37 21 17 16 0 4 19 21 23 26 29 37
32 23 39 23 20 18 4 0 19 21 22 25 29 39
21 22 41 33 26 23 19 19 0 4 11 9 12 27
21 23 41 35 27 24 21 21 4 0 12 7 9 26
31 32 50 41 34 31 23 22 11 12 0 9 15 36
24 29 46 40 33 30 26 25 9 7 9 0 7 29
21 28 45 41 33 30 29 29 12 9 15 7 0 24
9 22 30 37 30 28 37 39 27 26 36 29 24 0
