12
10
33 140 65 33 248 277 99 148 231 231
84 286 5 50 274 39 82 204 249 213
127 192 105 212 73 153 19 159 18 15
213 77 292 236 179 56 134 162 26 133
91 143 123 103 271 6 122 118 219 249
194 163 258 46 269 223 133 91 253 284
66 299 84 244 132 16 188 2 94 152
44 199 24 128 21 150 80 156 223 15
126 253 187 23 99 115 197 221 155 262
130 258 163 240 211 195 293 249 113 187
144 111 217 79 114 138 29 273 204 130
27 211 193 203 62 124 33 252 278 227
0 14 21 14 10 12 32 30 30 36 31 22 17 11
14 0 11 22 22 24 42 36 29 31 25 21 20 15
21 11 0 24 28 31 50 45 37 37 30 29 29 24
14 22 24 0 12 14 40 41 42 48 43 35 29 23
10 22 28 12 0 4 29 31 35 42 39 28 21 17
12 24 31 14 4 0 27 30 35 43 40 29 22 18
32 42 50 40 29 27 0 15 31 42 43 31 25 29
30 36 45 41 31 30 15 0 19 29 31 21 17 23
30 29 37 42 35 35 31 19 0 12 14 10 15 21
36 31 37 48 42 43 42 29 12 0 9 16 23 27
31 25 30 43 39 40 43 31 14 9 0 14 21 24
22 21 29 35 28 29 31 21 10 16 14 0 9 13
17 20 29 29 21 22 25 17 15 23 21 9 0 8
11 15 24 23 17 18 29 23 21 27 24 13 8 0
