12
10
247 223 144 10 50 78 206 173 196 54
182 237 218 62 11 5 268 184 105 39
243 257 110 208 249 210 7 242 126 86
214 181 248 265 293 93 31 165 3 190
144 62 85 209 160 114 75 160 200 241
290 120 127 229 19 270 26 281 188 265
188 82 238 45 178 71 296 200 18 199
71 209 135 178 201 77 136 192 233 285
114 151 230 276 23 174 187 47 9 200
280 18 8 14 170 165 4 110 150 254
18 274 11 198 232 35 163 129 218 39
144 208 192 11 210 4 113 20 270 155
0 8 17 22 25 31 31 38 36 38 21 24 22 13
8 0 16 20 24 31 32 38 38 41 25 30 28 19
17 16 0 7 10 17 19 24 26 32 18 29 36 26
22 20 7 0 6 15 18 21 25 32 20 33 41 31
25 24 10 6 0 10 13 17 21 28 18 32 42 32
31 31 17 15 10 0 5 9 13 20 17 31 44 36
31 32 19 18 13 5 0 9 9 17 15 29 43 35
38 38 24 21 17 9 9 0 12 20 23 36 50 43
36 38 26 25 21 13 9 12 0 9 17 28 44 38
38 41 32 32 28 20 17 20 9 0 18 24 42 38
21 25 18 20 18 17 15 23 17 18 0 16 29 22
24 30 29 33 32 31 29 36 28 24 16 0 20 18
22 28 36 41 42 44 43 50 44 42 29 20 0 12
13 19 26 31 32 36 35 43 38 38 22 18 12 0
