12
20
132 67 153 38 165 30 178 74 21 118 105 246 245 293 4 220 12 20 246 152
53 3 14 53 205 195 242 221 131 113 164 281 191 66 1 42 198 149 163 158
166 159 147 249 34 102 152 295 29 126 71 196 143 203 69 261 148 40 12 41
190 95 126 83 75 143 274 7 89 289 75 85 245 120 31 191 123 24 154 280
294 185 231 217 14 285 195 36 11 137 142 62 184 216 105 149 153 134 28 147
107 117 106 108 6 188 276 272 201 97 277 109 9 138 97 89 125 144 53 239
183 29 267 221 104 281 262 299 52 182 106 30 182 131 290 88 63 255 253 108
103 144 155 5 167 189 228 142 168 71 62 23 199 66 180 7 294 132 44 133
129 130 1 115 51 139 202 258 239 123 140 189 88 57 72 87 112 268 67 290
253 130 145 202 9 192 190 126 33 35 58 108 45 60 149 95 251 83 97 237
265 105 71 55 94 225 158 114 102 6 205 201 71 83 164 22 211 219 289 253
207 274 62 68 162 57 167 174 29 236 294 223 82 12 222 198 207 286 122 11
0 14 16 23 23 26 25 34 20 15 11 19 7 6
14 0 12 18 14 14 13 23 14 25 23 30 19 19
16 12 0 9 10 21 21 32 24 29 24 26 19 20
23 18 9 0 11 25 27 37 31 36 29 29 25 26
23 14 10 11 0 16 18 28 25 36 32 35 28 28
26 14 21 25 16 0 5 13 15 35 35 42 31 31
25 13 21 27 18 5 0 12 12 33 33 41 30 29
34 23 32 37 28 13 12 0 17 39 42 50 39 38
20 14 24 31 25 15 12 17 0 24 27 37 25 24
15 25 29 36 36 35 33 39 24 0 11 22 13 12
11 23 24 29 32 35 33 42 27 11 0 13 6 6
19 30 26 29 35 42 41 50 37 22 13 0 14 15
7 19 19 25 28 31 30 39 25 13 6 14 0 3
6 19 20 26 28 31 29 38 24 12 6 15 3 0
