12
10
248 228 137 142 12 19 286 128 199 201
189 83 193 279 61 291 17 83 260 60
280 229 18 102 236 173 193 73 230 240
14 93 4 246 217 201 230 210 300 278
71 47 241 254 273 25 49 135 132 250
160 37 95 284 242 133 160 241 112 112
265 65 237 184 175 249 92 65 87 270
192 274 275 89 180 161 196 175 118 261
12 73 146 248 271 91 37 178 200 10
81 207 33 104 50 70 224 246 212 25
100 162 28 68 42 52 163 178 56 170
188 46 146 286 132 254 5 176 202 273
0 13 15 31 30 31 26 41 34 38 39 35 22 15
13 0 7 23 19 20 15 30 27 31 34 30 19 17
15 7 0 18 16 18 16 30 30 36 39 35 24 22
31 23 18 0 11 16 23 30 40 46 50 48 39 39
30 19 16 11 0 6 14 20 31 37 42 39 33 34
31 20 18 16 6 0 12 16 28 34 39 36 31 34
26 15 16 23 14 12 0 17 19 25 29 26 21 25
41 30 30 30 20 16 17 0 22 27 33 32 33 39
34 27 30 40 31 28 19 22 0 8 13 12 17 25
38 31 36 46 37 34 25 27 8 0 7 8 19 27
39 34 39 50 42 39 29 33 13 7 0 5 19 27
35 30 35 48 39 36 26 32 12 8 5 0 15 23
22 19 24 39 33 31 21 33 17 19 19 15 0 10
15 17 22 39 34 34 25 39 25 27 27 23 10 0
