12
30
18 190 231 184 150 236 173 274 127 123 185 257 76 119 175 242 218 208 205 74 143 114 202 204 152 59 240 229 40 42
196 73 25 234 232 22 102 184 76 111 124 125 85 96 240 28 286 254 88 101 72 15 101 260 118 43 123 39 144 100
144 138 23 201 255 85 49 263 93 98 74 263 273 274 135 89 51 225 176 69 126 115 296 215 241 207 221 1 198 233
63 141 177 54 65 156 181 200 60 33 199 98 23 284 9 278 285 251 48 216 186 79 182 224 140 19 147 107 284 69
86 55 124 206 186 101 296 213 53 185 140 115 116 191 44 81 227 203 268 54 117 155 215 299 58 162 111 226 255 174
200 276 226 186 191 221 206 167 7 97 288 236 86 254 27 138 132 281 163 172 73 117 213 147 92 34 106 165 66 215
212 289 295 34 110 143 168 125 22 222 299 147 8 142 171 222 216 70 126 95 120 2 261 71 91 247 183 225 109 213
50 11 272 195 265 211 152 33 26 129 119 49 191 226 117 102 112 277 141 49 115 150 232 295 279 289 148 44 130 255
60 228 105 175 83 107 106 248 120 146 103 200 292 129 198 179 162 93 127 147 231 175 18 180 112 116 42 207 220 65
115 59 276 154 66 83 149 159 255 258 185 295 237 193 220 94 163 73 91 104 63 106 220 27 225 231 117 222 173 24
212 295 222 56 153 223 273 200 177 115 167 90 224 192 57 280 73 133 113 229 106 1 1 9 126 272 164 166 267 205
119 60 196 155 277 79 278 152 176 286 243 257 74 206 105 220 66 182 164 105 42 58 42 185 52 279 8 57 243 231
0 8 10 10 19 32 33 45 48 38 43 40 23 12
8 0 4 4 13 26 27 40 43 36 41 40 20 9
10 4 0 5 13 23 26 39 43 37 42 42 21 10
10 4 5 0 11 24 25 37 41 34 39 38 18 7
19 13 13 11 0 19 16 28 32 28 34 35 14 10
32 26 23 24 19 0 15 30 34 41 47 50 29 26
33 27 26 25 16 15 0 17 21 28 35 39 21 24
45 40 39 37 28 30 17 0 5 23 28 35 26 34
48 43 43 41 32 34 21 5 0 23 27 36 29 37
38 36 37 34 28 41 28 23 23 0 8 14 17 29
43 41 42 39 34 47 35 28 27 8 0 10 23 34
40 40 42 38 35 50 39 35 36 14 10 0 23 33
23 20 21 18 14 29 21 26 29 17 23 23 0 13
12 9 10 7 10 26 24 34 37 29 34 33 13 0
