12
10
43 219 190 233 54 8 98 124 53 59
154 81 68 97 118 121 1 103 24 97
169 234 53 132 125 147 156 39 91 61
248 275 232 257 35 263 125 12 300 69
74 60 113 204 53 69 157 147 166 274
44 112 95 184 52 223 258 277 262 183
172 264 165 273 71 203 23 133 238 298
80 220 4 72 64 108 248 229 282 17
99 151 253 165 187 276 236 79 206 16
108 266 155 20 266 138 217 289 196 86
209 142 124 298 201 225 197 232 17 29
64 21 46 192 298 168 32 222 220 154
0 23 29 31 34 41 43 50 43 50 35 21 17 13
23 0 13 11 13 21 22 29 24 32 30 24 19 17
29 13 0 9 11 15 18 32 31 40 42 35 29 27
31 11 9 0 4 12 13 25 24 32 37 33 28 26
34 13 11 4 0 10 10 23 22 31 38 35 30 28
41 21 15 12 10 0 5 23 27 35 46 43 38 37
43 22 18 13 10 5 0 20 24 31 44 43 38 37
50 29 32 25 23 23 20 0 13 16 38 43 41 41
43 24 31 24 22 27 24 13 0 10 26 32 31 32
50 32 40 32 31 35 31 16 10 0 28 37 37 39
35 30 42 37 38 46 44 38 26 28 0 16 20 24
21 24 35 33 35 43 43 43 32 37 16 0 8 11
17 19 29 28 30 38 38 41 31 37 20 8 0 5
13 17 27 26 28 37 37 41 32 39 24 11 5 0
