12
10
115 272 238 241 24 85 176 54 110 118
279 7 4 226 110 155 145 33 74 78
129 243 106 291 20 91 95 66 277 54
98 285 256 237 216 106 232 134 179 172
203 135 27 121 48 174 19 120 140 173
256 56 131 300 27 44 138 190 121 255
42 209 144 156 97 3 67 197 117 112
291 128 133 87 171 296 163 180 28 232
235 243 276 50 276 64 268 88 10 250
200 283 58 47 163 215 21 84 19 233
19 205 43 170 106 278 156 74 11 171
21 189 242 7 288 147 113 251 222 71
0 9 11 20 20 23 30 50 50 46 39 25 24 17
9 0 12 21 18 18 23 46 48 44 41 29 29 22
11 12 0 11 12 18 26 41 41 37 31 19 20 14
20 21 11 0 12 20 29 37 35 31 21 13 14 13
20 18 12 12 0 10 18 31 32 28 29 24 25 22
23 18 18 20 10 0 10 30 33 29 37 32 33 29
30 23 26 29 18 10 0 30 36 33 45 40 42 38
50 46 41 37 31 30 30 0 12 11 39 45 48 48
50 48 41 35 32 33 36 12 0 6 32 41 44 46
46 44 37 31 28 29 33 11 6 0 30 38 41 43
39 41 31 21 29 37 45 39 32 30 0 17 19 26
25 29 19 13 24 32 40 45 41 38 17 0 4 11
24 29 20 14 25 33 42 48 44 41 19 4 0 9
17 22 14 13 22 29 38 48 46 43 26 11 9 0
