12
30
227 180 179 125 296 166 213 191 89 80 92 240 292 18 207 102 160 232 75 168 244 84 32 189 138 184 173 75 25 94
25 164 281 226 6 198 162 269 41 27 117 287 178 50 255 93 11 113 262 96 127 128 144 111 145 177 89 198 260 289
16 163 167 157 38 273 117 196 25 23 164 161 145 288 184 9 198 96 63 19 263 113 215 174 268 203 297 219 35 38
256 273 253 122 23 49 98 136 115 63 52 149 117 264 243 132 52 172 39 254 92 144 85 263 261 133 72 65 258 111
280 150 24 217 144 94 252 191 29 129 287 159 233 285 47 49 212 121 90 230 68 56 251 249 78 110 84 268 111 237
14 119 192 117 85 37 52 156 80 211 272 102 248 101 178 190 132 5 34 79 115 88 202 157 251 292 129 57 289 171
62 180 76 167 216 195 64 131 40 271 34 16 28 198 284 99 42 139 266 251 26 131 63 270 201 20 75 263 144 171
55 235 235 196 190 176 102 213 122 165 39 249 151 147 33 233 69 184 29 210 64 120 1 184 242 253 81 215 246 191
292 187 37 26 94 56 140 167 123 23 55 96 16 155 116 249 39 180 66 122 198 32 176 266 33 193 178 10 291 232
24 173 112 14 228 6 22 261 234 8 37 163 295 67 7 205 266 206 270 1 202 120 290 273 264 250 61 138 265 263
223 199 212 274 255 124 37 62 242 262 55 10 253 167 294 273 56 19 279 165 180 290 97 114 128 179 272 213 277 96
161 20 152 55 174 164 262 15 70 28 3 237 222 6 7 213 129 24 19 154 64 274 60 220 122 9 51 90 64 26
0 9 24 36 42 42 50 42 38 36 27 18 14 14
9 0 17 30 35 35 45 38 36 35 23 14 12 12
24 17 0 14 19 20 32 29 33 32 16 12 17 18
36 30 14 0 9 8 22 24 34 34 19 21 27 28
42 35 19 9 0 4 26 31 42 42 27 28 34 35
42 35 20 8 4 0 23 29 40 40 26 28 34 35
50 45 32 22 26 23 0 16 29 30 25 34 38 39
42 38 29 24 31 29 16 0 15 16 16 26 29 30
38 36 33 34 42 40 29 15 0 3 19 26 26 26
36 35 32 34 42 40 30 16 3 0 18 24 24 24
27 23 16 19 27 26 25 16 19 18 0 11 15 16
18 14 12 21 28 28 34 26 26 24 11 0 7 8
14 12 17 27 34 34 38 29 26 24 15 7 0 2
14 12 18 28 35 35 39 30 26 24 16 8 2 0
