12
30
12 183 133 22 8 34 61 26 280 119 129 173 50 197 164 183 77 33 151 67 105 81 212 281 92 35 41 59 91 21
162 60 17 197 217 112 139 14 227 51 167 152 114 62 112 91 60 85 63 137 135 105 10 153 87 157 64 45 1 266
64 67 88 249 69 63 75 186 202 184 40 231 145 225 81 102 22 256 58 287 105 268 65 36 32 7 74 300 298 185
72 49 107 225 178 289 100 185 27 126 111 284 206 288 160 181 32 66 276 188 119 200 13 290 129 250 117 16 71 149
54 224 187 77 104 65 288 90 258 98 43 95 247 111 81 284 244 19 248 160 165 119 44 111 201 131 218 152 64 222
128 299 130 18 36 106 56 166 149 278 144 89 222 203 227 160 211 294 204 85 8 168 9 198 58 54 165 32 129 213
256 26 20 276 194 228 258 138 94 217 191 294 215 208 158 269 255 297 44 69 100 286 281 136 255 234 20 82 129 259
240 176 97 125 180 26 284 97 110 38 55 84 185 293 5 149 265 68 83 39 88 199 204 16 85 223 215 106 33 126
264 201 76 19 26 33 139 118 14 191 295 63 291 95 117 69 227 284 137 133 151 186 52 121 214 17 182 169 151 193
138 126 33 65 192 52 234 111 190 265 203 147 22 292 179 263 79 293 152 135 118 178 255 172 119 194 50 217 128 100
204 180 156 290 32 11 73 34 258 210 72 201 207 8 175 53 157 26 268 36 76 59 83 3 243 120 156 267 228 212
178 112 85 146 77 166 293 11 255 158 90 36 25 142 215 213 63 205 6 163 287 124 131 118 135 98 189 220 244 263
0 13 20 8 7 22 23 22 32 21 24 11 11 4
13 0 12 8 17 33 34 34 42 28 26 20 22 13
20 12 0 14 22 36 37 40 50 38 36 29 30 21
8 8 14 0 11 26 27 28 38 27 28 17 18 9
7 17 22 11 0 18 18 19 30 24 28 14 10 8
22 33 36 26 18 0 3 14 27 32 40 25 18 24
23 34 37 27 18 3 0 14 26 32 40 26 19 24
22 34 40 28 19 14 14 0 14 22 32 19 13 22
32 42 50 38 30 27 26 14 0 22 32 25 22 31
21 28 38 27 24 32 32 22 22 0 12 11 16 19
24 26 36 28 28 40 40 32 32 12 0 16 23 22
11 20 29 17 14 25 26 19 25 11 16 0 8 10
11 22 30 18 10 18 19 13 22 16 23 8 0 11
4 13 21 9 8 24 24 22 31 19 22 10 11 0
