12
30
281 276 166 77 184 118 216 141 299 282 159 288 180 258 50 78 245 252 213 218 211 229 255 120 58 293 152 120 62 127
72 258 268 294 41 247 38 262 50 143 293 297 141 64 246 174 132 120 126 206 157 151 41 18 243 287 154 103 142 153
48 246 222 196 223 142 220 145 220 87 248 96 227 33 231 200 179 277 3 184 297 202 221 164 253 173 163 43 90 82
25 251 33 202 38 21 197 124 175 17 300 138 12 154 6 71 90 269 27 149 215 104 18 37 191 276 75 188 222 134
51 89 175 87 41 215 83 168 202 266 257 267 218 274 146 254 159 163 77 291 49 215 91 176 239 131 129 138 77 296
221 59 83 134 22 185 183 154 85 93 237 183 36 234 297 226 255 259 47 155 237 122 252 169 214 294 261 54 30 22
95 204 156 232 39 134 231 41 220 184 238 284 155 201 276 76 47 167 182 296 87 38 95 14 227 66 211 73 208 31
289 98 97 235 279 162 154 137 12 159 290 252 89 133 110 133 41 12 116 178 62 117 58 258 62 103 284 238 235 45
59 25 206 3 16 173 233 181 19 136 131 8 157 45 157 96 272 141 252 250 261 20 216 268 299 139 73 211 51 27
52 212 300 124 100 240 45 57 12 167 14 48 269 163 31 297 210 225 251 281 255 136 238 80 136 182 170 195 186 130
165 197 199 199 9 269 277 190 139 189 146 171 42 269 39 239 30 5 284 64 136 202 300 279 192 254 9 102 68 230
35 273 221 213 282 276 249 246 18 8 119 42 178 139 292 176 171 172 96 79 283 64 146 264 119 137 277 40 128 189
0 6 9 17 33 39 40 47 46 35 32 30 23 19
6 0 5 14 29 35 37 44 44 33 33 30 22 22
9 5 0 11 25 32 34 42 43 32 33 30 22 25
17 14 11 0 20 23 25 32 35 23 28 25 18 28
33 29 25 20 0 15 23 31 40 31 43 40 34 46
39 35 32 23 15 0 11 18 30 23 38 35 32 48
40 37 34 25 23 11 0 10 20 15 31 29 28 45
47 44 42 32 31 18 10 0 17 17 33 31 32 50
46 44 43 35 40 30 20 17 0 13 22 22 26 44
35 33 32 23 31 23 15 17 13 0 17 16 17 35
32 33 33 28 43 38 31 33 22 17 0 5 12 25
30 30 30 25 40 35 29 31 22 16 5 0 9 24
23 22 22 18 34 32 28 32 26 17 12 9 0 20
19 22 25 28 46 48 45 50 44 35 25 24 20 0
