12
20
78 57 35 35 66 5 83 233 230 248 190 286 58 220 216 250 64 64 115 108
120 170 287 174 47 123 137 173 166 148 60 101 129 197 104 240 292 13 80 88
227 150 101 39 209 35 73 181 148 237 192 27 19 191 65 279 19 64 87 40
244 83 98 225 215 236 72 230 182 275 196 163 175 191 107 84 298 136 274 238
102 211 153 209 242 87 135 297 257 267 123 104 197 248 156 2 231 253 91 41
17 127 74 110 105 265 96 288 215 278 195 102 297 276 53 70 75 43 74 226
33 181 123 198 84 232 232 97 94 82 135 132 125 152 44 131 280 152 237 222
143 203 297 187 286 143 130 297 21 83 73 108 11 131 96 224 272 133 63 24
23 174 191 75 284 116 155 194 189 37 99 297 289 13 19 9 197 18 101 134
50 167 171 227 41 113 285 2 251 38 67 185 220 66 216 218 244 4 162 182
6 268 244 95 11 240 237 120 235 224 167 40 187 233 98 223 23 43 203 10
19 200 285 14 296 251 172 137 35 64 188 261 231 273 89 60 155 254 142 153
0 12 25 26 20 29 26 24 22 27 19 14 12 12
12 0 22 16 13 30 35 33 31 36 28 24 21 20
25 22 0 27 33 50 48 45 44 35 28 28 24 22
26 16 27 0 15 36 49 47 45 50 42 38 35 34
20 13 33 15 0 23 38 36 34 46 38 33 31 30
29 30 50 36 23 0 29 29 28 49 44 38 38 39
26 35 48 49 38 29 0 5 6 28 27 23 26 29
24 33 45 47 36 29 5 0 4 25 24 20 23 26
22 31 44 45 34 28 6 4 0 26 24 19 22 25
27 36 35 50 46 49 28 25 26 0 10 14 17 18
19 28 28 42 38 44 27 24 24 10 0 7 8 10
14 24 28 38 33 38 23 20 19 14 7 0 5 8
12 21 24 35 31 38 26 23 22 17 8 5 0 4
12 20 22 34 30 39 29 26 25 18 10 8 4 0
