12
20
36 166 69 16 98 286 62 105 207 241 169 104 142 207 257 256 278 37 149 1
208 156 119 62 275 290 199 151 278 197 261 208 46 254 280 234 221 89 21 243
135 65 208 18 24 165 191 165 12 78 263 177 19 294 234 177 1 295 100 131
205 22 254 171 206 76 1 129 280 37 161 257 272 8 193 291 196 63 126 69
42 296 25 12 223 247 97 204 9 62 113 287 58 207 6 151 104 71 41 215
50 225 263 204 160 1 172 151 173 240 120 80 177 47 40 297 222 113 116 39
118 134 271 26 244 91 284 24 16 197 223 290 74 209 2 204 167 275 3 149
117 143 296 81 247 132 110 99 203 262 83 258 282 164 115 239 240 76 125 34
226 281 114 104 170 82 188 80 293 64 104 208 128 259 114 291 50 133 169 62
3 72 31 6 154 104 241 200 119 30 16 191 78 12 159 172 96 209 174 286
297 122 186 272 52 118 117 164 182 247 199 13 200 119 211 217 168 130 179 215
81 149 131 38 1 300 265 282 193 164 267 196 152 72 48 1 40 118 23 62
0 12 16 29 30 41 50 48 31 25 25 39 35 6
12 0 14 23 27 37 45 46 30 24 28 46 42 11
16 14 0 16 16 26 36 34 18 11 17 35 31 11
29 23 16 0 8 16 24 26 17 13 24 43 39 25
30 27 16 8 0 12 22 21 11 9 19 37 34 26
41 37 26 16 12 0 12 12 15 18 26 41 38 36
50 45 36 24 22 12 0 15 25 29 37 50 48 46
48 46 34 26 21 12 15 0 19 25 29 39 38 43
31 30 18 17 11 15 25 19 0 8 13 29 26 26
25 24 11 13 9 18 29 25 8 0 12 31 28 20
25 28 17 24 19 26 37 29 13 12 0 21 17 21
39 46 35 43 37 41 50 39 29 31 21 0 6 36
35 42 31 39 34 38 48 38 26 28 17 6 0 32
6 11 11 25 26 36 46 43 26 20 21 36 32 0
