12
10
276 290 43 216 76 15 132 25 68 125
263 269 104 122 24 172 94 125 38 191
39 10 154 121 209 204 61 198 263 135
243 68 122 10 71 233 286 133 237 100
190 163 149 141 250 102 173 84 263 226
295 65 25 233 187 135 182 136 2 201
79 118 56 281 134 110 141 117 122 229
14 120 102 58 221 169 208 145 281 53
189 151 227 185 121 272 164 237 21 289
35 2 242 1 46 156 244 53 81 252
88 191 277 25 203 275 52 81 242 285
176 173 115 178 158 28 172 156 37 282
0 8 16 32 31 28 23 21 19 24 26 26 16 5
8 0 17 32 34 32 26 26 24 30 32 32 22 10
16 17 0 17 20 21 14 17 16 25 37 37 22 13
32 32 17 0 17 23 17 23 25 33 49 50 34 29
31 34 20 17 0 10 9 13 16 22 40 42 26 28
28 32 21 23 10 0 9 8 11 14 32 34 19 24
23 26 14 17 9 9 0 7 10 18 34 36 19 20
21 26 17 23 13 8 7 0 5 12 29 30 14 18
19 24 16 25 16 11 10 5 0 11 26 28 11 16
24 30 25 33 22 14 18 12 11 0 21 23 10 22
26 32 37 49 40 32 34 29 26 21 0 4 17 27
26 32 37 50 42 34 36 30 28 23 4 0 18 27
16 22 22 34 26 19 19 14 11 10 17 18 0 15
5 10 13 29 28 24 20 18 16 22 27 27 15 0
