12
10
231 36 237 158 121 65 151 205 15 101
289 248 71 207 54 115 10 200 250 83
78 252 230 55 41 129 233 37 271 53
102 170 164 60 128 122 199 249 124 218
255 140 124 215 278 167 213 289 71 1
118 245 171 139 152 198 232 289 28 141
267 103 73 35 45 48 38 84 48 271
157 182 15 197 268 123 43 122 132 118
94 87 105 107 126 255 17 190 12 56
164 107 6 253 35 167 52 183 7 224
122 67 204 178 120 34 228 214 209 150
239 118 106 106 93 44 138 222 65 198
0 17 14 20 22 34 38 50 30 33 39 27 22 8
17 0 8 15 22 32 33 48 36 40 50 39 31 17
14 8 0 9 16 26 28 43 29 33 44 33 25 12
20 15 9 0 10 19 21 35 25 30 43 33 24 15
22 22 16 10 0 14 18 30 17 22 36 26 17 16
34 32 26 19 14 0 8 18 19 24 41 34 25 28
38 33 28 21 18 8 0 17 26 30 47 40 31 32
50 48 43 35 30 18 17 0 29 32 47 45 38 44
30 36 29 25 17 19 26 29 0 7 23 17 11 23
33 40 33 30 22 24 30 32 7 0 18 15 13 27
39 50 44 43 36 41 47 47 23 18 0 13 21 35
27 39 33 33 26 34 40 45 17 15 13 0 11 23
22 31 25 24 17 25 31 38 11 13 21 11 0 16
8 17 12 15 16 28 32 44 23 27 35 23 16 0
