12
30
142 242 201 238 6 146 75 182 281 231 157 25 243 294 296 133 3 37 286 244 117 152 25 282 102 75 163 75 232 32
100 224 270 164 121 275 300 62 173 79 21 32 57 262 287 95 40 46 279 253 96 257 182 258 174 189 223 39 235 102
274 203 18 191 269 106 120 112 283 104 225 102 232 41 181 296 49 85 200 120 192 143 154 12 29 248 28 84 196 246
274 173 11 244 69 59 198 181 76 254 190 20 234 167 50 112 187 68 100 69 220 222 284 182 215 49 132 172 71 231
180 61 184 56 222 231 45 102 69 286 97 126 254 20 256 17 229 243 147 55 160 243 248 12 40 276 118 250 5 30
149 210 157 216 188 97 26 174 122 76 79 173 92 64 281 215 173 18 86 108 290 194 212 57 279 190 181 142 282 215
277 215 10 150 266 89 194 273 188 93 86 160 150 227 262 199 177 103 180 158 177 85 184 197 254 254 108 151 50 201
257 266 246 194 46 54 192 199 2 149 69 100 190 275 251 122 11 275 214 135 115 285 70 22 10 213 25 10 175 241
35 106 220 253 38 22 145 29 146 23 30 65 249 94 130 67 295 56 236 219 76 49 144 213 286 280 87 152 279 161
158 13 220 141 216 213 75 129 52 94 280 182 80 51 230 284 1 186 27 173 136 247 194 117 183 99 243 234 202 125
253 271 102 143 204 282 103 39 8 251 10 275 238 299 258 49 131 278 99 164 46 101 284 105 175 167 11 224 193 260
80 16 300 125 89 210 255 106 134 208 168 84 259 243 296 64 283 31 159 151 236 187 86 194 48 142 225 242 121 227
0 14 29 32 38 37 48 38 32 34 36 18 14 10
14 0 26 23 27 26 36 26 21 24 28 9 13 8
29 26 0 17 24 29 39 35 37 43 50 33 37 30
32 23 17 0 9 14 25 20 25 33 41 28 35 29
38 27 24 9 0 9 17 16 24 31 41 31 38 34
37 26 29 14 9 0 13 8 17 24 34 28 36 32
48 36 39 25 17 13 0 12 22 28 38 37 45 42
38 26 35 20 16 8 12 0 12 19 29 26 34 32
32 21 37 25 24 17 22 12 0 9 19 17 26 24
34 24 43 33 31 24 28 19 9 0 11 18 25 26
36 28 50 41 41 34 38 29 19 11 0 20 24 28
18 9 33 28 31 28 37 26 17 18 20 0 10 9
14 13 37 35 38 36 45 34 26 25 24 10 0 8
10 8 30 29 34 32 42 32 24 26 28 9 8 0
