12
20
187 106 49 243 47 60 169 225 285 212 166 232 64 13 118 244 167 69 120 212
66 60 102 17 140 34 1 26 251 200 126 193 94 12 268 137 4 1 16 100
121 161 68 108 288 105 137 289 125 186 74 114 168 41 286 130 236 290 250 55
230 218 103 171 283 150 35 67 66 278 66 186 201 159 30 195 36 94 300 80
147 72 232 208 233 203 89 115 124 18 159 105 211 287 22 80 26 258 155 40
201 102 137 62 140 68 118 188 208 219 99 109 68 60 107 98 238 298 227 104
236 251 265 220 130 241 130 240 250 107 247 297 133 120 47 134 185 161 278 35
174 283 1 106 231 154 144 151 92 250 171 198 10 37 96 97 200 64 149 246
40 26 290 113 66 206 89 139 171 255 88 24 82 189 25 154 201 185 269 44
233 249 290 102 114 164 184 37 162 81 152 295 291 157 16 102 93 276 200 270
68 70 89 134 52 287 152 157 174 12 263 41 183 150 36 265 250 34 201 49
158 67 79 284 251 250 140 189 107 270 149 204 243 80 152 268 7 177 32 198
0 4 7 20 28 24 29 42 37 15 22 19 19 11
4 0 9 20 28 23 28 40 35 13 20 17 18 12
7 9 0 16 23 21 27 42 38 18 28 24 25 15
20 20 16 0 10 10 14 34 33 22 37 34 35 29
28 28 23 10 0 13 15 36 36 30 45 42 43 37
24 23 21 10 13 0 7 26 25 20 36 33 35 34
29 28 27 14 15 7 0 23 23 24 39 37 39 39
42 40 42 34 36 26 23 0 8 30 40 40 42 50
37 35 38 33 36 25 23 8 0 24 34 34 36 46
15 13 18 22 30 20 24 30 24 0 17 15 17 23
22 20 28 37 45 36 39 40 34 17 0 5 5 23
19 17 24 34 42 33 37 40 34 15 5 0 3 20
19 18 25 35 43 35 39 42 36 17 5 3 0 19
11 12 15 29 37 34 39 50 46 23 23 20 19 0
