12
30
217 262 232 189 56 202 52 145 7 3 26 159 268 32 200 94 199 115 234 13 140 160 48 17 242 207 71 16 94 214
129 260 91 85 288 4 53 79 120 295 63 224 171 227 223 18 239 98 122 185 105 14 208 221 104 253 11 57 85 60
265 132 288 229 278 295 233 223 18 290 29 109 134 299 299 248 144 190 148 112 204 14 131 136 179 89 226 169 85 174
52 263 208 81 30 151 35 19 162 119 188 286 296 231 274 30 6 156 151 91 54 229 180 224 148 32 104 238 274 139
109 24 243 20 52 215 116 177 300 76 228 35 185 118 119 177 209 32 94 236 98 31 71 119 68 187 147 139 14 278
110 100 158 260 180 176 294 66 153 171 238 37 82 25 15 26 186 144 109 169 224 279 166 122 39 167 3 2 287 278
289 135 76 26 216 253 22 280 188 211 68 110 94 271 203 105 49 262 97 293 27 53 144 220 290 228 83 260 175 287
193 178 293 243 216 120 143 134 289 227 50 17 6 139 174 128 51 210 195 247 104 291 8 293 218 198 208 57 23 261
284 221 200 255 262 146 196 291 104 74 258 148 107 29 204 289 117 168 163 57 156 213 149 42 87 137 76 74 186 55
268 169 83 170 91 111 203 20 103 261 129 50 56 207 148 34 167 62 191 268 185 163 172 114 67 155 99 69 281 151
2 278 38 48 193 68 243 222 31 191 58 230 203 265 110 151 124 228 190 107 179 50 300 168 121 14 170 159 243 70
176 100 175 242 121 55 287 295 198 230 108 5 37 227 219 236 16 300 149 146 190 169 42 137 210 22 142 112 131 8
0 19 22 38 38 29 48 45 35 36 35 27 7 6
19 0 5 21 24 21 38 38 34 37 37 29 18 17
22 5 0 18 21 20 35 36 33 36 37 29 21 20
38 21 18 0 23 30 40 44 45 49 50 44 38 36
38 24 21 23 0 15 18 22 28 32 34 30 35 35
29 21 20 30 15 0 20 18 16 20 22 17 25 25
48 38 35 40 18 20 0 10 22 25 29 29 43 43
45 38 36 44 22 18 10 0 15 18 21 23 40 40
35 34 33 45 28 16 22 15 0 5 9 11 30 31
36 37 36 49 32 20 25 18 5 0 5 11 31 32
35 37 37 50 34 22 29 21 9 5 0 10 29 31
27 29 29 44 30 17 29 23 11 11 10 0 21 23
7 18 21 38 35 25 43 40 30 31 29 21 0 4
6 17 20 36 35 25 43 40 31 32 31 23 4 0
