12
30
235 282 67 89 145 217 161 22 177 80 275 133 17 244 283 133 164 158 23 90 241 142 257 260 65 183 219 110 225 204
146 117 136 206 177 106 256 65 183 16 60 293 239 98 21 77 166 4 39 109 241 151 206 212 222 99 175 256 4 186
252 258 127 47 291 83 276 265 278 295 112 146 276 11 44 11 281 77 211 151 277 103 204 164 229 61 249 231 173 64
99 146 241 173 262 300 48 141 159 185 274 95 33 204 104 129 270 240 22 182 276 141 300 124 34 168 300 83 93 99
128 17 273 14 153 224 153 31 290 252 49 10 4 106 230 110 98 35 2 78 242 201 115 24 130 194 108 298 268 257
257 41 200 81 129 177 75 144 177 210 162 163 273 71 143 257 153 115 145 121 68 93 157 183 167 193 217 240 53 61
242 98 283 280 108 130 59 77 222 52 206 247 112 16 143 163 222 207 135 56 228 217 67 243 5 20 35 286 58 288
64 274 6 123 84 149 288 270 251 288 55 66 209 118 227 240 179 190 22 252 283 68 270 254 76 132 161 79 88 193
131 180 78 44 199 153 217 290 140 188 66 35 124 207 140 137 148 162 88 162 250 48 121 82 195 207 229 92 250 192
174 230 159 242 282 12 22 219 243 218 125 115 213 151 133 107 289 255 101 130 265 98 142 89 143 81 150 192 78 47
121 164 263 236 7 178 42 138 130 280 129 198 299 192 238 186 161 186 166 266 34 79 142 217 249 200 110 169 164 28
54 261 138 138 155 243 29 9 124 97 212 203 177 212 241 39 278 101 252 269 84 184 151 253 168 46 60 210 245 113
0 3 10 20 32 48 34 45 43 31 28 20 16 12
3 0 8 18 30 47 33 44 43 30 28 20 15 11
10 8 0 12 24 41 28 41 41 30 27 23 13 6
20 18 12 0 14 34 26 42 45 36 33 31 19 13
32 30 24 14 0 29 28 45 50 44 42 42 29 24
48 47 41 34 29 0 19 29 39 42 41 47 37 37
34 33 28 26 28 19 0 19 25 25 23 30 21 24
45 44 41 42 45 29 19 0 12 22 23 33 31 37
43 43 41 45 50 39 25 12 0 15 17 27 30 37
31 30 30 36 44 42 25 22 15 0 4 14 19 26
28 28 27 33 42 41 23 23 17 4 0 12 17 23
20 20 23 31 42 47 30 33 27 14 12 0 14 20
16 15 13 19 29 37 21 31 30 19 17 14 0 8
12 11 6 13 24 37 24 37 37 26 23 20 8 0
