12
20
101 87 29 17 65 272 124 286 19 209 80 246 78 45 247 194 16 23 23 46
135 103 286 205 89 161 201 192 170 68 145 210 159 214 250 165 191 196 28 29
82 66 234 178 197 58 209 217 238 274 25 62 37 24 179 10 36 222 18 112
170 66 11 257 40 159 198 118 150 73 10 194 45 105 64 262 79 20 300 274
210 157 157 211 164 6 300 195 185 43 100 89 275 153 294 242 93 203 213 132
80 234 159 145 4 135 166 82 113 31 199 159 231 219 177 78 67 205 58 100
58 275 279 281 90 21 144 165 70 155 285 23 245 222 265 231 213 98 33 43
95 114 244 297 58 57 190 194 97 96 29 277 73 191 99 216 53 69 14 24
120 181 119 175 265 113 270 269 107 106 125 244 246 50 152 123 73 45 282 69
60 55 291 260 151 21 69 36 51 78 233 240 59 14 6 93 71 111 54 85
43 93 185 34 96 87 104 285 287 13 40 167 67 284 166 35 208 129 44 5
300 172 42 64 4 27 201 210 95 251 234 49 195 79 74 126 272 74 64 83
0 13 17 23 29 44 44 40 40 39 36 29 25 6
13 0 6 12 17 32 32 29 30 32 30 28 24 16
17 6 0 8 16 28 29 28 31 33 32 31 28 20
23 12 8 0 11 22 22 22 27 31 31 33 31 26
29 17 16 11 0 24 18 13 17 22 22 28 28 30
44 32 28 22 24 0 13 23 35 41 43 50 49 47
44 32 29 22 18 13 0 13 25 31 34 44 44 46
40 29 28 22 13 23 13 0 13 20 23 34 35 42
40 30 31 27 17 35 25 13 0 8 13 25 27 40
39 32 33 31 22 41 31 20 8 0 7 20 23 39
36 30 32 31 22 43 34 23 13 7 0 15 18 35
29 28 31 33 28 50 44 34 25 20 15 0 6 26
25 24 28 31 28 49 44 35 27 23 18 6 0 22
6 16 20 26 30 47 46 42 40 39 35 26 22 0
