12
30
251 269 37 67 111 129 131 289 23 3 210 288 10 147 73 166 290 295 98 7 150 135 230 81 32 278 106 137 5 16
60 32 96 235 42 174 93 114 95 127 186 44 269 139 10 85 119 113 223 262 232 243 157 29 118 243 235 135 219 235
105 247 80 160 268 218 179 102 204 61 298 298 257 52 167 281 32 166 88 29 162 17 115 153 299 74 134 112 188 205
65 29 85 262 99 139 297 31 151 169 83 218 169 225 135 128 219 91 179 174 100 247 8 284 46 64 113 19 44 201
31 182 273 100 160 4 155 83 227 231 190 263 153 98 80 131 3 177 300 97 77 270 171 251 41 273 200 72 240 31
11 224 218 128 213 280 57 111 125 10 195 120 141 164 88 253 264 273 165 259 151 58 124 92 120 55 190 93 37 219
29 169 208 122 154 123 54 102 263 181 236 153 266 80 19 135 181 92 291 61 291 299 66 13 290 127 261 265 54 12
72 44 62 237 69 108 177 199 142 89 196 33 112 115 185 131 239 272 58 225 182 271 215 243 239 135 42 216 81 80
132 155 249 295 125 72 103 166 210 93 173 201 295 91 31 148 266 288 35 195 85 176 51 95 289 78 284 156 25 19
240 244 178 101 226 120 213 296 183 220 21 125 271 189 34 46 228 167 1 259 237 76 27 238 83 124 238 57 268 289
261 148 293 259 243 263 216 58 81 47 128 284 7 215 295 118 217 86 256 11 131 47 288 235 46 291 252 29 44 43
118 217 38 173 289 38 55 123 64 281 154 130 114 137 30 90 70 141 297 76 198 26 273 12 214 264 226 277 54 70
0 10 34 34 39 50 40 29 30 38 24 22 20 14
10 0 26 25 32 44 35 26 29 39 26 23 21 18
34 26 0 4 14 31 30 29 39 49 41 37 36 38
34 25 4 0 12 29 27 27 37 47 39 35 34 37
39 32 14 12 0 19 19 23 34 43 39 35 35 39
50 44 31 29 19 0 14 25 34 40 42 39 40 46
40 35 30 27 19 14 0 13 21 28 29 26 27 34
29 26 29 27 23 25 13 0 12 22 19 15 16 23
30 29 39 37 34 34 21 12 0 12 11 10 12 19
38 39 49 47 43 40 28 22 12 0 16 18 20 26
24 26 41 39 39 42 29 19 11 16 0 6 7 11
22 23 37 35 35 39 26 15 10 18 6 0 4 11
20 21 36 34 35 40 27 16 12 20 7 4 0 9
14 18 38 37 39 46 34 23 19 26 11 11 9 0
