12
30
186 53 144 208 98 160 238 103 191 74 274 62 233 53 76 282 272 258 151 259 73 113 28 233 205 253 210 164 237 176
101 129 1 243 253 230 19 117 180 152 161 36 8 169 125 73 251 164 15 161 47 144 102 69 233 112 114 249 37 270
238 32 95 261 148 281 86 69 280 206 281 110 63 46 267 8 72 155 255 298 278 240 6 108 197 282 30 292 96 145
80 5 292 247 279 215 13 141 97 252 133 72 275 227 270 137 136 136 182 222 38 34 191 95 236 6 279 205 14 272
6 173 109 227 67 189 204 232 128 41 147 246 128 184 163 271 59 259 152 94 39 176 103 211 222 229 138 246 273 11
59 45 28 107 171 116 211 13 99 209 283 14 240 186 81 199 109 61 48 70 146 5 164 13 30 26 14 114 84 172
191 4 159 261 73 103 299 21 297 225 98 30 268 294 87 52 277 275 142 139 75 195 73 40 21 243 70 137 73 143
226 268 167 59 52 115 140 148 106 183 121 74 253 213 19 201 272 253 210 121 291 249 81 28 204 173 157 105 183 228
270 8 243 82 283 74 112 208 282 193 14 190 100 295 173 138 47 130 55 108 210 31 248 198 282 61 32 201 104 2
153 89 195 132 277 155 277 267 55 187 42 164 128 29 191 74 205 262 274 26 130 142 54 277 156 68 40 117 137 21
89 102 231 255 75 133 21 48 288 248 218 180 210 135 90 188 285 204 29 267 228 54 194 274 300 235 15 284 250 22
151 194 256 161 280 172 188 68 175 105 292 224 146 269 47 274 189 246 102 191 31 218 159 231 138 132 249 82 9 79
0 3 12 22 22 16 35 38 30 24 16 11 9 15
3 0 10 21 20 14 33 36 29 23 16 11 10 16
12 10 0 14 12 7 28 32 28 23 22 17 19 24
22 21 14 0 12 17 34 39 39 34 35 29 29 31
22 20 12 12 0 10 24 29 30 26 31 26 29 34
16 14 7 17 10 0 22 26 23 18 22 17 22 29
35 33 28 34 24 22 0 6 17 18 34 31 39 48
38 36 32 39 29 26 6 0 16 19 35 33 42 50
30 29 28 39 30 23 17 16 0 7 22 22 32 41
24 23 23 34 26 18 18 19 7 0 18 17 27 36
16 16 22 35 31 22 34 35 22 18 0 7 13 22
11 11 17 29 26 17 31 33 22 17 7 0 11 20
9 10 19 29 29 22 39 42 32 27 13 11 0 11
15 16 24 31 34 29 48 50 41 36 22 20 11 0
