12
20
53 166 139 140 99 188 111 175 298 234 50 282 136 140 179 14 110 204 31 147
242 94 76 203 270 60 272 226 26 109 51 78 83 261 54 130 86 48 132 180
148 201 2 230 5 98 88 284 242 224 243 236 206 244 299 86 220 73 34 35
282 186 141 128 137 50 162 176 286 300 288 59 89 34 9 37 267 113 6 226
248 263 73 250 33 232 152 14 164 10 264 92 272 90 272 203 168 122 169 109
109 234 143 239 169 168 258 58 25 265 190 62 198 43 124 92 166 61 91 243
269 46 159 8 240 158 206 60 7 101 167 293 119 228 249 210 62 70 100 121
258 130 138 83 260 299 67 146 59 23 231 277 63 186 94 44 98 53 139 270
298 224 122 98 11 90 191 40 190 177 150 299 253 50 198 53 281 258 247 285
188 41 166 200 186 21 119 22 290 54 167 233 72 47 190 253 257 287 85 53
243 12 166 267 51 244 293 273 298 231 8 67 10 277 75 142 162 192 151 269
185 106 228 158 112 53 157 207 79 170 238 240 266 193 43 51 116 168 174 205
0 8 16 19 19 35 45 29 27 32 32 34 17 17
8 0 10 12 13 33 39 22 20 26 26 28 12 14
16 10 0 6 5 27 31 15 17 22 23 27 15 19
19 12 6 0 7 30 28 12 13 18 18 23 13 18
19 13 5 7 0 25 28 12 18 22 23 28 17 22
35 33 27 30 25 0 32 27 40 43 44 50 40 44
45 39 31 28 28 32 0 18 29 28 29 36 38 43
29 22 15 12 12 27 18 0 15 18 19 26 22 27
27 20 17 13 18 40 29 15 0 7 7 12 13 17
32 26 22 18 22 43 28 18 7 0 3 10 18 21
32 26 23 18 23 44 29 19 7 3 0 9 17 21
34 28 27 23 28 50 36 26 12 10 9 0 18 20
17 12 15 13 17 40 38 22 13 18 17 18 0 7
17 14 19 18 22 44 43 27 17 21 21 20 7 0
