12
30
157 73 20 216 3 36 28 122 91 158 86 71 282 95 225 203 20 189 136 197 286 283 26 82 74 253 78 250 56 132
200 120 284 190 20 22 28 160 57 77 33 63 195 186 240 97 26 168 13 68 293 195 291 155 40 130 175 8 283 242
296 40 275 86 192 270 244 9 11 101 55 298 65 138 86 172 60 15 170 95 231 129 136 141 289 151 65 101 117 249
142 43 294 83 7 277 183 295 151 91 208 185 72 150 43 100 225 76 199 52 70 184 1 299 198 196 28 213 262 144
125 103 62 152 190 252 222 264 297 26 230 151 268 186 118 242 10 233 65 287 258 255 110 292 285 279 236 197 72 254
162 52 23 23 266 166 141 237 239 101 86 265 93 70 95 226 146 70 299 279 16 49 27 254 65 204 272 44 204 49
79 86 285 236 24 110 107 160 96 79 300 284 31 237 154 63 271 80 137 199 286 298 181 188 248 220 224 236 3 240
225 87 95 252 147 291 218 290 249 276 59 220 149 121 139 6 137 278 231 58 290 126 81 154 96 173 161 232 42 49
44 149 139 45 212 239 61 66 147 271 296 103 67 116 135 38 279 115 19 118 211 233 145 27 56 162 2 15 282 145
295 51 64 124 73 267 90 233 107 188 9 6 293 260 222 295 56 213 79 114 41 143 226 242 131 270 190 76 249 186
84 128 76 272 281 259 114 50 116 44 102 169 157 249 88 102 140 89 110 44 133 232 105 52 122 243 283 56 56 300
35 247 68 136 182 237 33 264 14 20 168 135 160 104 257 7 185 175 189 185 193 53 24 211 27 268 236 94 152 86
0 10 19 22 40 38 34 39 44 42 37 31 14 16
10 0 15 18 31 30 27 33 38 37 32 25 11 17
19 15 0 5 36 35 36 43 50 48 43 37 25 30
22 18 5 0 35 35 37 43 50 49 43 38 27 33
40 31 36 35 0 4 14 18 26 25 21 21 31 37
38 30 35 35 4 0 12 16 24 23 19 19 29 35
34 27 36 37 14 12 0 8 16 15 9 9 23 27
39 33 43 43 18 16 8 0 10 9 5 10 27 31
44 38 50 50 26 24 16 10 0 3 9 15 31 33
42 37 48 49 25 23 15 9 3 0 7 13 29 31
37 32 43 43 21 19 9 5 9 7 0 8 25 28
31 25 37 38 21 19 9 10 15 13 8 0 19 22
14 11 25 27 31 29 23 27 31 29 25 19 0 9
16 17 30 33 37 35 27 31 33 31 28 22 9 0
