12
10
122 176 182 33 165 241 256 166 192 216
160 148 10 69 63 11 38 159 35 297
3 77 45 259 248 42 141 22 286 44
15 290 68 247 156 265 252 197 225 118
229 112 228 165 15 224 43 166 80 43
193 71 250 175 120 64 60 12 84 241
185 71 256 246 50 112 145 205 298 145
2 104 65 172 125 193 53 158 178 217
157 207 234 238 251 265 145 41 235 258
155 110 29 213 25 63 188 73 277 195
115 5 232 221 23 2 128 91 13 19
114 261 118 84 4 193 250 165 235 183
0 21 25 39 50 47 49 36 31 26 29 34 25 25
21 0 17 26 41 45 47 34 26 26 28 37 33 38
25 17 0 16 28 30 32 19 11 12 14 23 23 31
39 26 16 0 18 28 31 22 17 22 22 30 34 43
50 41 28 18 0 18 20 20 21 27 25 28 37 46
47 45 30 28 18 0 4 13 20 23 20 17 28 35
49 47 32 31 20 4 0 14 22 24 22 17 28 35
36 34 19 22 20 13 14 0 10 12 9 10 19 28
31 26 11 17 21 20 22 10 0 8 7 15 20 29
26 26 12 22 27 23 24 12 8 0 4 13 14 23
29 28 14 22 25 20 22 9 7 4 0 11 14 23
34 37 23 30 28 17 17 10 15 13 11 0 12 20
25 33 23 34 37 28 28 19 20 14 14 12 0 11
25 38 31 43 46 35 35 28 29 23 23 20 11 0
