12
30
213 262 185 116 229 156 285 14 25 42 19 228 102 1 283 260 172 25 64 22 170 49 36 53 51 111 246 296 80 286
148 29 268 139 86 292 108 205 290 155 233 206 281 84 218 89 16 221 206 87 205 158 155 242 111 229 12 24 29 79
178 165 135 297 282 261 27 71 281 225 138 81 111 40 276 193 270 285 103 166 39 23 230 41 13 46 275 161 25 249
260 245 51 289 144 159 272 71 211 261 130 212 52 256 181 226 231 1 187 255 21 62 133 203 27 57 164 215 54 209
160 295 145 31 39 63 254 56 77 105 141 182 10 136 134 58 56 266 177 69 47 279 161 124 238 132 44 97 285 248
31 202 76 14 242 153 199 287 293 122 39 109 243 299 156 16 156 93 224 56 69 274 193 178 265 47 241 125 28 250
295 285 112 58 138 124 205 18 217 143 231 267 189 271 27 179 22 2 295 68 181 258 215 52 231 271 39 84 39 21
40 26 283 218 4 78 42 1 93 228 89 282 107 261 136 69 131 280 290 50 33 43 297 25 128 270 237 41 169 116
124 30 113 178 134 152 2 107 279 160 172 213 234 164 68 69 18 189 63 18 80 294 44 271 230 16 91 268 24 199
28 99 88 87 287 40 216 9 150 259 291 270 4 255 257 202 138 136 230 158 247 201 151 136 213 89 257 290 248 213
223 175 280 40 287 120 12 224 55 85 86 288 179 112 237 102 237 249 41 42 244 18 131 102 268 156 189 6 250 54
1 81 283 162 298 152 267 19 219 79 92 265 166 292 287 161 144 31 202 96 287 97 69 136 294 213 226 70 214 183
0 13 22 20 27 27 22 17 22 26 29 32 28 22
13 0 11 13 23 28 24 18 29 32 37 41 39 34
22 11 0 16 27 34 31 25 38 40 46 50 48 42
20 13 16 0 12 20 18 13 27 28 35 42 41 38
27 23 27 12 0 12 13 13 25 24 31 40 40 41
27 28 34 20 12 0 7 12 17 14 21 31 33 36
22 24 31 18 13 7 0 8 13 12 19 28 29 30
17 18 25 13 13 12 8 0 16 17 23 30 30 29
22 29 38 27 25 17 13 16 0 7 9 17 18 21
26 32 40 28 24 14 12 17 7 0 9 18 21 26
29 37 46 35 31 21 19 23 9 9 0 12 16 23
32 41 50 42 40 31 28 30 17 18 12 0 8 17
28 39 48 41 40 33 29 30 18 21 16 8 0 11
22 34 42 38 41 36 30 29 21 26 23 17 11 0
