12
10
286 64 146 295 62 14 42 27 243 246
300 225 162 251 255 187 207 160 256 15
36 252 100 264 71 224 236 153 126 163
266 221 100 14 206 190 7 190 166 46
292 193 185 264 17 56 258 76 242 94
196 51 261 227 191 9 187 205 214 270
274 144 195 29 56 157 186 3 39 269
106 98 9 183 270 121 103 211 296 79
64 69 291 111 99 30 129 42 43 158
30 205 270 257 234 20 255 190 228 243
272 213 97 232 201 119 9 245 248 170
74 281 279 74 238 282 138 209 192 151
0 11 20 21 19 21 23 26 47 32 30 23 31 17
11 0 11 12 10 12 18 17 37 22 20 13 24 20
20 11 0 3 4 6 15 9 28 14 13 8 23 27
21 12 3 0 4 5 14 8 27 13 13 8 24 28
19 10 4 4 0 4 12 9 30 16 16 10 26 28
21 12 6 5 4 0 10 7 29 16 17 12 28 30
23 18 15 14 12 10 0 13 34 23 25 20 36 36
26 17 9 8 9 7 13 0 24 11 15 12 28 34
47 37 28 27 30 29 34 24 0 16 20 26 33 50
32 22 14 13 16 16 23 11 16 0 7 12 23 36
30 20 13 13 16 17 25 15 20 7 0 9 17 32
23 13 8 8 10 12 20 12 26 12 9 0 18 26
31 24 23 24 26 28 36 28 33 23 17 18 0 25
17 20 27 28 28 30 36 34 50 36 32 26 25 0
