12
10
36 112 176 57 21 205 93 242 286 12
110 91 25 52 124 143 91 68 179 2
244 35 129 212 296 191 157 237 203 263
48 221 230 49 267 300 147 48 2 206
157 64 272 234 291 200 246 63 200 276
15 38 210 288 195 73 102 243 96 112
177 233 187 291 81 158 256 211 88 107
5 116 26 72 228 282 101 275 225 16
296 290 38 141 68 282 250 71 285 88
141 198 184 16 298 84 82 291 293 81
20 139 127 240 219 107 186 120 126 141
185 103 144 234 296 112 199 231 64 277
0 4 13 23 21 30 41 17 11 19 18 16 16 14
4 0 11 22 19 27 39 14 10 17 17 16 16 16
13 11 0 17 9 20 32 11 12 17 22 23 23 25
23 22 17 0 18 30 40 26 27 32 37 37 37 36
21 19 9 18 0 14 25 12 17 19 26 28 29 33
30 27 20 30 14 0 13 15 22 19 28 31 33 40
41 39 32 40 25 13 0 27 33 28 37 41 43 50
17 14 11 26 12 15 27 0 8 8 16 18 20 26
11 10 12 27 17 22 33 8 0 9 12 13 14 19
19 17 17 32 19 19 28 8 9 0 10 14 16 24
18 17 22 37 26 28 37 16 12 10 0 6 8 18
16 16 23 37 28 31 41 18 13 14 6 0 3 13
16 16 23 37 29 33 43 20 14 16 8 3 0 11
14 16 25 36 33 40 50 26 19 24 18 13 11 0
