12
30
66 134 263 155 10 223 198 86 225 113 273 131 189 201 134 40 82 33 233 87 101 41 73 70 83 17 54 300 30 115
178 146 87 41 120 157 250 172 52 68 33 273 53 73 167 133 159 18 254 224 197 285 155 143 14 291 23 27 235 64
13 183 273 99 188 156 118 300 108 277 260 212 234 262 146 149 194 136 272 98 107 117 107 243 113 28 37 39 34 70
152 49 222 256 8 94 17 263 208 123 189 53 234 166 93 118 33 2 29 94 163 44 75 49 205 175 104 90 281 131
197 36 177 93 30 36 111 18 243 270 211 196 292 289 124 1 247 130 51 228 189 159 124 252 281 37 100 296 148 296
76 104 153 5 52 118 50 31 291 104 92 65 12 50 32 1 148 124 211 229 216 36 216 172 269 222 69 6 13 96
58 110 266 239 187 264 155 19 56 15 124 143 128 150 148 199 105 90 295 178 136 268 67 8 282 296 185 76 57 267
231 251 120 214 159 294 57 62 29 182 194 36 89 40 53 201 220 278 150 240 254 262 115 195 192 225 291 230 227 214
152 5 185 31 121 29 122 117 298 278 199 65 92 123 174 168 294 174 247 161 154 112 278 15 270 30 3 235 129 81
224 28 3 242 27 226 275 154 53 120 57 78 289 256 28 127 249 180 135 295 253 211 265 217 235 144 176 118 13 99
253 15 33 199 257 198 13 116 63 42 17 14 192 250 87 22 193 164 89 263 248 122 49 248 105 227 204 289 28 20
102 173 28 213 228 188 251 200 188 250 25 88 267 285 271 49 198 290 13 210 133 42 279 68 58 187 63 87 115 51
0 9 16 32 30 38 39 44 48 50 40 32 22 10
9 0 8 24 22 30 31 37 41 43 35 26 16 4
16 8 0 17 17 25 24 30 34 36 30 21 10 8
32 24 17 0 11 13 9 15 19 21 26 16 16 24
30 22 17 11 0 10 14 22 27 28 35 25 20 23
38 30 25 13 10 0 10 19 22 23 36 27 26 31
39 31 24 9 14 10 0 10 14 16 29 21 23 31
44 37 30 15 22 19 10 0 6 8 24 19 25 36
48 41 34 19 27 22 14 6 0 4 25 22 29 40
50 43 36 21 28 23 16 8 4 0 27 24 32 42
40 35 30 26 35 36 29 24 25 27 0 12 21 33
32 26 21 16 25 27 21 19 22 24 12 0 12 24
22 16 10 16 20 26 23 25 29 32 21 12 0 14
10 4 8 24 23 31 31 36 40 42 33 24 14 0
