12
10
136 50 263 266 137 119 34 145 40 1
140 289 20 280 53 151 101 3 33 93
79 82 138 271 166 20 278 275 55 248
7 83 86 118 169 267 76 43 126 42
22 183 185 9 29 42 197 126 104 80
154 286 56 241 226 187 43 69 261 80
179 7 275 271 97 101 128 227 299 250
247 108 73 134 41 2 181 125 146 66
276 90 190 168 5 97 171 160 199 57
281 209 247 73 81 165 248 222 124 28
7 109 125 157 93 81 204 126 297 202
120 210 130 149 249 257 39 171 290 118
0 11 15 37 44 50 41 41 33 27 26 25 22 6
11 0 6 27 35 44 38 41 35 26 23 20 16 9
15 6 0 24 31 40 35 39 35 24 21 17 12 12
37 27 24 0 18 36 39 50 50 38 32 27 24 34
44 35 31 18 0 21 28 43 46 34 28 25 24 40
50 44 40 36 21 0 16 31 39 30 27 26 30 45
41 38 35 39 28 16 0 17 24 17 16 19 24 37
41 41 39 50 43 31 17 0 13 16 21 26 30 37
33 35 35 50 46 39 24 13 0 14 20 25 28 30
27 26 24 38 34 30 17 16 14 0 8 12 16 23
26 23 21 32 28 27 16 21 20 8 0 7 11 22
25 20 17 27 25 26 19 26 25 12 7 0 6 21
22 16 12 24 24 30 24 30 28 16 11 6 0 18
6 9 12 34 40 45 37 37 30 23 22 21 18 0
